0	36	5.0394645
0	139	4.50814
0	68	4.1938453
0	148	4.0972743
0	157	4.0659375
0	66	3.9955485
0	71	3.8761895
0	151	3.8535705
0	47	3.776912
0	53	3.7230062
1	257	3.881104
1	117	3.4689953
1	908	3.4638147
1	181	3.458256
1	477	3.370696
1	1193	3.343897
1	314	3.1942105
1	915	3.1238515
1	75	3.0857327
1	773	3.0656116
2	66	6.590011
2	59	6.5200896
2	139	6.137929
2	175	6.1099
2	148	6.0924025
2	67	5.81441
2	68	5.6771903
2	47	5.6322756
2	157	5.55859
2	25	5.5532293
3	36	3.1949506
3	287	3.0907493
3	163	3.083586
3	175	3.0486982
3	123	2.9938266
3	334	2.9744847
3	286	2.941324
3	256	2.8718812
3	94	2.83704
3	47	2.8173635
4	53	8.185684
4	66	7.6917005
4	148	7.6032934
4	36	7.2869425
4	139	7.235118
4	157	6.986783
4	151	6.852129
4	59	6.649938
4	103	6.351389
4	25	6.329412
5	74	4.087113
5	257	3.435933
5	314	3.3667371
5	252	3.2619967
5	119	3.1042385
5	36	2.9679682
5	10	2.9157102
5	121	2.8815324
5	117	2.8783698
5	14	2.8398657
6	314	3.6644783
6	198	3.608138
6	226	3.1578119
6	727	2.9258728
6	482	2.6260977
6	82	2.6100388
6	518	2.5897894
6	989	2.5655339
6	322	2.4634132
6	345	2.3892558
7	36	6.227824
7	175	5.485031
7	123	5.2662263
7	59	5.2127876
7	58	5.1186323
7	139	4.9829035
7	163	4.565325
7	164	4.4600487
7	148	4.423829
7	25	4.413051
8	769	4.1040893
8	118	3.9052238
8	408	3.5485277
8	15	3.4890687
8	1193	3.2548563
8	129	3.1550188
8	59	3.080901
8	21	3.001762
8	269	2.9213474
8	774	2.9042833
9	53	7.491168
9	148	6.705772
9	36	6.701988
9	66	6.66121
9	59	6.3655877
9	68	6.310746
9	25	6.054707
9	67	6.0428047
9	151	5.9546723
9	139	5.8473253
10	257	4.8122773
10	121	4.670935
10	1193	4.260207
10	75	4.256422
10	67	4.0875525
10	216	4.016834
10	36	3.9166396
10	164	3.9048553
10	811	3.824632
10	61	3.7883294
11	36	6.9017587
11	53	5.90027
11	175	5.850672
11	139	5.806588
11	47	5.797955
11	59	5.7120147
11	148	5.5348897
11	66	5.5301046
11	67	5.4266653
11	68	5.3283167
12	66	4.5766664
12	59	4.4209867
12	36	4.2479954
12	68	4.193652
12	139	4.1708827
12	273	4.0554075
12	286	3.95796
12	53	3.8116193
12	67	3.7742121
12	48	3.7416983
13	36	7.52187
13	175	6.3948784
13	59	5.953844
13	25	5.7290115
13	164	5.6054473
13	68	5.5999517
13	148	5.570413
13	67	5.5688663
13	66	5.4233446
13	226	5.138646
14	58	5.994006
14	123	5.616608
14	36	5.57312
14	345	5.1512933
14	226	4.851987
14	1023	4.78663
14	168	4.643869
14	149	4.5152154
14	286	4.452947
14	163	4.354453
15	58	5.6000443
15	175	5.1040206
15	47	5.1027403
15	59	5.0567636
15	123	5.029981
15	67	4.8284926
15	53	4.815513
15	166	4.627612
15	74	4.6024237
15	345	4.5431705
16	53	5.410752
16	36	4.681263
16	47	4.635502
16	139	4.2697864
16	67	4.173291
16	59	4.1485476
16	25	4.1357503
16	164	3.9406526
16	195	3.7630756
16	331	3.7303183
17	908	3.6152399
17	909	3.4888096
17	1260	3.3336537
17	314	3.2868772
17	194	3.2209573
17	209	3.207189
17	1533	3.1411686
17	1193	3.0561147
17	406	2.9361308
17	257	2.907345
18	36	3.6718209
18	59	3.4612167
18	129	3.4346235
18	256	3.2485216
18	53	3.0002875
18	221	2.979068
18	66	2.947601
18	67	2.9129255
18	74	2.894634
18	784	2.8605447
19	139	6.997108
19	157	6.9301515
19	151	6.824541
19	36	6.620204
19	103	6.418541
19	48	6.2993536
19	25	6.1150064
19	381	6.0041103
19	175	5.8800163
19	67	5.8279853
20	1067	3.6588888
20	286	3.5180502
20	318	3.49058
20	429	3.288625
20	714	3.2375054
20	801	3.1496701
20	326	3.0717604
20	58	3.0588317
20	142	3.0035403
20	1110	2.996252
21	958	3.3750043
21	1474	3.3005521
21	1577	3.2709947
21	1178	3.187084
21	1177	3.1477904
21	1589	3.0822723
21	1481	2.9747803
21	1495	2.841519
21	1561	2.829517
21	1088	2.600302
22	246	2.4772391
22	53	2.2951202
22	18	2.2067852
22	609	2.0990417
22	139	2.0661566
22	144	2.0399296
22	105	1.9914894
22	784	1.9715163
22	383	1.8900484
22	226	1.8420981
23	53	5.8384852
23	67	5.7941422
23	36	5.7665677
23	74	5.742492
23	75	5.3611045
23	119	5.0660357
23	216	4.9045777
23	842	4.7119975
23	108	4.6079283
23	269	4.591681
24	36	6.982793
24	139	5.7930117
24	66	5.7662354
24	67	5.7599087
24	68	5.497435
24	25	5.20554
24	47	5.20316
24	157	5.1983337
24	175	5.087919
24	71	5.0872464
25	53	6.9711847
25	36	6.7595077
25	148	6.1416216
25	66	6.0554824
25	68	6.032246
25	175	5.9853473
25	59	5.759461
25	157	5.6554236
25	25	5.5952544
25	67	5.3635736
26	36	5.7766495
26	139	5.1728
26	53	5.1472774
26	67	4.8704104
26	175	4.8420734
26	47	4.774094
26	25	4.712897
26	164	4.6082754
26	68	4.529233
26	66	4.3281436
27	36	7.032688
27	226	6.3320575
27	175	6.2950444
27	334	5.9107323
27	142	5.7631545
27	379	5.6718044
27	139	5.662471
27	47	5.661276
27	166	5.537748
27	66	5.180123
28	36	5.8389077
28	175	5.7645383
28	139	5.591201
28	59	5.50715
28	47	5.501427
28	25	5.0638437
28	68	5.062948
28	148	5.0263
28	66	4.9660673
28	157	4.770338
29	226	4.6211877
29	164	3.99939
29	53	3.981521
29	36	3.875579
29	67	3.6367776
29	175	3.598536
29	123	3.5599947
29	345	3.5103872
29	149	3.429702
29	10	3.3642862
30	36	6.535531
30	66	5.077854
30	59	4.764395
30	53	4.6502314
30	148	4.4910617
30	68	4.487539
30	175	4.441846
30	47	4.40828
30	139	4.2602034
30	58	4.205159
31	408	5.0346274
31	209	4.573671
31	769	4.1046705
31	453	3.57379
31	452	3.4141703
31	15	3.4139647
31	104	3.3632536
31	118	3.318342
31	194	3.2528982
31	1533	3.2222896
32	36	6.507268
32	59	5.7418623
32	108	5.396504
32	53	5.298876
32	256	5.2720313
32	129	5.2201457
32	25	5.049158
32	47	4.9703336
32	164	4.961973
32	68	4.952522
33	36	6.2292356
33	68	5.438028
33	157	5.409386
33	151	5.3970037
33	53	5.3349237
33	139	5.3204136
33	59	5.2907653
33	175	5.059164
33	48	5.0585613
33	286	4.6298633
34	181	6.2658296
34	314	5.827637
34	909	5.7278275
34	209	5.362709
34	359	5.2427416
34	400	5.1907463
34	292	5.1397285
34	482	5.124824
34	317	4.6053576
34	1260	4.295448
35	36	5.8954782
35	257	5.217356
35	74	5.1575375
35	269	5.061886
35	164	5.043448
35	67	4.938209
35	123	4.8669868
35	15	4.700217
35	59	4.697958
35	175	4.667605
36	129	4.3531475
36	53	4.2648625
36	200	3.7410994
36	119	3.7368999
36	164	3.722668
36	67	3.7212799
36	109	3.6497178
36	36	3.6063626
36	108	3.5461013
36	784	3.535008
37	433	3.2557788
37	430	3.202356
37	149	2.93297
37	17	2.8479905
37	1113	2.7405643
37	9	2.7376401
37	97	2.4863777
37	470	2.4739418
37	734	2.4689417
37	384	2.434176
38	36	6.588972
38	139	5.766886
38	58	5.519586
38	59	5.12376
38	66	4.9724274
38	148	4.9166684
38	68	4.8803024
38	25	4.6716523
38	48	4.642384
38	123	4.5584373
39	799	6.7262816
39	440	6.70753
39	447	6.351676
39	31	5.887611
39	767	5.5528703
39	579	5.191769
39	438	4.8102694
39	34	4.7747765
39	443	4.391677
39	792	3.4661086
40	123	5.9590673
40	166	5.006496
40	345	4.8450003
40	36	4.6568813
40	379	4.596271
40	163	4.5466805
40	94	4.4764905
40	326	4.367565
40	334	4.3668776
40	149	4.2290506
41	408	6.040633
41	452	5.1694856
41	769	5.1617723
41	1188	4.9436173
41	98	4.8202543
41	59	4.6401305
41	209	4.556777
41	256	4.5567636
41	15	4.4657235
41	1135	4.2669373
42	662	6.1777663
42	457	4.9264503
42	66	4.8684998
42	148	4.3200936
42	455	4.275818
42	151	3.8001115
42	157	3.62033
42	103	3.6073632
42	48	3.5174146
42	53	3.3689682
43	219	5.774944
43	346	4.604647
43	36	4.2841344
43	822	4.2705693
43	201	3.986473
43	286	3.9262235
43	290	3.9233186
43	94	3.5968637
43	596	3.5534248
43	994	3.5481675
44	36	7.042756
44	175	6.227277
44	53	5.850926
44	139	5.630959
44	47	5.562763
44	59	5.4018517
44	164	5.3964777
44	67	5.393248
44	123	5.284844
44	10	5.2160487
45	36	5.723426
45	123	4.9600134
45	58	4.8905997
45	345	4.541184
45	175	4.386002
45	286	4.3345222
45	139	4.327234
45	379	4.2956195
45	66	4.2256436
45	59	4.1742363
46	58	6.5689716
46	175	5.871672
46	123	5.7216034
46	47	5.6166277
46	345	5.554404
46	226	5.3596525
46	67	5.2549567
46	139	5.216269
46	53	5.1795754
46	314	5.152823
47	139	3.6437464
47	71	2.8532913
47	175	2.7325032
47	103	2.7126517
47	373	2.487574
47	29	2.4164157
47	31	2.3993535
47	72	2.3825912
47	67	2.284847
47	719	2.2792134
48	36	7.004837
48	53	5.464317
48	47	5.2860255
48	139	5.201754
48	108	5.0089436
48	74	4.982321
48	175	4.955584
48	25	4.9097247
48	66	4.792024
48	164	4.75678
49	36	6.8679476
49	59	6.396808
49	175	5.9676404
49	53	5.8604574
49	58	5.618181
49	47	5.580234
49	148	5.203562
49	66	5.1784806
49	68	5.163853
49	67	5.1602297
50	58	4.3284435
50	163	3.7279453
50	166	3.372891
50	286	3.298079
50	345	3.2929077
50	226	3.2593992
50	326	3.10619
50	803	3.0950696
50	379	3.080531
50	384	3.0737255
51	36	7.6994905
51	58	6.016792
51	59	5.990949
51	175	5.8020864
51	67	5.8018723
51	47	5.71482
51	53	5.6023054
51	163	5.507292
51	139	5.4761233
51	164	5.278186
52	256	3.7978976
52	68	3.6466186
52	66	3.6234612
52	62	3.5202718
52	175	3.323687
52	148	3.3045847
52	47	3.2094617
52	139	3.1556077
52	151	3.143038
52	33	3.1417656
53	314	3.2562613
53	139	3.0711968
53	909	3.059566
53	345	3.0525045
53	201	3.042745
53	763	3.0160565
53	36	2.9643586
53	343	2.9626305
53	111	2.8274407
53	67	2.7841375
54	74	3.6592402
54	981	2.8431308
54	20	2.7617424
54	133	2.6822257
54	1347	2.637482
54	121	2.5992541
54	1130	2.5052774
54	329	2.3678195
54	1003	2.3646808
54	419	2.3601165
55	58	6.426484
55	226	4.9771104
55	318	4.774279
55	123	4.7594833
55	36	4.6352654
55	334	4.3914933
55	175	4.3839664
55	59	4.3622246
55	283	4.3533506
55	94	4.1363573
56	36	6.177854
56	47	5.09823
56	53	5.006514
56	175	4.958657
56	67	4.933318
56	139	4.8924274
56	59	4.832689
56	58	4.8186913
56	10	4.621447
56	43	4.512381
57	823	2.3715522
57	79	2.1116927
57	831	2.0900674
57	652	2.0189219
57	83	2.0099819
57	12	2.0009465
57	127	1.9616271
57	226	1.9269896
57	84	1.9138224
57	36	1.8632169
58	66	6.964156
58	157	6.3384585
58	151	6.2622166
58	36	5.9164786
58	103	5.8143067
58	71	5.6037703
58	381	5.264984
58	25	5.259019
58	59	5.220125
58	47	5.083549
59	36	6.43412
59	139	5.788261
59	66	5.411479
59	68	5.3519845
59	148	5.3122544
59	47	5.109385
59	59	5.048023
59	175	4.952583
59	25	4.93294
59	71	4.9011264
60	568	4.371606
60	433	3.369063
60	836	3.278553
60	114	2.790382
60	1343	2.4907331
60	177	2.4817438
60	261	2.4796975
60	484	2.4789236
60	600	2.2964091
60	714	2.2475126
61	10	2.5842688
61	379	2.4414952
61	473	2.3829486
61	414	2.3481398
61	741	2.2583432
61	112	2.1967509
61	168	2.1906872
61	177	2.1887069
61	149	2.1586838
61	323	2.138159
62	119	4.910632
62	1193	4.5926046
62	2	4.169764
62	17	4.011732
62	137	3.9889197
62	10	3.9871075
62	15	3.9376223
62	216	3.848124
62	118	3.7536457
62	164	3.7412617
63	36	3.7527218
63	66	3.568515
63	129	3.5194988
63	225	3.4165227
63	148	3.303248
63	895	3.2979624
63	474	3.2294476
63	59	3.208974
63	58	3.0908287
63	103	3.0434506
64	36	3.7564604
64	53	3.5861852
64	12	3.4829814
64	257	3.324379
64	75	3.319959
64	314	3.3117075
64	432	3.2774763
64	74	3.2534266
64	648	3.230816
64	67	3.1894495
65	53	6.004038
65	36	5.8867817
65	157	5.691661
65	68	5.512023
65	151	5.458727
65	139	5.254341
65	103	4.978543
65	59	4.876015
65	71	4.837286
65	67	4.728482
66	1533	2.4368026
66	1288	2.1343415
66	172	2.125791
66	1502	2.0742457
66	52	2.0249667
66	238	1.9727035
66	322	1.9339153
66	914	1.9030883
66	1234	1.8353446
66	1135	1.8309904
67	15	4.275619
67	257	4.2140965
67	2	4.053479
67	118	3.950377
67	21	3.9097447
67	129	3.7167773
67	36	3.6982832
67	769	3.473827
67	269	3.4225523
67	43	3.3353322
68	66	5.623819
68	148	5.251303
68	769	5.0827584
68	408	4.7448373
68	118	4.5763297
68	15	4.4966707
68	453	4.460906
68	108	4.2361546
68	98	4.175971
68	70	4.15438
69	345	4.017826
69	123	3.835456
69	36	3.7941148
69	58	3.6975021
69	286	3.3234725
69	162	2.9554703
69	166	2.858513
69	344	2.854172
69	283	2.7874756
69	43	2.6815302
70	36	6.2122045
70	66	5.749657
70	139	5.600693
70	53	5.5634923
70	68	5.440663
70	148	5.414333
70	175	5.3172927
70	59	5.2615237
70	157	5.1357293
70	48	4.907727
71	53	7.259209
71	148	7.255869
71	36	6.7819233
71	157	6.646087
71	151	6.6037207
71	139	6.4752584
71	48	6.0245686
71	59	6.0196877
71	103	6.0017166
71	25	5.7141404
72	53	7.896195
72	66	7.523055
72	68	6.9983253
72	139	6.968727
72	157	6.8144817
72	59	6.49847
72	103	6.119287
72	48	5.9765105
72	175	5.906867
72	381	5.8703403
73	257	3.9201255
73	2	3.852403
73	119	3.8260717
73	117	3.6625497
73	964	3.6056547
73	121	3.5254278
73	432	3.4000902
73	908	3.3920734
73	74	3.2241187
73	8	3.2050927
74	71	7.753937
74	36	7.7124486
74	59	7.455122
74	381	7.436964
74	225	6.826101
74	273	6.6985455
74	67	6.591398
74	719	6.522476
74	105	6.357353
74	383	6.2300043
75	104	5.347925
75	453	5.209225
75	15	5.100281
75	452	5.035174
75	209	4.8428106
75	783	4.8303328
75	394	4.8112884
75	98	4.7377667
75	612	4.7238493
75	889	4.680095
76	226	2.9599214
76	345	2.8165634
76	201	2.358655
76	83	2.3090441
76	95	2.289123
76	89	2.2644656
76	84	2.2312741
76	989	2.228158
76	73	2.2219007
76	58	2.1786304
77	58	5.133638
77	36	4.4236193
77	286	4.2350435
77	94	4.0650935
77	345	3.9352329
77	334	3.847471
77	175	3.7930284
77	59	3.7188544
77	378	3.6873062
77	226	3.6838574
78	36	4.422249
78	59	4.3098693
78	53	3.8552694
78	175	3.7577674
78	139	3.716211
78	71	3.6137495
78	47	3.4881833
78	719	3.4465017
78	66	3.3845925
78	67	3.336725
79	139	3.5513418
79	625	3.543975
79	47	3.2069156
79	148	3.1344934
79	105	3.123377
79	68	3.109535
79	224	2.993624
79	157	2.981304
79	381	2.9748666
79	175	2.8451462
80	56	5.227571
80	775	3.7532976
80	1357	3.741561
80	398	3.6480062
80	699	3.6376371
80	422	3.3968508
80	394	3.3510685
80	452	3.3143854
80	612	3.2819045
80	453	3.2486317
81	36	6.4844065
81	74	5.936872
81	53	5.4000716
81	414	5.3111563
81	164	5.075351
81	67	4.8855276
81	47	4.8682976
81	10	4.685768
81	59	4.6345763
81	25	4.6013207
82	74	5.323232
82	257	5.318587
82	2	4.5321584
82	36	4.4973598
82	12	4.4359703
82	119	4.279326
82	269	4.1637588
82	10	4.012912
82	149	3.8444896
82	137	3.8289163
83	139	4.9177423
83	68	4.7527237
83	148	4.742208
83	66	4.7099533
83	157	4.57772
83	48	4.562972
83	53	4.5510044
83	151	4.4576793
83	36	4.3690104
83	103	3.9982467
84	129	5.6277637
84	66	5.505581
84	53	5.4870296
84	67	5.2187147
84	175	5.18231
84	148	5.170278
84	74	5.1354628
84	25	5.0711985
84	164	5.0671215
84	68	4.860713
85	256	4.5059853
85	59	4.432515
85	66	4.392193
85	555	4.361993
85	216	4.344824
85	15	4.163366
85	148	4.10498
85	200	4.0915227
85	61	4.050851
85	36	4.0333905
86	53	8.851496
86	148	8.12714
86	36	8.032265
86	71	6.917796
86	175	6.8064976
86	47	6.610725
86	44	6.002871
86	225	5.945227
86	64	5.8642354
86	383	5.7814045
87	36	6.6236525
87	58	5.6336036
87	175	5.5551443
87	53	5.390394
87	139	5.140782
87	59	5.0931907
87	163	5.0737567
87	166	5.0192275
87	67	4.8739176
87	66	4.8053393
88	68	8.514579
88	71	7.7808785
88	103	7.587459
88	381	7.3468184
88	70	6.51215
88	144	6.331017
88	109	6.0100265
88	428	5.893865
88	256	5.593446
88	216	5.528582
89	194	4.6459274
89	12	4.530248
89	314	4.3140836
89	257	4.2976675
89	74	4.164467
89	164	4.1562195
89	22	4.1286077
89	10	4.066122
89	36	4.045385
89	432	3.992836
90	346	5.20452
90	822	4.878434
90	994	3.9847898
90	596	3.978368
90	59	3.8882253
90	286	3.8495436
90	201	3.7227418
90	269	3.5588624
90	47	3.5310283
90	256	3.5299635
91	482	5.2692165
91	909	5.1138806
91	317	4.6613383
91	194	4.383601
91	406	4.210993
91	292	3.9173214
91	359	3.7892108
91	257	3.6839526
91	908	3.6346638
91	400	3.5540352
92	36	5.958593
92	58	5.773992
92	286	4.9952474
92	163	4.994425
92	59	4.9041243
92	67	4.6795344
92	149	4.641939
92	53	4.5933385
92	139	4.571327
92	47	4.4714255
93	36	6.051099
93	129	5.02314
93	59	4.9359317
93	53	4.9321556
93	269	4.7295957
93	15	4.7180734
93	164	4.6761475
93	216	4.4776692
93	118	4.426573
93	67	4.404606
94	36	4.91303
94	53	4.8822985
94	47	4.6637416
94	67	4.439561
94	139	4.105331
94	175	4.05591
94	164	3.956799
94	74	3.9440775
94	10	3.927292
94	25	3.9106622
95	314	7.154624
95	181	6.4960513
95	482	5.5190163
95	909	5.4963994
95	408	5.361011
95	406	5.0900073
95	317	4.961728
95	209	4.7130475
95	15	4.339695
95	257	4.297503
96	909	7.0158734
96	406	6.3067255
96	482	5.4691744
96	1260	5.400059
96	359	4.8117356
96	400	4.6614513
96	292	4.416335
96	317	4.3758726
96	314	4.1085243
96	343	3.9822314
97	59	6.019428
97	53	5.187412
97	175	5.072553
97	47	5.060348
97	256	5.0533056
97	67	4.849772
97	108	4.817234
97	68	4.7420545
97	25	4.683667
97	129	4.6659884
98	59	6.0432534
98	53	5.8899913
98	74	5.7074676
98	175	5.5379195
98	25	5.4703727
98	71	5.296842
98	47	5.202852
98	139	5.142865
98	256	5.054175
98	66	5.005333
99	175	4.5283136
99	53	4.4194865
99	445	4.2290754
99	441	4.091466
99	59	3.7770867
99	440	3.7244906
99	256	3.4707117
99	139	3.4437642
99	799	3.4392428
99	47	3.4316938
100	53	4.122514
100	432	4.021269
100	121	3.8238347
100	908	3.8084738
100	12	3.7652037
100	164	3.6427739
100	257	3.5670667
100	177	3.556162
100	75	3.5241451
100	74	3.5120735
101	36	4.079179
101	226	3.8277993
101	175	3.8030164
101	59	3.788633
101	47	3.411661
101	331	3.1540773
101	286	3.1488757
101	163	3.1133986
101	334	3.0930777
101	344	3.0551095
102	48	2.7689154
102	42	2.5352414
102	230	2.5167806
102	103	2.5136244
102	68	2.4307854
102	44	2.428205
102	381	2.4261289
102	139	2.4089456
102	66	2.3496244
102	224	2.3406105
103	66	7.5086017
103	68	7.105574
103	157	6.8339257
103	139	6.7794394
103	151	6.7222166
103	36	6.5853844
103	103	6.413682
103	71	6.2886734
103	59	6.1173654
103	25	5.946383
104	36	6.462157
104	53	5.838791
104	175	5.5404
104	59	5.444128
104	139	5.3995523
104	67	5.2877164
104	25	5.061024
104	164	5.0600786
104	148	4.957794
104	163	4.8019915
105	36	6.582108
105	68	6.5065713
105	157	6.260724
105	59	5.7220483
105	71	5.6944103
105	103	5.605043
105	48	5.5607514
105	175	5.5482697
105	47	5.436359
105	67	5.413549
106	53	7.524388
106	36	7.3148937
106	66	6.742419
106	148	6.5222144
106	71	6.4928255
106	139	6.4411044
106	68	6.422472
106	67	6.130109
106	157	5.9933457
106	151	5.845748
107	36	6.1606092
107	53	5.348158
107	68	5.191989
107	139	5.0910096
107	25	4.957675
107	59	4.91292
107	157	4.888112
107	47	4.730987
107	175	4.714752
107	151	4.6927514
108	74	5.4506607
108	53	5.2462516
108	67	4.927892
108	257	4.7517943
108	36	4.7506833
108	216	4.628466
108	164	4.5934014
108	12	4.4937963
108	842	4.277534
108	129	4.213458
109	783	8.131455
109	394	7.433061
109	398	7.3372345
109	452	7.2115326
109	134	7.0747247
109	453	7.0418286
109	1188	6.995607
109	865	6.8559947
109	1135	6.4446716
109	408	6.3267
110	74	4.000327
110	53	3.8590057
110	314	3.6739511
110	18	3.657208
110	164	3.5609064
110	67	3.5481431
110	181	3.4641228
110	842	3.3565314
110	36	3.3246934
110	259	3.2288547
111	1276	3.3944724
111	286	3.3233387
111	288	2.728925
111	132	2.670514
111	123	2.6043932
111	1002	2.5813477
111	36	2.5440574
111	1023	2.420386
111	326	2.277658
111	58	2.2656791
112	74	6.372977
112	53	6.035545
112	36	5.8573146
112	67	5.6456437
112	129	5.3979783
112	221	5.3658795
112	164	5.255366
112	108	4.9775276
112	59	4.957391
112	204	4.907141
113	36	5.210257
113	59	4.465689
113	74	4.1704693
113	162	4.127384
113	331	4.102976
113	164	4.0737634
113	53	4.0642796
113	58	3.8997302
113	139	3.8874505
113	25	3.8602426
114	36	7.410938
114	53	7.0260177
114	59	6.9661293
114	66	6.709577
114	148	6.400565
114	68	6.2606425
114	139	6.2015553
114	67	6.1677656
114	175	5.974159
114	47	5.8720603
115	68	6.320983
115	139	6.2757134
115	157	6.216721
115	151	6.113072
115	175	5.877968
115	59	5.771281
115	103	5.5434914
115	25	5.5040517
115	67	5.388841
115	47	5.3705926
116	53	6.4789596
116	36	6.4467187
116	59	6.172089
116	139	6.026788
116	68	5.9644766
116	67	5.693387
116	157	5.6723804
116	175	5.5297766
116	25	5.509362
116	151	5.3965793
117	432	2.4729314
117	53	2.2550943
117	362	2.1480951
117	915	2.0593317
117	47	2.0243235
117	483	1.9877169
117	8	1.968361
117	18	1.929882
117	177	1.8616445
117	471	1.8526567
118	53	5.264
118	148	5.2133737
118	71	5.1698494
118	68	5.0213027
118	151	5.0138326
118	66	4.9389772
118	139	4.9180474
118	157	4.845172
118	48	4.738663
118	381	4.7327914
119	1508	3.4375947
119	1495	3.352698
119	763	3.3290572
119	233	3.069165
119	1197	2.9963267
119	1178	2.8726768
119	1561	2.7814398
119	1577	2.7548864
119	426	2.7180886
119	1292	2.669308
120	1487	2.9138904
120	1145	2.4760208
120	732	2.2999692
120	1304	2.2051895
120	1080	2.1921682
120	727	2.1752467
120	1260	2.0681863
120	1178	2.0615861
120	339	1.9733391
120	81	1.9199854
121	1193	4.110966
121	125	3.4491727
121	908	3.3451095
121	15	3.1176107
121	915	2.9925382
121	20	2.968989
121	181	2.8212447
121	118	2.7064075
121	909	2.6698508
121	124	2.6436799
122	36	5.140035
122	53	4.773696
122	47	4.7035666
122	74	4.460787
122	175	4.3353143
122	67	4.308676
122	10	4.243902
122	25	4.0128894
122	259	3.9424903
122	331	3.9028227
123	53	4.8443937
123	59	4.5305386
123	36	3.7595356
123	216	3.6615202
123	25	3.5931618
123	164	3.5793397
123	64	3.4319732
123	18	3.3955638
123	842	3.3838563
123	719	3.2564435
124	36	4.865365
124	58	4.3027864
124	66	4.1725903
124	47	3.9528418
124	148	3.835069
124	59	3.8328507
124	175	3.8066156
124	139	3.6267548
124	53	3.6188447
124	286	3.6124315
125	36	6.6960826
125	47	5.915034
125	53	5.8802347
125	59	5.847184
125	139	5.7617693
125	175	5.653482
125	148	5.3672447
125	66	5.3112106
125	68	5.22578
125	25	5.202728
126	466	2.743527
126	460	2.394068
126	456	2.3338017
126	662	2.281305
126	459	2.2567496
126	694	2.0364678
126	66	1.9819134
126	461	1.9719197
126	103	1.9504493
126	455	1.8302904
127	36	6.3426027
127	74	5.4800344
127	53	5.1908293
127	67	5.116137
127	1023	4.8713393
127	66	4.770221
127	164	4.734556
127	108	4.662637
127	25	4.6427126
127	47	4.623662
128	326	2.9353962
128	194	2.9028625
128	123	2.8938193
128	286	2.8079052
128	379	2.6729493
128	283	2.5040827
128	908	2.503261
128	226	2.4923673
128	1565	2.453544
128	803	2.3862147
129	36	6.343062
129	139	6.2775297
129	157	5.899634
129	47	5.4720173
129	25	5.444587
129	71	5.2594504
129	42	5.237833
129	72	5.2007957
129	256	5.129334
129	225	5.107509
130	1281	2.8287294
130	570	2.722918
130	1260	2.5966187
130	406	2.5456502
130	615	2.5150068
130	433	2.5110621
130	258	2.4702642
130	833	2.404976
130	835	2.4041023
130	909	2.3216283
131	964	2.629548
131	116	2.4099202
131	477	2.3202953
131	911	2.1542785
131	958	2.031771
131	1286	2.0270517
131	19	2.0047526
131	1524	1.9810029
131	8	1.8115188
131	945	1.7994086
132	257	5.3350477
132	15	4.9387584
132	74	4.366854
132	118	4.184916
132	408	4.078582
132	129	4.07012
132	21	4.051678
132	1193	3.9859223
132	108	3.8853362
132	67	3.7367454
133	155	3.927551
133	58	3.7597806
133	334	3.6616156
133	377	3.2071562
133	143	3.1227846
133	286	3.0454879
133	326	2.824553
133	1145	2.7959173
133	1194	2.750829
133	145	2.6798868
134	36	6.80468
134	59	5.353937
134	175	5.294069
134	53	5.1704006
134	139	5.147122
134	67	5.1140575
134	47	5.043916
134	164	5.0117435
134	66	4.759218
134	148	4.5698247
135	47	3.4630404
135	379	3.256354
135	226	3.208062
135	970	3.1618876
135	58	3.1375406
135	261	3.0744965
135	306	3.056022
135	902	2.9134967
135	378	2.9047525
135	53	2.7900646
136	53	7.017065
136	139	6.427714
136	36	6.290956
136	59	6.001572
136	68	5.9074955
136	66	5.887428
136	175	5.804189
136	25	5.7517195
136	47	5.655838
136	148	5.602579
137	36	6.164315
137	74	5.975907
137	67	5.3868537
137	257	4.956216
137	10	4.805135
137	175	4.8045845
137	58	4.763515
137	378	4.76056
137	47	4.7300935
137	53	4.7025094
138	365	6.1180215
138	822	4.8121753
138	856	3.6117346
138	1201	3.4498558
138	201	3.412009
138	995	3.3202906
138	996	3.318448
138	269	3.1058018
138	290	2.801864
138	752	2.73961
139	74	4.5639396
139	769	3.659952
139	15	3.6323578
139	408	3.6210341
139	54	3.5717816
139	36	3.316829
139	88	3.213941
139	118	3.211081
139	67	3.1719737
139	98	3.1625013
140	36	6.450609
140	123	5.519291
140	58	5.4673667
140	163	5.354893
140	175	5.228356
140	47	5.195804
140	74	5.02442
140	166	4.922625
140	162	4.894763
140	59	4.8892684
141	719	2.9131007
141	71	2.8182776
141	784	2.4077802
141	53	2.3510046
141	381	2.3137593
141	105	2.2441509
141	139	2.2168148
141	225	2.0978272
141	680	2.0783505
141	491	2.0719228
142	148	7.3757715
142	53	7.2432203
142	36	7.0896907
142	68	6.824561
142	59	6.7170753
142	157	6.639852
142	151	6.5799236
142	139	6.4623895
142	103	6.128994
142	25	6.045236
143	36	6.083093
143	74	5.3991213
143	123	4.5473104
143	10	4.475545
143	163	4.418673
143	108	4.275467
143	259	4.139179
143	175	4.028595
143	59	4.0275016
143	67	4.0172086
144	36	5.30904
144	53	5.000265
144	68	4.875565
144	59	4.6238728
144	139	4.5978575
144	151	4.299442
144	175	4.276979
144	157	4.2586107
144	47	4.2284007
144	225	4.182727
145	71	4.77027
145	68	4.32074
145	148	4.2731247
145	66	4.2433724
145	67	4.1750684
145	25	4.174346
145	59	4.110379
145	157	4.030374
145	269	4.0138907
145	72	4.0040665
146	406	3.152402
146	1260	3.0125492
146	292	2.8147697
146	913	2.7263298
146	317	2.5745857
146	482	2.567938
146	181	2.5056837
146	194	2.4513521
146	343	2.2299068
146	909	2.2247808
147	36	6.4236565
147	59	5.9365883
147	74	5.549158
147	123	5.3284497
147	67	5.2636843
147	53	5.133281
147	256	5.013384
147	175	4.986983
147	164	4.8883724
147	47	4.763789
148	66	7.544867
148	53	7.386334
148	157	6.9824386
148	48	6.0498395
148	36	6.013301
148	381	5.8275156
148	225	5.4507384
148	0	5.261303
148	59	5.2496424
148	70	5.2351055
149	36	5.7252693
149	59	5.0795856
149	256	4.9708033
149	66	4.8572397
149	408	4.7015276
149	74	4.510511
149	148	4.3192744
149	769	4.27653
149	58	4.2027225
149	67	4.1889477
150	36	6.721673
150	59	5.902368
150	148	5.2919044
150	256	5.0988607
150	68	5.088583
150	365	5.006693
150	47	4.933601
150	25	4.8940396
150	139	4.8178544
150	286	4.5448155
151	257	5.479389
151	12	4.610844
151	74	4.55395
151	75	4.464913
151	908	3.977789
151	216	3.9525614
151	1193	3.9191675
151	164	3.9046504
151	778	3.8863778
151	61	3.8220816
152	226	3.179728
152	36	2.9356377
152	269	2.741427
152	769	2.6425283
152	110	2.630267
152	62	2.459996
152	43	2.408266
152	408	2.406933
152	24	2.3435438
152	98	2.3011594
153	286	4.9789467
153	326	4.163984
153	318	3.8751972
153	142	3.8270044
153	226	3.6874728
153	277	3.5651023
153	625	3.4814806
153	283	3.4206867
153	88	3.4038944
153	139	3.4034245
154	36	6.651298
154	53	6.433742
154	59	6.2842617
154	67	5.909166
154	47	5.732963
154	175	5.731464
154	68	5.703789
154	148	5.573929
154	256	5.566184
154	25	5.54602
155	36	6.4860334
155	74	5.5634875
155	164	5.372227
155	47	5.2816095
155	123	5.257012
155	10	5.182751
155	175	5.092473
155	58	5.028237
155	162	4.9345164
155	67	4.82218
156	175	3.6680212
156	53	3.5083413
156	10	3.3900337
156	344	3.377655
156	36	3.3015423
156	345	3.1467617
156	163	3.117489
156	162	3.0744228
156	164	3.0485532
156	123	3.0147471
157	123	3.9510212
157	58	3.5487504
157	36	3.2958605
157	175	3.182659
157	470	3.1331615
157	166	2.95416
157	163	2.7484272
157	989	2.7211246
157	379	2.6943614
157	286	2.6923616
158	53	4.6598663
158	157	4.470642
158	68	4.361119
158	151	4.3514595
158	36	4.270273
158	103	4.2496653
158	67	3.8712716
158	139	3.855876
158	48	3.576067
158	71	3.5036037
159	8	2.4457707
159	18	2.4117885
159	432	2.3162723
159	2	2.243831
159	117	2.1560054
159	177	2.038292
159	17	2.0295908
159	773	2.0143938
159	904	1.9479604
159	329	1.94204
160	148	8.060019
160	48	6.865469
160	103	6.8535237
160	71	6.8319206
160	47	6.6443086
160	381	6.4727216
160	0	6.2563815
160	72	6.2551465
160	67	6.116229
160	42	6.0824704
161	36	6.1028824
161	59	5.560155
161	66	5.5060315
161	53	5.3291492
161	148	5.2501845
161	139	4.962563
161	151	4.794058
161	67	4.7869735
161	74	4.7864966
161	157	4.74504
162	36	6.621029
162	175	5.558746
162	53	5.5145383
162	139	5.187421
162	47	5.1419935
162	67	5.07958
162	74	4.943296
162	66	4.885036
162	164	4.851095
162	163	4.8388543
163	408	6.115394
163	181	5.0015755
163	194	4.9341273
163	292	4.6072817
163	909	4.4148846
163	257	4.2630067
163	482	4.2602835
163	769	4.2398896
163	317	3.9784677
163	15	3.9393144
164	314	6.2802796
164	181	5.7458005
164	194	5.5773163
164	292	5.180884
164	317	4.8841534
164	359	4.8699636
164	298	4.6358175
164	123	4.316025
164	406	4.240291
164	343	4.2105
165	36	7.3309374
165	53	5.9741063
165	59	5.875127
165	175	5.7277303
165	67	5.595429
165	164	5.592459
165	74	5.4544716
165	66	5.376421
165	139	5.362543
165	25	5.216989
166	36	6.3260202
166	53	6.297814
166	59	5.7006545
166	151	5.54594
166	157	5.4857016
166	139	5.458832
166	48	5.2519712
166	25	5.140744
166	67	5.102252
166	103	5.0110874
167	53	8.137014
167	66	7.230236
167	68	7.0193567
167	139	6.7215147
167	59	6.6623483
167	71	6.607175
167	157	6.4505906
167	25	6.442787
167	151	6.271052
167	175	6.1152225
168	36	5.9087567
168	53	5.897997
168	175	5.466722
168	123	5.378678
168	47	5.08215
168	58	4.9563155
168	67	4.904516
168	148	4.828737
168	66	4.791842
168	59	4.757318
169	157	6.775929
169	151	6.688343
169	71	5.6425934
169	381	5.3344693
169	225	5.0739336
169	42	5.0488796
169	25	5.0078897
169	44	4.924078
169	70	4.8932858
169	0	4.8141665
170	36	7.810344
170	59	7.213778
170	53	7.108419
170	66	7.097843
170	139	6.9984097
170	148	6.9165897
170	68	6.8112807
170	157	6.3748326
170	67	6.291917
170	151	6.289989
171	36	5.82093
171	58	5.2928486
171	175	4.7926235
171	59	4.7733803
171	286	4.7386966
171	139	4.6351275
171	47	4.50575
171	53	4.362896
171	345	4.2137756
171	148	4.193299
172	111	2.733046
172	9	2.3499753
172	379	2.2152781
172	314	2.1341734
172	298	2.1171932
172	345	2.115906
172	123	2.065674
172	343	2.031049
172	741	1.9872307
172	473	1.9692451
173	36	5.8223367
173	59	5.7837586
173	68	5.0627
173	66	4.990397
173	47	4.982264
173	25	4.929151
173	148	4.8280873
173	256	4.719997
173	175	4.653359
173	71	4.543023
174	10	5.0368185
174	36	4.8770723
174	58	4.872883
174	344	4.46174
174	175	4.3425226
174	345	4.306349
174	164	4.3007226
174	67	4.292205
174	74	4.1237917
174	194	4.0918155
175	36	4.3865213
175	59	4.3584185
175	47	4.2597613
175	68	4.249709
175	53	4.0042276
175	66	3.9571743
175	148	3.952327
175	139	3.9027612
175	175	3.8583674
175	157	3.6783724
176	66	3.8601646
176	148	3.606856
176	67	3.5008492
176	129	3.405493
176	53	3.381785
176	68	3.264742
176	103	3.1466584
176	151	3.089942
176	157	3.032243
176	25	2.9986608
177	36	7.2065616
177	66	5.821319
177	53	5.6736836
177	67	5.5203924
177	74	5.516822
177	59	5.3648853
177	148	5.3464212
177	108	5.1728477
177	68	5.0892167
177	175	5.087949
178	36	6.5824904
178	59	6.005342
178	68	5.5218596
178	256	5.4770565
178	66	5.4415507
178	139	5.418318
178	53	5.402318
178	129	5.357616
178	148	5.2467175
178	25	5.2302723
179	408	4.912597
179	769	4.88275
179	104	4.860916
179	453	4.6951203
179	129	4.550163
179	452	4.315728
179	1188	4.186079
179	98	4.1411223
179	783	4.066324
179	118	4.0240984
180	53	9.198708
180	148	8.16529
180	139	7.9241705
180	68	7.898618
180	36	7.488997
180	71	7.3614902
180	151	7.3326106
180	59	6.8713527
180	48	6.775427
180	67	6.4677143
181	36	4.6977963
181	334	4.03405
181	59	3.9497824
181	318	3.9332323
181	283	3.8086092
181	226	3.760793
181	166	3.410388
181	243	3.3459308
181	379	3.3187075
181	53	3.1329086
182	286	3.8474994
182	143	3.410104
182	58	3.0832753
182	277	3.0512452
182	326	2.9694667
182	343	2.9074948
182	373	2.8838294
182	145	2.865615
182	632	2.69111
182	123	2.580969
183	74	4.786313
183	256	4.120912
183	67	4.0130944
183	36	3.8112116
183	164	3.793758
183	53	3.7769034
183	129	3.681274
183	200	3.6494823
183	257	3.6344357
183	216	3.588602
184	452	7.5780244
184	398	7.562073
184	408	7.3523107
184	209	7.152607
184	783	6.73451
184	775	6.6736703
184	865	6.5680804
184	769	6.415935
184	422	6.289501
184	134	6.2500796
185	53	3.1527486
185	36	2.9343615
185	314	2.6024153
185	139	2.5953557
185	164	2.5253432
185	181	2.4814498
185	105	2.4806247
185	148	2.4752824
185	175	2.4670854
185	71	2.4424741
186	53	8.754812
186	36	7.497191
186	148	7.2714744
186	66	7.244879
186	68	7.2076993
186	59	6.972661
186	157	6.7192063
186	25	6.628586
186	151	6.436811
186	381	6.4309855
187	1193	5.8738923
187	15	4.237736
187	118	3.8269117
187	21	3.7785163
187	125	3.6441605
187	104	3.4557712
187	121	3.1534927
187	394	3.0711071
187	137	3.0683396
187	119	3.0406163
188	36	6.33624
188	53	5.2328715
188	25	4.7815275
188	74	4.7706785
188	47	4.7639422
188	64	4.451362
188	10	4.3543696
188	345	4.343518
188	148	4.335369
188	842	4.3234596
189	226	3.700243
189	36	3.7000923
189	79	3.4552214
189	286	3.2789176
189	344	3.0865731
189	1023	3.02515
189	482	2.9913437
189	59	2.9796216
189	58	2.9749668
189	84	2.9332964
190	257	4.8832226
190	1193	4.808865
190	121	4.797811
190	75	3.968793
190	22	3.936878
190	125	3.6911166
190	119	3.6575422
190	21	3.6258185
190	20	3.608154
190	245	3.576274
191	36	3.1400688
191	139	3.0623167
191	59	3.0105968
191	175	3.0054686
191	47	2.771444
191	25	2.7312303
191	67	2.5874286
191	68	2.5638542
191	66	2.5617037
191	64	2.5362859
192	384	4.1324816
192	58	3.43467
192	377	3.1499622
192	1002	2.879867
192	1276	2.7822142
192	334	2.7548
192	166	2.753288
192	141	2.5989156
192	323	2.483176
192	1492	2.4798326
193	36	8.004056
193	139	6.217158
193	163	5.8273935
193	148	5.7835884
193	25	5.5546794
193	123	5.5306907
193	226	5.4051766
193	48	5.2529573
193	157	5.180269
193	326	5.0994225
194	36	3.8498583
194	123	3.3469682
194	163	3.1755114
194	58	2.9016075
194	168	2.8834634
194	47	2.861517
194	345	2.8379579
194	166	2.7026188
194	259	2.700775
194	10	2.662774
195	53	6.852447
195	36	6.0648317
195	59	5.950246
195	66	5.933538
195	148	5.8797894
195	68	5.7261095
195	139	5.6880097
195	71	5.5856276
195	25	5.502653
195	103	5.44627
196	67	2.8064475
196	74	2.788449
196	53	2.7380557
196	194	2.5895965
196	164	2.5464804
196	25	2.5334272
196	129	2.52309
196	257	2.5176647
196	15	2.4439309
196	314	2.4436471
197	269	4.033027
197	36	3.9721484
197	67	3.488068
197	108	3.4573264
197	119	3.4424424
197	257	3.4295032
197	59	3.386466
197	61	3.2513585
197	256	3.1816504
197	129	2.9936244
198	36	5.6356287
198	175	4.972477
198	226	4.8405385
198	59	4.7599864
198	47	4.609289
198	123	4.5922813
198	286	4.5697675
198	139	4.5222187
198	163	4.2700243
198	53	4.2106147
199	175	3.9415827
199	10	3.3812983
199	2	3.3471131
199	164	3.1978576
199	163	3.1237893
199	67	3.050379
199	36	2.9773438
199	139	2.887247
199	149	2.8742163
199	226	2.8393204
200	36	4.769577
200	74	4.0914426
200	10	3.947877
200	67	3.9235733
200	59	3.8107314
200	54	3.7971175
200	345	3.7364976
200	292	3.632592
200	164	3.5302923
200	226	3.4676003
201	53	6.9214435
201	36	6.343267
201	148	5.3902974
201	66	5.351425
201	175	5.336201
201	71	5.3181643
201	164	5.1436067
201	157	5.0239196
201	67	4.8616953
201	151	4.7854176
202	58	4.8877892
202	286	4.508123
202	226	4.12041
202	36	3.8052173
202	59	3.7673953
202	318	3.6002195
202	123	3.5765004
202	94	3.5430875
202	334	3.4098325
202	345	3.398766
203	257	5.7251606
203	129	5.0565314
203	769	4.991887
203	75	4.7436028
203	74	4.631773
203	61	4.561008
203	104	4.474948
203	119	4.4385986
203	408	4.3400755
203	216	4.0641713
204	149	2.7764325
204	74	2.7131503
204	23	2.654729
204	908	2.6003883
204	10	2.5968072
204	53	2.550716
204	119	2.458085
204	164	2.456209
204	379	2.396912
204	121	2.328099
205	257	3.7989328
205	74	3.6888628
205	61	3.40075
205	194	3.381092
205	118	3.2600737
205	67	3.1861315
205	1193	3.1095603
205	119	3.097279
205	53	3.0623581
205	269	3.0596974
206	58	4.434077
206	53	3.7634015
206	66	3.7591634
206	175	3.7517738
206	148	3.7447686
206	326	3.6603088
206	48	3.6471512
206	163	3.5855153
206	68	3.4053137
206	157	3.3666213
207	58	4.691041
207	345	4.185447
207	164	4.0675097
207	59	4.039572
207	123	4.0051575
207	47	3.918869
207	10	3.895418
207	226	3.8753715
207	67	3.8591619
207	290	3.7490325
208	181	7.9021053
208	909	7.335522
208	482	7.0581946
208	194	6.1502314
208	359	6.092898
208	292	6.059917
208	1260	5.995525
208	317	5.9114394
208	343	5.1471953
208	298	5.1064487
209	66	4.0676475
209	148	3.8822465
209	53	3.6848016
209	157	3.523443
209	103	3.3349352
209	151	3.315119
209	68	3.2902968
209	194	3.2742462
209	1358	3.1126869
209	343	2.9902606
210	36	7.1022134
210	139	5.260426
210	66	5.1658306
210	175	5.0937796
210	148	5.081082
210	59	5.0226593
210	68	4.9604416
210	163	4.908427
210	47	4.7894278
210	67	4.774149
211	148	4.5919847
211	139	4.3603344
211	71	4.297668
211	67	3.9676034
211	25	3.933506
211	381	3.910606
211	103	3.8096395
211	175	3.765949
211	48	3.7259636
211	47	3.725094
212	508	2.6584663
212	1487	2.2789788
212	763	2.2568812
212	24	1.870965
212	746	1.8130976
212	916	1.7606633
212	1587	1.6666687
212	1242	1.604326
212	1202	1.5947796
212	960	1.5728427
213	1502	2.6659207
213	852	2.6039803
213	634	2.4556034
213	1533	2.4150758
213	910	2.3021574
213	1291	2.2578132
213	1056	2.1984472
213	241	2.070393
213	1018	2.0380287
213	1032	1.9913989
214	74	4.9887614
214	257	4.5641613
214	53	4.417516
214	22	4.351634
214	12	4.305978
214	119	4.1735168
214	216	4.096655
214	67	3.942102
214	432	3.9095483
214	908	3.8621497
215	795	3.9263315
215	1397	3.861702
215	1560	3.6221044
215	1051	3.5985963
215	1396	3.5392241
215	505	3.3919969
215	1381	3.3069887
215	1502	3.239672
215	1547	3.2360263
215	1417	3.1800976
216	139	2.893442
216	477	2.8860037
216	68	2.7190197
216	175	2.5905104
216	66	2.5540798
216	47	2.5062602
216	157	2.4985785
216	740	2.4931295
216	148	2.4608502
216	103	2.4534597
217	18	4.8719926
217	53	4.742491
217	1082	4.623295
217	555	4.5394387
217	75	4.504031
217	121	4.4023466
217	432	4.3345118
217	216	4.0625095
217	74	4.051032
217	257	3.9261153
218	257	4.8656173
218	74	3.869632
218	75	3.7588806
218	119	3.6751328
218	13	3.5211751
218	344	3.47017
218	12	3.4565566
218	306	3.40272
218	904	3.3986218
218	198	3.362992
219	175	6.8323264
219	58	6.816454
219	53	6.6696362
219	47	6.5576024
219	59	6.3722396
219	139	6.3327656
219	123	6.2871804
219	164	6.197049
219	67	6.1286397
219	25	5.903348
220	36	6.7358937
220	175	5.7376313
220	345	5.6687245
220	66	5.453146
220	326	5.421932
220	226	5.3186235
220	148	5.27915
220	163	5.196113
220	463	5.0134473
220	166	4.9363847
221	58	5.7734246
221	166	4.8075867
221	36	4.6830654
221	226	4.424952
221	286	4.2040496
221	384	4.1193504
221	149	4.088938
221	175	3.8900146
221	163	3.7983913
221	437	3.7702122
222	53	5.434703
222	456	5.157407
222	68	5.1446576
222	151	5.1201696
222	157	5.113491
222	48	5.0076447
222	175	4.705207
222	457	4.6616845
222	139	4.571269
222	103	4.550475
223	36	4.8901734
223	66	4.41358
223	53	4.396833
223	148	4.307816
223	67	4.2784834
223	74	4.0899386
223	59	4.0738363
223	68	4.0514016
223	139	4.004911
223	157	3.8669865
224	79	2.708781
224	1276	2.6624994
224	1392	2.4349496
224	987	2.3379626
224	668	2.1004565
224	226	2.0573351
224	137	2.043164
224	1067	2.0238097
224	403	1.9173845
224	993	1.9078851
225	58	3.5369756
225	123	3.4587038
225	379	3.362902
225	344	3.0936618
225	345	3.0356896
225	149	2.8107228
225	166	2.780272
225	371	2.7648861
225	36	2.7381203
225	286	2.737151
226	198	3.3729887
226	98	3.2368984
226	1188	3.1350253
226	452	3.1263669
226	104	2.9029624
226	453	2.900181
226	408	2.756784
226	394	2.7308488
226	1135	2.7283497
226	612	2.6186576
227	58	5.1946106
227	123	4.4932942
227	298	4.301632
227	286	4.214444
227	36	4.200139
227	317	4.0625353
227	226	3.8758698
227	166	3.826868
227	482	3.8041115
227	283	3.7884138
228	36	5.5071936
228	66	5.3505907
228	53	4.99785
228	148	4.937188
228	68	4.77374
228	67	4.5712614
228	129	4.507781
228	151	4.4959006
228	157	4.48025
228	273	4.4585958
229	66	8.524697
229	148	8.481243
229	103	7.746355
229	36	7.378069
229	59	7.338944
229	48	7.094391
229	0	6.86322
229	67	6.733981
229	105	6.693275
229	42	6.6128426
230	326	3.4736814
230	66	3.2821615
230	36	3.2569895
230	142	3.129586
230	148	3.0909743
230	53	2.994753
230	123	2.968039
230	58	2.9581466
230	175	2.9063096
230	139	2.815863
231	47	4.707681
231	58	4.660156
231	175	4.3165827
231	36	4.2880864
231	286	4.27961
231	139	4.2560925
231	163	4.100035
231	123	3.7132926
231	59	3.6574876
231	48	3.6255674
232	53	5.937776
232	59	5.755297
232	67	5.686029
232	58	5.5362077
232	47	5.3747754
232	66	5.2917533
232	123	5.1997094
232	163	5.192799
232	25	5.184114
232	148	5.1561003
233	775	6.668222
233	452	6.5443106
233	104	6.5145874
233	783	6.5103726
233	1188	6.3286376
233	408	6.328469
233	612	5.979328
233	422	5.9210415
233	394	5.87029
233	398	5.72248
234	68	4.719424
234	36	4.621168
234	139	4.455138
234	53	4.2879844
234	103	4.131971
234	273	3.9182556
234	59	3.8449483
234	71	3.8075418
234	25	3.629326
234	67	3.5820484
235	148	6.5981145
235	68	6.033684
235	157	5.9953947
235	53	5.9679
235	139	5.6208525
235	59	5.4240565
235	48	5.331545
235	103	5.25987
235	71	4.9860516
235	25	4.9521713
236	175	6.536777
236	68	6.198054
236	59	6.1694794
236	58	6.0512476
236	151	5.800047
236	67	5.6552286
236	273	5.159624
236	345	5.0679383
236	123	5.0645695
236	226	5.0643363
237	36	5.6066403
237	74	4.745635
237	139	4.4618883
237	67	4.455637
237	216	4.4450765
237	25	4.42227
237	47	4.3914266
237	71	4.3697724
237	164	4.329907
237	842	4.169776
238	2	4.3927007
238	129	3.85531
238	216	3.7755768
238	71	3.7139788
238	105	3.6805372
238	118	3.6523182
238	74	3.5537884
238	172	3.5464454
238	381	3.482278
238	72	3.4771879
239	148	3.0127554
239	53	2.9994693
239	151	2.831088
239	157	2.35865
239	103	2.2664359
239	224	2.1291428
239	48	2.061479
239	375	2.05968
239	1083	2.056656
239	570	1.9428955
240	53	7.301007
240	36	6.992692
240	59	6.4907007
240	66	6.466688
240	139	6.409859
240	148	6.4092183
240	68	6.190566
240	67	6.03274
240	157	5.878877
240	25	5.855383
241	53	4.8602858
241	139	4.097521
241	36	3.9921694
241	47	3.8689458
241	25	3.8397422
241	148	3.7213488
241	175	3.6785724
241	68	3.632876
241	18	3.514345
241	71	3.503514
242	53	5.5294633
242	66	5.3641725
242	148	5.1537423
242	67	5.047344
242	175	4.912569
242	74	4.8924227
242	25	4.8729663
242	139	4.8519406
242	164	4.8101816
242	68	4.808217
243	74	5.173818
243	59	4.806203
243	164	4.373094
243	58	4.369069
243	53	4.2738338
243	47	4.189192
243	256	4.1237965
243	175	3.989542
243	129	3.9511368
243	216	3.938869
244	175	5.228645
244	58	5.1308374
244	139	5.039516
244	53	4.706249
244	148	4.6341424
244	66	4.595547
244	226	4.5196824
244	47	4.478816
244	286	4.446923
244	59	4.3865004
245	53	7.778292
245	36	6.558162
245	103	6.488784
245	59	6.2608547
245	71	6.232915
245	381	5.866075
245	47	5.7361417
245	0	5.65688
245	175	5.6555347
245	72	5.502715
246	379	3.5884278
246	378	3.4554217
246	82	3.2964675
246	1002	3.0180035
246	58	2.6007755
246	257	2.5373893
246	377	2.5263507
246	149	2.4936733
246	10	2.3390038
246	226	2.3261282
247	58	5.8109245
247	36	5.723242
247	345	5.3418417
247	175	4.9499135
247	286	4.685486
247	149	4.6220555
247	59	4.615337
247	67	4.523707
247	379	4.4897494
247	53	4.286379
248	59	5.3140855
248	66	4.9141636
248	67	4.7451444
248	226	4.6906343
248	53	4.6337113
248	175	4.539553
248	148	4.5367513
248	108	4.3750553
248	74	4.314136
248	68	4.2875667
249	769	6.38095
249	209	5.9731517
249	452	5.950471
249	1188	5.640673
249	104	5.5833893
249	118	5.5518956
249	1135	5.1831274
249	394	4.9918017
249	98	4.9882207
249	612	4.762616
250	36	4.250445
250	53	3.7135844
250	47	3.548828
250	344	3.4735622
250	175	3.3077812
250	59	3.3018088
250	306	3.2579677
250	68	3.1993282
250	139	3.1024635
250	67	3.0847747
251	36	6.1624036
251	148	5.03945
251	66	4.9660897
251	53	4.739887
251	59	4.716776
251	175	4.5806165
251	123	4.4394937
251	157	4.4088545
251	68	4.3307977
251	273	4.3097363
252	36	6.033813
252	66	4.8660946
252	58	4.7289176
252	148	4.7254195
252	68	4.6267858
252	226	4.4334955
252	67	4.4078503
252	53	4.3993783
252	59	4.3987393
252	139	4.3358364
253	36	5.2955565
253	59	4.8820887
253	66	4.8072147
253	53	4.764545
253	148	4.674393
253	151	4.2296367
253	67	4.15617
253	157	4.043781
253	68	4.023722
253	74	3.9895918
254	257	4.236591
254	119	4.1063285
254	2	3.5709374
254	908	3.312397
254	1193	3.1976748
254	121	3.1317792
254	20	3.0091503
254	785	2.999169
254	23	2.9951742
254	164	2.8388343
255	66	7.491468
255	53	6.8177867
255	157	6.667673
255	151	6.6167192
255	139	6.1332946
255	36	5.954997
255	48	5.7928967
255	71	5.6602755
255	381	5.339058
255	25	5.2223864
256	157	5.8629055
256	151	5.8335085
256	68	5.821124
256	53	5.820599
256	139	5.422583
256	103	5.167341
256	48	5.1445136
256	59	5.005275
256	71	4.797919
256	25	4.733181
257	175	6.2976017
257	59	6.0856175
257	58	6.037656
257	139	5.9731255
257	148	5.931896
257	66	5.9199905
257	47	5.8773456
257	163	5.758235
257	53	5.756775
257	68	5.7215724
258	257	5.2658305
258	74	5.021999
258	75	4.29442
258	908	4.0136347
258	778	3.988884
258	432	3.804829
258	216	3.7363791
258	1193	3.6321907
258	67	3.6173484
258	117	3.6096795
259	157	6.457058
259	139	6.1081085
259	48	5.7628713
259	71	5.678763
259	25	5.2906137
259	225	5.1617084
259	42	4.9444623
259	273	4.9310365
259	70	4.897923
259	0	4.8956327
260	36	6.517135
260	66	5.9696574
260	148	5.7086725
260	59	5.5516777
260	67	5.467233
260	151	4.902055
260	164	4.880389
260	71	4.836632
260	48	4.8018966
260	273	4.7967567
261	74	2.0152187
261	230	1.908266
261	676	1.7884674
261	0	1.7809058
261	119	1.7456702
261	53	1.6533763
261	20	1.641727
261	752	1.6129581
261	68	1.6118355
261	621	1.591957
262	323	3.116157
262	58	2.3722787
262	91	2.3414536
262	337	2.3215303
262	219	2.2697403
262	201	2.2143638
262	95	2.186407
262	822	2.1729186
262	43	2.168717
262	358	2.1473703
263	53	4.4102564
263	74	4.0460143
263	110	3.787787
263	175	3.7872984
263	164	3.7628531
263	36	3.7295966
263	67	3.6023967
263	40	3.3076336
263	216	3.3067677
263	61	3.2924047
264	36	5.9802103
264	53	5.2726493
264	59	5.2314167
264	175	4.9705153
264	25	4.7888436
264	139	4.7774086
264	164	4.568334
264	67	4.5460305
264	68	4.505293
264	148	4.2994633
265	53	7.6934075
265	66	7.3000574
265	148	7.240982
265	68	7.138521
265	36	6.975536
265	151	6.4896817
265	71	6.2494555
265	103	6.195589
265	48	6.0108137
265	47	5.932326
266	139	3.955576
266	36	3.8408244
266	53	3.5114
266	148	3.456451
266	66	3.3349087
266	68	3.2840328
266	175	3.2306786
266	151	3.2262623
266	157	3.1972787
266	59	2.9368443
267	306	4.4939337
267	378	3.654756
267	149	3.2473197
267	1023	3.1520696
267	379	3.1230967
267	23	2.9842353
267	10	2.9549792
267	226	2.9263942
267	162	2.8969915
267	164	2.865753
268	66	2.7446635
268	103	2.7206733
268	148	2.6902463
268	181	2.6758761
268	151	2.6233387
268	909	2.4260325
268	322	2.3205073
268	224	2.303665
268	79	2.2727506
268	157	2.240135
269	53	8.107006
269	148	7.9657154
269	103	6.8278904
269	48	6.4631405
269	381	6.2988114
269	25	6.109486
269	59	5.997403
269	225	5.839336
269	0	5.8286757
269	42	5.723634
270	58	5.66995
270	59	5.652041
270	47	5.1372757
270	139	4.980244
270	326	4.8874383
270	66	4.8103247
270	256	4.7900457
270	175	4.685858
270	283	4.683997
270	226	4.6502724
271	175	3.9749851
271	66	3.9412148
271	148	3.898651
271	139	3.742331
271	47	3.7313156
271	67	3.7201202
271	25	3.6543496
271	68	3.642136
271	71	3.3329363
271	157	3.3234696
272	909	6.58422
272	181	6.424413
272	406	6.3033214
272	482	5.9323087
272	400	5.63671
272	292	5.4691315
272	314	5.4149737
272	359	5.2536516
272	317	4.6622925
272	343	4.434715
273	286	6.959418
273	36	6.3267803
273	59	6.0637918
273	326	6.052434
273	175	5.766312
273	123	5.6828413
273	94	5.6480002
273	47	5.3414664
273	226	5.2201614
273	283	5.2087564
274	53	4.7154064
274	196	4.227933
274	36	4.194798
274	139	4.0126824
274	163	3.7687285
274	25	3.7150266
274	64	3.7038846
274	164	3.666646
274	59	3.6115298
274	162	3.5730355
275	36	7.9759574
275	53	7.895993
275	139	7.194721
275	66	7.1131167
275	148	7.094033
275	59	7.0038867
275	68	6.95951
275	175	6.6090827
275	25	6.492127
275	157	6.4325886
276	53	5.5602674
276	164	4.8543825
276	432	4.479653
276	2	4.459912
276	10	4.454254
276	67	4.424676
276	773	4.289396
276	149	4.266705
276	36	4.2477946
276	74	4.1424565
277	66	6.36947
277	148	6.258042
277	157	5.740408
277	47	5.149681
277	25	5.0726027
277	67	4.818847
277	71	4.7540183
277	42	4.714988
277	286	4.678195
277	44	4.650709
278	58	4.898234
278	36	4.3431177
278	123	4.1969366
278	10	4.009363
278	286	3.8441408
278	334	3.8008983
278	23	3.781909
278	290	3.7473397
278	149	3.674386
278	43	3.6281214
279	47	5.646775
279	36	5.6183434
279	18	5.6029687
279	139	5.5495815
279	25	5.451153
279	175	5.3985596
279	164	5.260394
279	59	5.1406107
279	71	5.0542974
279	216	4.988733
280	58	3.9109828
280	123	3.5205626
280	171	3.3991268
280	166	3.376934
280	437	3.2506597
280	168	3.1440737
280	94	3.0712578
280	969	2.9326959
280	345	2.8812346
280	249	2.7644694
281	36	7.2272224
281	53	6.143152
281	59	5.8095274
281	139	5.796635
281	47	5.7586193
281	67	5.4867597
281	25	5.4242835
281	66	5.3498473
281	164	5.295124
281	71	4.8713555
282	58	5.664698
282	123	5.5387077
282	226	5.482798
282	175	5.2877517
282	59	5.2680626
282	47	5.128037
282	345	5.09234
282	10	5.0112953
282	163	5.0034666
282	67	4.9936366
283	58	4.6909647
283	142	3.9239113
283	318	3.650004
283	123	3.5828264
283	226	3.5300333
283	163	3.5290034
283	36	3.4869924
283	290	3.1319504
283	334	3.0669012
283	94	3.04875
284	36	7.0197024
284	59	6.7314973
284	53	6.329632
284	66	5.924091
284	139	5.923037
284	47	5.8967414
284	175	5.876459
284	25	5.768298
284	68	5.6910067
284	148	5.6298847
285	1481	3.5800316
285	1292	3.292185
285	1178	3.2509346
285	1488	3.1078334
285	1474	2.7940876
285	1330	2.6361947
285	430	2.5560277
285	435	2.5558448
285	1589	2.5411005
285	740	2.529525
286	123	4.4611673
286	58	4.3068533
286	166	3.6871157
286	345	3.5892415
286	149	3.559021
286	168	3.4409938
286	290	3.2121463
286	94	3.2007325
286	43	3.1003523
286	895	3.08471
287	256	5.8114676
287	36	5.3623843
287	408	5.0554338
287	769	5.0036826
287	66	4.9363613
287	129	4.7082133
287	225	4.179329
287	273	4.1289506
287	104	4.1235495
287	148	4.091238
288	74	5.8706775
288	129	5.174149
288	59	5.169208
288	269	5.161847
288	164	4.7470737
288	67	4.7055316
288	256	4.685672
288	118	4.6498475
288	108	4.587407
288	769	4.4080224
289	148	7.249386
289	139	7.231807
289	68	7.0386066
289	157	6.793573
289	71	6.697332
289	151	6.5535836
289	25	6.4863386
289	381	6.3018174
289	48	6.2461863
289	47	6.232347
290	783	3.5354548
290	775	3.443551
290	769	3.3672192
290	452	3.251097
290	394	3.2116895
290	1188	3.1875405
290	612	3.1840878
290	714	2.9276338
290	398	2.889926
290	1135	2.8706295
291	53	7.096452
291	66	5.8613625
291	36	5.808063
291	175	5.6017656
291	68	5.587263
291	157	5.4181557
291	151	5.1535373
291	48	5.064218
291	67	5.060715
291	381	4.6858864
292	36	7.3247657
292	53	6.6855493
292	148	5.8102922
292	66	5.7694244
292	59	5.696452
292	68	5.579763
292	67	5.542349
292	25	5.4756503
292	164	5.355906
292	157	5.2062883
293	74	4.898817
293	216	4.6947927
293	129	4.2984304
293	811	4.220891
293	257	4.1709814
293	204	4.085474
293	53	4.040117
293	15	3.9636242
293	200	3.8979812
293	36	3.7999978
294	36	6.433387
294	66	6.1435575
294	53	6.024612
294	148	5.909496
294	139	5.8364606
294	157	5.4071393
294	175	5.126843
294	67	4.886185
294	47	4.8815374
294	25	4.834768
295	181	7.5581307
295	194	6.547695
295	909	6.371094
295	406	5.836539
295	298	5.261973
295	400	5.225257
295	1260	4.925379
295	343	4.8308635
295	73	4.28524
295	117	3.4810188
296	66	7.4583693
296	25	7.430539
296	139	7.422108
296	71	7.2466135
296	148	7.148976
296	256	6.919032
296	72	6.676341
296	157	6.4506955
296	216	6.419623
296	273	6.416214
297	10	4.0641103
297	378	3.934499
297	306	3.9227943
297	344	3.8721073
297	47	3.640759
297	23	3.470689
297	36	3.467542
297	58	3.3635564
297	53	3.2427514
297	74	3.180645
298	889	3.030802
298	267	2.234796
298	752	2.1006286
298	130	2.0405445
298	256	2.0360506
298	59	2.0264006
298	934	2.0066648
298	123	1.9626117
298	36	1.9239026
298	61	1.914475
299	456	6.501459
299	459	5.7469773
299	457	5.5782924
299	455	4.9830165
299	461	4.593295
299	66	4.0018206
299	148	3.4689612
299	151	3.0262365
299	48	2.9401622
299	157	2.8787243
300	286	5.5869994
300	58	5.068223
300	318	4.7647624
300	94	4.7465568
300	326	4.2537713
300	142	4.2431498
300	283	4.0119534
300	368	3.9774134
300	219	3.9570696
300	36	3.8789496
301	1193	4.499882
301	118	4.3511624
301	15	4.3166347
301	11	3.6704779
301	769	3.6412883
301	125	3.5025713
301	962	3.004208
301	61	2.8748693
301	422	2.7133355
301	410	2.6869311
302	408	6.816661
302	775	6.6040835
302	98	6.4362693
302	453	6.2102757
302	15	6.0814795
302	452	6.071287
302	422	5.8716073
302	398	5.845858
302	1188	5.6279745
302	134	5.484771
303	201	2.9770799
303	323	2.8965297
303	78	2.734654
303	681	2.63436
303	1086	2.4506686
303	36	2.4147956
303	163	2.3975687
303	259	2.3643985
303	269	2.3141572
303	43	2.3107142
304	119	5.0027685
304	74	4.4220557
304	36	4.348171
304	43	4.3380895
304	61	4.24918
304	149	4.0087733
304	164	3.9866917
304	257	3.8364055
304	195	3.804609
304	67	3.7084203
305	2	3.6152935
305	53	3.4426816
305	269	3.4097471
305	23	3.360116
305	74	3.3161712
305	66	3.3041604
305	257	3.2309606
305	408	3.1689205
305	67	3.1071758
305	842	2.9513445
306	36	5.832194
306	175	5.4393444
306	53	5.2821217
306	66	5.2531524
306	139	5.1646023
306	47	5.0236745
306	148	5.0001974
306	68	4.949596
306	58	4.6058736
306	151	4.5849786
307	53	7.7247634
307	148	7.209037
307	68	7.0588455
307	139	6.7652593
307	157	6.6974244
307	36	6.67178
307	151	6.5405526
307	381	5.9689937
307	59	5.869311
307	48	5.85781
308	139	4.893306
308	66	4.741498
308	148	4.455815
308	68	4.4474587
308	53	4.312751
308	157	4.2997065
308	151	4.130886
308	48	4.0834374
308	175	4.0359983
308	163	3.8025506
309	625	2.058319
309	236	2.01934
309	1376	1.8158411
309	343	1.7513461
309	707	1.7278677
309	367	1.7111106
309	1178	1.669251
309	374	1.6622707
309	1397	1.6108061
309	1572	1.6070657
310	68	5.220139
310	71	5.019056
310	148	4.955634
310	157	4.80313
310	66	4.742208
310	151	4.6821012
310	36	4.6219053
310	48	4.5918226
310	175	4.5440555
310	59	4.5361524
311	53	7.299335
311	157	6.606935
311	139	6.59847
311	103	6.1805353
311	48	5.8638415
311	59	5.8442106
311	25	5.578614
311	0	5.4361134
311	47	5.3513737
311	72	5.2906327
312	452	7.319716
312	1188	7.1211743
312	453	7.059562
312	394	6.7022486
312	104	6.6778364
312	769	6.086961
312	612	5.901623
312	783	5.7204957
312	775	5.719941
312	98	5.51029
313	256	5.0630035
313	269	4.596297
313	66	4.5525084
313	139	4.4779487
313	68	4.39908
313	175	4.3895864
313	43	4.3584385
313	47	4.3155565
313	148	4.2555366
313	71	4.109324
314	148	7.0972133
314	36	7.01908
314	68	6.8767843
314	151	6.4131303
314	59	5.896215
314	103	5.8799057
314	175	5.818597
314	48	5.8123503
314	47	5.791906
314	25	5.7899
315	53	6.9760966
315	139	6.715839
315	66	6.5874653
315	59	6.5498548
315	148	6.411767
315	68	6.1038833
315	175	6.04503
315	47	6.0402155
315	157	5.9418097
315	25	5.8696313
316	148	6.028924
316	36	6.000333
316	286	5.977128
316	58	5.4900784
316	139	5.379749
316	175	5.2884917
316	68	5.279372
316	463	4.949646
316	273	4.8990717
316	123	4.8081903
317	53	8.034786
317	36	7.538228
317	66	7.4454265
317	148	7.163046
317	139	7.0950475
317	68	6.9331875
317	59	6.7960052
317	71	6.624972
317	157	6.6050153
317	151	6.475387
318	36	6.2445045
318	66	5.7712445
318	59	5.6550784
318	323	5.5332193
318	68	5.4916463
318	139	5.4002028
318	47	5.282718
318	53	5.220374
318	219	5.0375147
318	25	4.980491
319	1291	3.8651745
319	1051	3.8091662
319	1560	3.6944168
319	1297	3.464464
319	795	3.4029849
319	1481	3.3843093
319	1396	3.2361956
319	1177	3.1799037
319	967	3.1281366
319	712	3.0447352
320	36	6.406464
320	53	5.917048
320	74	5.5566607
320	47	5.3884244
320	216	5.204023
320	175	5.1054893
320	164	5.1026316
320	67	4.949384
320	139	4.9381466
320	59	4.845367
321	58	5.721634
321	123	5.2999744
321	36	4.9738164
321	166	4.9044256
321	377	4.662412
321	149	4.5258913
321	379	4.4946656
321	94	4.4802256
321	306	4.444611
321	344	4.408343
322	625	3.4482465
322	139	2.6956935
322	373	2.6551123
322	632	2.611232
322	834	2.5976422
322	795	2.5105727
322	1265	2.4715898
322	1219	2.4325862
322	433	2.4121125
322	1032	2.3768666
323	36	8.189054
323	175	6.8324823
323	53	6.7207894
323	139	6.553095
323	58	6.3488464
323	47	6.333934
323	226	6.1889052
323	66	6.0892086
323	164	5.8938007
323	148	5.8434377
324	769	4.655874
324	104	4.527335
324	453	4.122485
324	59	4.1062717
324	129	4.0776834
324	408	4.017696
324	256	4.0168056
324	452	3.8662117
324	783	3.8117754
324	1188	3.8115869
325	323	3.6839657
325	219	3.1272047
325	36	3.0292494
325	368	2.990845
325	365	2.9006243
325	269	2.7370918
325	831	2.6882734
325	756	2.6613455
325	286	2.5860517
325	67	2.584665
326	59	6.473611
326	53	5.863897
326	66	5.827575
326	129	5.7348623
326	148	5.601397
326	74	5.488457
326	67	5.4649477
326	175	5.4065337
326	256	5.258807
326	68	5.1767
327	1590	2.125989
327	839	2.1146784
327	1563	1.9796317
327	1524	1.9458034
327	1246	1.8741693
327	598	1.8045405
327	838	1.6984464
327	1286	1.6687602
327	620	1.6521626
327	914	1.6223806
328	148	6.9257917
328	68	6.7667394
328	139	6.672146
328	157	6.5064745
328	103	5.8544965
328	71	5.802043
328	381	5.5314517
328	175	5.5305643
328	42	5.2536497
328	225	5.2056212
329	66	7.718655
329	68	7.399907
329	139	7.2707553
329	59	6.6055098
329	48	6.5466533
329	71	6.4836974
329	25	6.4029737
329	175	6.1630054
329	381	6.1424356
329	72	5.918472
330	36	4.081333
330	163	3.7514708
330	58	3.5748904
330	226	3.446794
330	175	3.384378
330	1002	3.3299084
330	123	3.241633
330	139	3.2188735
330	47	3.201649
330	371	3.15868
331	36	7.1237855
331	66	6.3570147
331	67	6.272115
331	148	6.116493
331	59	6.0790963
331	139	5.687692
331	47	5.6699715
331	175	5.6569443
331	68	5.654202
331	164	5.509051
332	139	8.621779
332	103	7.8313203
332	71	7.68357
332	36	7.593538
332	381	7.377743
332	25	7.3064237
332	47	6.9384933
332	0	6.870491
332	72	6.8416533
332	70	6.70526
333	2	4.298917
333	121	4.0840564
333	908	3.9221606
333	1193	3.884684
333	75	3.4235413
333	8	3.3529987
333	137	3.3192835
333	778	3.3127093
333	17	3.2228246
333	993	3.1375995
334	36	7.528084
334	59	6.4568586
334	175	6.007844
334	53	5.869156
334	67	5.8413367
334	47	5.7976427
334	139	5.4570765
334	256	5.4491506
334	66	5.4392056
334	25	5.4278984
335	53	5.0870614
335	298	4.3911715
335	36	4.3849773
335	181	4.379426
335	194	4.1978226
335	66	4.0433483
335	148	4.0220656
335	175	3.7870212
335	909	3.7564871
335	74	3.7017624
336	48	3.7231154
336	148	3.399372
336	157	3.3107183
336	373	3.2391372
336	66	3.2279673
336	151	3.2067187
336	632	3.169365
336	1265	3.1331148
336	1381	3.015955
336	139	2.956231
337	66	7.3971863
337	148	7.329908
337	157	6.86657
337	36	6.6976037
337	151	6.672172
337	71	6.448248
337	59	6.418154
337	25	6.3587527
337	103	6.3148255
337	48	6.28638
338	36	7.0561223
338	53	6.366324
338	59	6.1040506
338	175	5.510255
338	47	5.4720182
338	139	5.467927
338	25	5.4513807
338	148	5.394382
338	164	5.361042
338	74	5.3591757
339	53	6.1288433
339	36	5.9883695
339	66	5.935739
339	139	5.7310224
339	148	5.6992974
339	68	5.4905353
339	157	5.2549367
339	151	5.0813127
339	67	4.906097
339	59	4.8325253
340	36	3.4959235
340	58	3.4939697
340	163	3.3297124
340	123	3.1932232
340	334	3.0077894
340	94	2.7639272
340	95	2.6960607
340	379	2.6107094
340	290	2.5830576
340	937	2.5653198
341	148	6.997827
341	157	6.614585
341	151	6.4472256
341	71	6.180974
341	103	6.13838
341	36	6.115587
341	48	5.9582887
341	381	5.7577024
341	59	5.624183
341	25	5.58737
342	314	4.118423
342	194	3.987969
342	181	3.1484807
342	359	3.1474614
342	317	3.0960357
342	909	3.0394516
342	298	2.801454
342	54	2.7514718
342	463	2.6442246
342	88	2.5898468
343	36	6.357611
343	53	5.404286
343	59	5.194098
343	47	5.1257243
343	67	5.06473
343	164	4.9872603
343	175	4.903169
343	25	4.732211
343	139	4.6310434
343	64	4.299758
344	71	4.03293
344	67	3.7114174
344	103	3.46792
344	66	3.4587986
344	148	3.4139657
344	381	3.307406
344	72	3.29036
344	221	3.1973374
344	144	3.1041305
344	216	3.1040974
345	36	4.740391
345	53	4.3529563
345	58	4.3256035
345	10	4.205158
345	67	4.0948014
345	175	3.9375331
345	139	3.8564157
345	344	3.7780046
345	345	3.6621566
345	164	3.595093
346	59	6.1460605
346	53	5.8405805
346	66	5.6608214
346	148	5.4938836
346	47	5.4808064
346	139	5.4609413
346	68	5.4487724
346	48	5.0428796
346	67	5.0002546
346	256	4.9847136
347	36	4.555951
347	194	4.1945105
347	53	3.98391
347	67	3.687087
347	108	3.6597617
347	175	3.6533372
347	164	3.5915701
347	129	3.5239348
347	547	3.4568872
347	25	3.4486156
348	123	4.7714615
348	149	4.5263014
348	119	4.4060698
348	2	4.2608204
348	43	4.0960717
348	345	4.035678
348	74	3.9315107
348	15	3.9015832
348	61	3.8463857
348	58	3.822349
349	68	6.2632093
349	157	6.200323
349	139	5.8885922
349	103	5.7984896
349	36	5.438297
349	48	5.351232
349	381	5.269168
349	225	4.8367424
349	25	4.826855
349	59	4.817643
350	1193	4.544838
350	118	4.483452
350	104	4.2915864
350	196	4.1851215
350	408	4.1531157
350	15	3.9237115
350	452	3.8481462
350	1082	3.8237367
350	783	3.7917438
350	1188	3.682967
351	36	6.3195896
351	53	6.1514215
351	175	5.521367
351	139	5.422452
351	25	5.0660214
351	59	5.001437
351	68	4.969108
351	148	4.940063
351	66	4.8406873
351	163	4.7575164
352	286	5.31553
352	58	4.74077
352	292	4.705009
352	314	4.392476
352	283	4.330289
352	343	4.2717266
352	298	4.1195183
352	142	3.996266
352	123	3.9185755
352	317	3.8632534
353	36	6.32653
353	123	5.592567
353	47	5.3157268
353	59	5.2029815
353	163	5.0675697
353	53	5.0496683
353	94	4.864006
353	286	4.7807407
353	10	4.778873
353	166	4.750193
354	36	6.867107
354	53	6.409038
354	148	6.3778763
354	139	6.2253942
354	68	6.1861663
354	59	6.014078
354	151	5.6204667
354	175	5.4970183
354	48	5.3718524
354	47	5.338043
355	157	7.0530934
355	71	6.385463
355	48	6.1301866
355	36	5.945391
355	59	5.614669
355	273	5.46385
355	0	5.3971963
355	42	5.3802023
355	70	5.3149385
355	44	5.206788
356	53	5.3442698
356	139	4.7810965
356	68	4.757289
356	148	4.4219823
356	175	4.3715057
356	157	4.302374
356	47	4.226485
356	25	4.2157574
356	66	4.1273212
356	71	4.0652375
357	36	5.830625
357	59	5.311199
357	53	5.2385087
357	66	4.9624367
357	71	4.7456784
357	139	4.7141867
357	25	4.6994505
357	47	4.6292067
357	269	4.623067
357	148	4.545851
358	36	6.246798
358	53	5.3564405
358	175	5.265973
358	58	5.1610136
358	123	4.930095
358	59	4.8495436
358	67	4.8410945
358	47	4.8346043
358	25	4.7724667
358	10	4.726483
359	66	4.1673136
359	148	3.8082376
359	157	3.5957847
359	151	3.5333223
359	68	3.388415
359	53	3.0780559
359	286	2.819022
359	139	2.7982426
359	103	2.7459905
359	48	2.7365642
360	36	3.436797
360	59	3.3424501
360	53	3.2985497
360	48	3.1469307
360	66	3.1401408
360	151	2.9511142
360	148	2.9499578
360	226	2.9042346
360	47	2.8507273
360	175	2.8019192
361	66	6.794885
361	53	6.693673
361	68	6.467331
361	151	6.11131
361	36	5.831422
361	71	5.610977
361	48	5.44316
361	381	5.2093306
361	59	4.978936
361	225	4.946131
362	344	5.5544124
362	306	5.2678194
362	286	4.845385
362	379	4.675276
362	36	4.672228
362	334	4.580568
362	226	4.3413296
362	149	4.2858334
362	377	4.261322
362	326	4.2281914
363	909	8.17443
363	194	7.717373
363	292	7.344109
363	400	6.798554
363	1260	6.2017217
363	117	3.6906092
363	518	3.6700702
363	209	3.624732
363	637	3.5838752
363	27	3.4772274
364	119	4.518937
364	53	4.414852
364	36	4.276631
364	67	4.226961
364	129	4.212283
364	216	3.9554536
364	71	3.8853412
364	273	3.8099322
364	59	3.7700622
364	72	3.730814
365	1443	2.4222534
365	1219	2.3898568
365	831	2.2328796
365	1110	2.1749218
365	1495	2.15888
365	581	2.1154046
365	167	2.0903664
365	835	2.081439
365	853	2.0507991
365	929	2.0415323
366	54	2.9519513
366	23	2.944656
366	379	2.9260669
366	95	2.758918
366	10	2.5465343
366	36	2.4909313
366	477	2.4008396
366	100	2.3859713
366	831	2.3588545
366	473	2.285562
367	36	5.5538554
367	67	5.3756356
367	129	5.322736
367	148	5.160557
367	74	5.1500053
367	59	5.109418
367	71	5.0524716
367	66	5.051554
367	68	4.9112487
367	72	4.890912
368	36	3.9733362
368	286	3.8627195
368	66	3.6071577
368	148	3.5326009
368	48	3.5222998
368	226	3.435381
368	157	3.4025688
368	58	3.3695168
368	318	3.139771
368	68	3.1311002
369	36	6.533315
369	148	5.797234
369	59	5.4148912
369	139	5.3333817
369	68	5.2663474
369	151	5.1851625
369	175	5.118018
369	58	5.066475
369	53	5.0333257
369	163	4.965635
370	934	3.2880478
370	752	2.971922
370	821	2.8556187
370	769	2.8388944
370	699	2.8069003
370	981	2.8017368
370	903	2.6580262
370	104	2.6279137
370	617	2.612331
370	65	2.570252
371	36	7.323749
371	53	6.5142946
371	47	6.1749005
371	67	5.7810426
371	68	5.4587593
371	148	5.243843
371	66	5.1889014
371	74	5.108465
371	256	5.06324
371	71	5.058709
372	139	7.9239297
372	71	7.332433
372	103	7.194204
372	25	7.0601163
372	0	6.4666123
372	719	6.2611895
372	70	6.2148767
372	44	6.123788
372	144	6.108985
372	842	5.63175
373	58	3.8742323
373	226	3.4875722
373	286	3.4772303
373	36	3.4709146
373	123	2.9928844
373	345	2.9864895
373	47	2.9754186
373	163	2.9524136
373	175	2.7731357
373	326	2.6436477
374	53	4.5118685
374	12	4.322983
374	75	4.186531
374	67	4.158978
374	785	4.054484
374	164	4.054459
374	432	3.9922407
374	257	3.9472349
374	10	3.9050708
374	648	3.7196512
375	368	5.810849
375	365	5.4686627
375	874	4.3226385
375	994	3.6680913
375	856	3.3353403
375	1201	3.2534714
375	681	2.9846752
375	201	2.9691343
375	700	2.9544268
375	43	2.7640102
376	373	2.9822538
376	740	2.6460967
376	292	2.4722452
376	625	2.4576724
376	123	2.404385
376	632	2.363522
376	231	2.3606439
376	48	2.3119843
376	1260	2.304288
376	153	2.2584174
377	123	5.4249434
377	58	5.1633377
377	384	4.7974935
377	379	4.5445986
377	344	4.543405
377	166	4.171448
377	94	3.927409
377	306	3.8081214
377	1002	3.5903246
377	163	3.4572213
378	53	7.8455176
378	36	7.030161
378	139	7.027194
378	151	6.720675
378	71	6.380191
378	103	6.372426
378	48	6.10684
378	25	6.0771537
378	59	5.971862
378	67	5.747199
379	209	4.1265564
379	453	3.982921
379	769	3.5479863
379	452	3.4597743
379	66	3.4429908
379	394	3.4325452
379	104	3.4127169
379	1188	3.3328836
379	1135	3.21439
379	148	3.2086492
380	432	4.3070426
380	2	3.8563516
380	908	3.7898686
380	915	3.7500443
380	773	3.6230056
380	1340	3.3084779
380	181	3.2390919
380	257	3.2299666
380	785	3.2272716
380	904	3.1767595
381	1288	2.9855
381	1321	2.8944862
381	1033	2.7349494
381	1579	2.668835
381	142	2.6256258
381	229	2.5760458
381	281	2.495989
381	1623	2.4836476
381	1051	2.4807131
381	1548	2.46622
382	53	6.60657
382	47	6.35837
382	139	6.057928
382	164	5.9211082
382	163	5.8329983
382	67	5.696695
382	25	5.595738
382	74	5.493959
382	226	5.2501397
382	68	5.0942674
383	259	1.721504
383	12	1.7076402
383	100	1.5079542
383	59	1.4846377
383	53	1.4565351
383	347	1.4394379
383	226	1.4213332
383	175	1.3901477
383	64	1.3722826
383	483	1.3264807
384	36	4.64671
384	139	4.5055814
384	68	4.2114463
384	47	4.101495
384	148	3.9456782
384	58	3.8276596
384	163	3.8081548
384	53	3.7393131
384	66	3.6979918
384	157	3.677165
385	58	4.5641146
385	345	4.529492
385	166	4.0495496
385	36	4.0064507
385	149	3.4690573
385	286	3.3952804
385	226	3.1981428
385	387	3.0968673
385	163	3.0534377
385	270	3.05011
386	36	6.532745
386	175	6.021215
386	139	5.9437633
386	47	5.742192
386	148	5.6448393
386	59	5.6247907
386	66	5.5888977
386	25	5.520866
386	67	5.4975557
386	68	5.173453
387	148	7.3262033
387	68	7.091996
387	151	6.677531
387	48	6.193565
387	71	6.0931973
387	225	5.465392
387	0	5.463585
387	42	5.330022
387	72	5.3058286
387	44	5.262416
388	632	3.1746564
388	1177	3.1327193
388	902	2.9102013
388	982	2.8665013
388	1178	2.819808
388	1067	2.7659974
388	1303	2.738995
388	1282	2.6973639
388	236	2.6643152
388	484	2.6563377
389	59	5.4567914
389	36	5.434454
389	71	5.0889153
389	256	4.919613
389	273	4.915185
389	53	4.8294125
389	66	4.8264475
389	148	4.8139477
389	139	4.771659
389	68	4.76238
390	280	2.9440432
390	23	2.7975595
390	334	2.665679
390	379	2.5555518
390	10	2.4447315
390	345	2.4444199
390	290	2.3868163
390	286	2.2858603
390	283	2.2815154
390	95	2.2604053
391	53	5.5330706
391	74	5.2421
391	59	5.229498
391	164	5.194509
391	67	5.173388
391	175	4.9276695
391	25	4.702561
391	148	4.657034
391	10	4.613011
391	139	4.6078496
392	36	4.9209323
392	139	4.543959
392	175	4.4852176
392	58	4.2402
392	47	4.089061
392	163	4.0845156
392	226	3.99078
392	286	3.8491385
392	148	3.8114066
392	66	3.782304
393	148	7.7834096
393	157	7.3119383
393	103	6.988211
393	59	6.8062825
393	72	6.297111
393	0	6.181292
393	47	6.1665473
393	273	6.03891
393	175	6.0387383
393	67	5.8702254
394	36	6.854343
394	59	6.616156
394	66	6.129571
394	53	6.0905375
394	148	5.8009925
394	67	5.702358
394	68	5.5482206
394	175	5.3473883
394	139	5.3241754
394	157	5.322195
395	36	7.8122063
395	66	7.6781616
395	148	7.533216
395	139	7.470779
395	59	7.2269635
395	68	7.2207026
395	157	6.817811
395	71	6.7679434
395	47	6.5334406
395	151	6.49866
396	257	5.07357
396	36	4.758988
396	164	4.5598435
396	10	4.472397
396	67	4.4538865
396	61	4.377624
396	149	4.355233
396	74	4.332156
396	175	4.325414
396	12	4.10939
397	36	5.608849
397	175	5.1008887
397	25	5.078274
397	47	5.072494
397	164	5.020772
397	139	4.9061933
397	59	4.7343307
397	18	4.6725926
397	148	4.5703244
397	216	4.564747
398	36	5.7514567
398	53	4.9719305
398	59	4.8897715
398	67	4.8269224
398	148	4.8210883
398	66	4.8000827
398	175	4.759702
398	139	4.434671
398	74	4.394313
398	68	4.2395253
399	66	7.193272
399	139	6.6967254
399	68	6.532279
399	151	6.322794
399	48	6.3082104
399	36	6.007548
399	103	5.713388
399	175	5.645466
399	47	5.59852
399	71	5.442911
400	175	5.1370807
400	59	5.0190334
400	53	5.0004053
400	47	4.721404
400	25	4.589141
400	148	4.5340743
400	66	4.5284114
400	67	4.3679905
400	58	4.336362
400	68	4.2390323
401	2	3.4939616
401	10	3.2710357
401	257	3.0040374
401	778	2.921374
401	74	2.8916006
401	141	2.8822892
401	344	2.8687508
401	226	2.8674295
401	904	2.8217955
401	53	2.6490986
402	181	6.5488787
402	314	5.8983645
402	482	5.0963254
402	359	4.7226596
402	317	4.4372315
402	298	4.3939
402	406	4.343654
402	292	4.219743
402	400	4.1114154
402	53	3.7778535
403	175	4.880226
403	59	4.6515
403	123	4.584485
403	47	4.531415
403	164	4.399974
403	139	4.171832
403	149	4.1531057
403	286	4.1507277
403	345	4.0225296
403	842	3.980203
404	58	4.435495
404	226	4.3812323
404	286	4.255758
404	66	3.9001405
404	47	3.686408
404	148	3.6482587
404	139	3.5984535
404	345	3.5229661
404	53	3.432242
404	163	3.4082363
405	36	7.16472
405	74	6.4830647
405	53	6.024597
405	164	5.8221426
405	257	5.6777606
405	269	5.342928
405	25	5.31531
405	175	5.2750864
405	66	5.100775
405	108	5.0085235
406	84	3.9777715
406	80	3.2588167
406	83	3.0477717
406	314	2.8748777
406	690	2.785612
406	373	2.7798052
406	148	2.5906267
406	66	2.5029585
406	286	2.4618955
406	48	2.3517087
407	36	5.1690655
407	286	4.731788
407	148	4.692324
407	345	4.624695
407	66	4.4855824
407	175	4.34001
407	314	4.260329
407	53	4.195108
407	226	4.1304593
407	59	4.107374
408	286	4.285459
408	334	3.5137866
408	326	3.4915664
408	226	3.44739
408	345	3.3842833
408	318	3.22879
408	123	3.216484
408	163	3.1991084
408	36	3.1970038
408	290	3.0720346
409	181	5.329836
409	298	4.9763036
409	482	4.539724
409	194	4.5243564
409	317	4.2384877
409	909	4.23775
409	66	4.086047
409	359	3.9640636
409	54	3.8743048
409	148	3.8208017
410	58	6.5676274
410	36	6.3777194
410	175	6.183918
410	286	6.180028
410	59	6.045813
410	139	5.9078293
410	53	5.682342
410	148	5.3109784
410	66	5.219297
410	48	5.2186747
411	226	3.8731692
411	66	3.654719
411	67	3.4612534
411	148	3.4256256
411	164	3.3069036
411	108	3.283638
411	10	3.2336156
411	53	3.1942413
411	59	3.15395
411	47	3.1055963
412	136	3.8441591
412	105	2.9010468
412	2	2.8914866
412	581	2.8366816
412	7	2.8097494
412	433	2.3914967
412	568	2.3041902
412	778	2.2133398
412	1360	2.1524813
412	137	2.1132314
413	53	6.425066
413	148	6.2343254
413	139	6.209906
413	68	6.025464
413	47	5.629609
413	71	5.312483
413	273	5.1930523
413	164	5.1755366
413	163	4.9691124
413	64	4.930412
414	53	9.510891
414	148	8.759213
414	139	8.493782
414	68	8.4788265
414	157	8.215578
414	103	7.661292
414	36	7.573448
414	381	7.3141074
414	25	7.133447
414	72	6.817206
415	36	4.808097
415	58	4.482329
415	59	4.165291
415	74	4.088317
415	286	3.8831291
415	256	3.8310509
415	47	3.7778876
415	10	3.6985388
415	123	3.6938353
415	162	3.677076
416	36	6.1738033
416	59	5.794404
416	53	5.519591
416	129	5.4384627
416	67	5.3502154
416	74	5.2617564
416	164	5.0958743
416	71	5.0821342
416	108	4.823328
416	25	4.7784185
417	36	5.312178
417	15	4.473938
417	67	4.432832
417	59	4.040083
417	123	3.748727
417	164	3.7191186
417	175	3.7048302
417	256	3.6526024
417	108	3.5599656
417	53	3.5484214
418	384	2.910601
418	895	2.8834114
418	58	2.8727224
418	149	2.593594
418	166	2.5385017
418	132	2.5290956
418	167	2.5045776
418	377	2.4210532
418	1002	2.3646188
418	249	2.3332305
419	66	7.0707407
419	36	6.8631153
419	148	6.839935
419	463	6.501117
419	68	6.19766
419	157	6.1248827
419	151	5.9590354
419	53	5.9529295
419	59	5.9408736
419	139	5.7903013
420	59	5.0200434
420	36	4.77078
420	53	4.1967063
420	67	4.115253
420	273	4.097917
420	175	4.0838737
420	66	4.029316
420	25	3.768922
420	148	3.6824543
420	129	3.6216514
421	74	4.98277
421	110	3.7991486
421	256	3.5668797
421	226	3.553863
421	200	3.4917195
421	59	3.4782267
421	164	3.4295633
421	67	3.393598
421	66	3.3915653
421	53	3.336207
422	66	6.378535
422	148	6.113803
422	53	6.0698385
422	36	5.989684
422	59	5.7612762
422	151	5.655298
422	157	5.611078
422	139	5.5906215
422	68	5.5867352
422	103	5.083463
423	139	3.8775976
423	71	3.5609162
423	68	3.3273888
423	157	3.2958326
423	53	3.162669
423	148	3.1260436
423	0	3.1196966
423	47	3.0699704
423	25	3.026371
423	66	2.9997017
424	58	4.3836794
424	163	3.9884536
424	345	3.7764215
424	290	3.7032695
424	123	3.6950116
424	286	3.5764854
424	36	3.4456208
424	318	3.4018283
424	283	3.3320305
424	226	3.3132052
425	36	7.5207324
425	53	6.6645255
425	175	6.037932
425	47	5.8572593
425	59	5.790594
425	139	5.76411
425	164	5.6976256
425	74	5.637922
425	148	5.626042
425	66	5.6099234
426	314	3.9497797
426	74	3.8771615
426	652	3.853325
426	119	3.8140144
426	117	3.807714
426	10	3.6972322
426	12	3.6112733
426	15	3.4723425
426	137	3.44459
426	908	3.3911273
427	157	4.462424
427	148	4.423621
427	151	4.356002
427	36	3.9614456
427	103	3.8847702
427	53	3.8390672
427	139	3.7123601
427	225	3.4596324
427	71	3.4533472
427	59	3.3990312
428	59	5.9868684
428	129	5.406248
428	53	5.392207
428	66	5.1451855
428	74	4.946452
428	67	4.940273
428	68	4.8875995
428	256	4.874246
428	148	4.847002
428	25	4.8318086
429	1193	4.9298024
429	74	4.8304844
429	257	4.703006
429	118	4.6770024
429	15	4.651124
429	119	4.5965633
429	75	4.4678206
429	769	4.4536448
429	125	4.43072
429	21	4.1036153
430	36	3.6502938
430	256	3.3880477
430	56	3.3476965
430	66	3.3118927
430	129	3.304023
430	62	3.0909152
430	47	3.0275564
430	273	2.9910998
430	68	2.9646525
430	148	2.9380932
431	53	9.47208
431	103	7.543142
431	381	7.4196806
431	42	6.7389216
431	225	6.5638795
431	273	6.3703647
431	175	6.321673
431	105	6.2154837
431	67	6.1145406
431	383	5.956859
432	148	7.3288126
432	36	6.9833016
432	68	6.778431
432	139	6.6030936
432	59	6.2153435
432	103	5.8963933
432	25	5.8396535
432	71	5.763701
432	47	5.6561856
432	67	5.561307
433	53	6.1597013
433	68	5.5403714
433	148	5.452095
433	66	5.343192
433	59	5.265472
433	67	5.2399764
433	139	5.2171187
433	71	5.1425204
433	25	4.8948255
433	256	4.8664436
434	58	5.709644
434	970	5.3504443
434	379	5.1432667
434	123	4.9196978
434	36	4.8534217
434	149	4.7038045
434	74	4.3956733
434	10	4.3144164
434	226	4.2891755
434	371	4.1386337
435	58	4.5087557
435	286	3.4883053
435	345	3.2800157
435	132	3.162262
435	43	3.054191
435	384	3.0017579
435	803	2.8760955
435	36	2.8693504
435	175	2.7210915
435	195	2.6657557
436	148	6.9541855
436	68	6.4386597
436	53	6.3801446
436	151	6.288303
436	139	6.0777044
436	103	5.625725
436	48	5.5209413
436	59	5.467376
436	71	5.359609
436	25	5.218857
437	74	5.4747586
437	53	5.1719136
437	59	5.102877
437	66	4.922508
437	164	4.6229424
437	47	4.586088
437	68	4.548682
437	25	4.544295
437	256	4.5246844
437	108	4.510433
438	318	3.5093365
438	142	3.0097651
438	163	2.8805563
438	334	2.7352738
438	232	2.714669
438	94	2.5280519
438	277	2.5109096
438	294	2.5049613
438	145	2.4536738
438	283	2.4255478
439	53	7.7190037
439	148	7.398653
439	66	7.354851
439	68	7.076892
439	139	6.9121547
439	157	6.8417497
439	36	6.827613
439	48	6.629123
439	47	6.5771136
439	151	6.5717754
440	74	5.081012
440	915	4.9868703
440	2	4.948771
440	121	4.7682395
440	10	4.668138
440	18	4.5280223
440	119	4.441669
440	117	4.4316516
440	75	4.427729
440	137	4.387819
441	36	6.4302635
441	74	5.805569
441	59	5.7311487
441	67	5.6814857
441	164	5.645134
441	175	5.5576563
441	129	5.1214314
441	216	4.9231744
441	25	4.913387
441	47	4.9132495
442	88	5.4177074
442	66	5.2886543
442	36	4.980956
442	148	4.9519258
442	129	4.8540444
442	15	4.672432
442	53	4.5609174
442	59	4.54651
442	225	4.5094686
442	157	4.3546095
443	359	4.1596694
443	482	4.0062118
443	181	3.9114041
443	292	3.9103115
443	317	3.7163157
443	909	3.7056878
443	298	3.4577246
443	406	3.4416575
443	209	3.3510253
443	1193	3.3464537
444	314	3.3458683
444	36	2.903361
444	518	2.810294
444	648	2.8092244
444	465	2.683764
444	331	2.576053
444	74	2.3594964
444	257	2.3567548
444	345	2.3289194
444	10	2.3222408
445	53	6.032126
445	36	4.9840007
445	59	4.8092294
445	25	4.731712
445	67	4.661126
445	842	4.566077
445	18	4.5128727
445	71	4.430372
445	216	4.3976517
445	74	4.3765674
446	556	2.3568604
446	115	2.2643318
446	1264	2.1795683
446	1224	2.152914
446	121	2.1433086
446	1023	2.1038644
446	1261	2.0973778
446	414	2.0936632
446	13	2.0808973
446	1083	2.0667038
447	36	4.778463
447	53	4.528798
447	175	4.3773255
447	139	3.9982462
447	25	3.924171
447	74	3.9121256
447	163	3.8754005
447	10	3.838906
447	67	3.7738256
447	59	3.6388676
448	453	4.956851
448	209	4.8697786
448	452	4.5828547
448	1188	4.2430186
448	398	4.234544
448	769	4.0626693
448	104	3.9538596
448	612	3.7898233
448	865	3.7314816
448	98	3.5947142
449	53	4.4299045
449	71	4.037082
449	74	3.9495533
449	36	3.8929935
449	129	3.79464
449	784	3.652349
449	164	3.6300385
449	216	3.5352921
449	25	3.534079
449	67	3.517985
450	286	3.4616535
450	1002	3.3651576
450	123	3.3142686
450	345	3.3036978
450	1240	3.2998044
450	226	3.2406316
450	326	3.118237
450	334	3.0661013
450	314	2.9420152
450	371	2.9073954
451	58	8.02998
451	345	5.83597
451	166	5.7229795
451	286	5.686372
451	175	5.436969
451	334	5.420755
451	36	5.403493
451	94	5.327144
451	379	5.140524
451	326	5.0646296
452	53	6.335887
452	36	6.2112236
452	66	5.417819
452	148	5.293955
452	71	5.286101
452	68	5.283711
452	25	5.1290803
452	256	5.103937
452	67	5.0586452
452	139	5.0252924
453	36	6.1357665
453	74	5.8188686
453	149	5.500339
453	53	5.280222
453	164	5.220049
453	175	4.9656563
453	379	4.9562893
453	257	4.916379
453	67	4.820536
453	47	4.608078
454	36	7.5610247
454	148	7.176919
454	66	7.1290536
454	59	6.4999003
454	175	6.4192066
454	47	6.394244
454	151	6.3145876
454	25	6.201798
454	48	6.0604143
454	71	6.0429235
455	53	7.6621275
455	66	6.978509
455	148	6.937595
455	68	6.8247924
455	36	6.7120433
455	59	6.628173
455	139	6.2751355
455	157	6.239086
455	71	6.232431
455	103	6.210615
456	58	4.8294716
456	123	4.5827475
456	36	4.4337573
456	175	4.294281
456	59	4.0270357
456	318	3.889496
456	163	3.833474
456	345	3.8267403
456	290	3.757953
456	53	3.7097416
457	66	8.301988
457	148	8.100345
457	68	7.93844
457	139	7.8966913
457	151	7.2706146
457	72	6.625879
457	67	6.61934
457	47	6.594492
457	175	6.3973207
457	42	6.325233
458	53	9.004288
458	66	8.422111
458	148	8.350769
458	68	8.019232
458	139	7.8389378
458	36	7.268067
458	103	7.1241894
458	71	7.0803585
458	59	6.885968
458	381	6.7437525
459	66	6.6037116
459	68	6.5968103
459	59	6.5188804
459	148	6.513656
459	139	6.4769874
459	25	6.189761
459	71	6.1896605
459	67	5.9686465
459	47	5.9463763
459	157	5.9441657
460	121	4.8349533
460	15	4.445399
460	257	3.9101646
460	137	3.796291
460	125	3.653914
460	118	3.6469753
460	74	3.5684378
460	129	3.476657
460	414	3.4529133
460	75	3.357322
461	53	7.3732815
461	68	6.9295626
461	157	6.88459
461	139	6.792575
461	48	6.499284
461	36	6.4945493
461	103	6.0735645
461	59	5.7959137
461	175	5.6593575
461	71	5.6398306
462	53	5.2349153
462	68	4.5416937
462	139	4.5041113
462	66	4.4710736
462	157	4.2923846
462	175	4.242073
462	48	4.08029
462	373	4.054273
462	151	4.05159
462	103	3.7885163
463	36	7.9613457
463	59	7.161306
463	53	6.7109976
463	139	6.3420243
463	67	6.233468
463	66	6.1263328
463	25	6.097499
463	175	6.0744853
463	164	6.008321
463	71	5.9637756
464	58	4.806327
464	175	4.5647483
464	67	4.4737606
464	59	4.4585
464	53	4.4551797
464	163	4.4535217
464	226	4.3414063
464	345	4.2749233
464	66	4.217555
464	166	4.0987663
465	345	2.6724837
465	58	2.6683946
465	482	2.435426
465	343	2.435283
465	359	2.4338806
465	317	2.391374
465	111	2.3019946
465	181	2.2922463
465	83	2.2595322
465	133	2.084232
466	59	3.9305134
466	256	3.7577748
466	66	3.6867948
466	54	3.5386002
466	36	3.4696114
466	408	3.372364
466	283	3.1077948
466	148	3.0970886
466	62	3.066504
466	273	3.0520442
467	36	6.4619274
467	53	6.44074
467	148	6.3831296
467	139	6.0133634
467	48	5.4804115
467	175	5.435346
467	103	5.347111
467	47	5.141054
467	25	5.0782123
467	67	4.99507
468	175	5.9496393
468	53	5.6241403
468	139	5.4629035
468	67	5.338617
468	68	5.168097
468	163	4.9053206
468	108	4.903264
468	64	4.8864202
468	157	4.8284945
468	273	4.714401
469	68	7.4284534
469	139	7.2754445
469	48	6.4252324
469	59	6.385504
469	175	6.049831
469	47	5.937342
469	25	5.905681
469	273	5.7710743
469	0	5.753723
469	67	5.6952815
470	58	4.9764915
470	286	4.715868
470	163	3.8611743
470	175	3.627674
470	334	3.6269317
470	142	3.5424762
470	36	3.379769
470	290	3.3426409
470	243	3.3245664
470	139	3.265561
471	59	4.9141307
471	256	4.733201
471	56	4.7081966
471	36	4.700619
471	67	4.2576795
471	47	4.069128
471	273	4.02993
471	25	3.8071818
471	164	3.798077
471	53	3.7746103
472	58	5.0109754
472	123	4.866952
472	286	4.5944905
472	36	4.3959103
472	384	4.15676
472	175	4.0564065
472	94	3.9987123
472	379	3.9563441
472	163	3.8598847
472	345	3.8416462
473	53	8.620444
473	66	7.777433
473	36	7.6852717
473	68	7.5166826
473	151	6.8594913
473	175	6.5470843
473	47	6.5121455
473	48	6.4923162
473	72	6.170639
473	273	6.0805216
474	53	8.930534
474	66	8.070035
474	148	7.8696985
474	139	7.603101
474	36	7.601014
474	157	7.3022513
474	59	7.2047257
474	151	7.0436673
474	71	6.9261904
474	103	6.795833
475	181	4.596349
475	432	4.469157
475	915	4.447879
475	18	4.2936745
475	908	4.14153
475	8	3.8311052
475	362	3.7954447
475	773	3.7051868
475	314	3.539268
475	121	3.4676933
476	379	5.1480355
476	345	4.9547005
476	334	4.8004913
476	166	4.762448
476	36	4.7119427
476	226	4.67146
476	94	4.6330514
476	326	4.602983
476	318	4.3474526
476	377	4.3224573
477	36	6.7101192
477	59	6.0493546
477	175	5.873952
477	58	5.857812
477	53	5.4621277
477	66	5.4127283
477	139	5.329519
477	148	5.258018
477	68	5.129334
477	25	4.950474
478	53	8.125269
478	36	6.9615765
478	66	6.8240485
478	139	6.764533
478	148	6.680535
478	59	6.4646125
478	68	6.4243975
478	25	6.2819514
478	157	6.2524023
478	71	6.2114496
479	129	4.441137
479	36	4.3897295
479	108	3.658441
479	67	3.638202
479	25	3.636285
479	53	3.5848818
479	273	3.441342
479	66	3.3492858
479	164	3.33316
479	64	3.3299935
480	139	6.0457544
480	36	5.9749556
480	148	5.906083
480	68	5.8760343
480	66	5.742118
480	175	5.5775757
480	157	5.4646215
480	59	5.435811
480	25	5.3850846
480	47	5.345479
481	74	4.5321474
481	344	4.1826043
481	13	4.1239676
481	10	3.9739785
481	379	3.8710134
481	58	3.5932615
481	970	3.4943042
481	168	3.480156
481	164	3.4502234
481	123	3.442411
482	66	8.014004
482	151	7.222758
482	36	7.054538
482	25	6.816191
482	59	6.6454597
482	48	6.6250267
482	67	6.300659
482	47	6.268174
482	719	6.265668
482	42	6.217761
483	36	7.1025386
483	59	6.025179
483	66	5.5891705
483	67	5.524868
483	53	5.21864
483	148	5.2155585
483	139	5.2028527
483	256	5.139183
483	25	5.0883255
483	68	5.0819573
484	148	7.4331264
484	139	6.4970636
484	103	6.235663
484	48	6.000069
484	71	5.879642
484	59	5.835148
484	25	5.770682
484	381	5.5888443
484	175	5.4349937
484	67	5.3548293
485	36	5.4966373
485	139	4.7085238
485	59	4.615987
485	47	4.3657413
485	53	4.282298
485	226	4.223756
485	163	4.1791286
485	148	3.9271386
485	48	3.7448506
485	67	3.7423286
486	75	2.8863645
486	908	2.8745477
486	1193	2.8470058
486	121	2.7554674
486	119	2.6960325
486	118	2.6229148
486	778	2.5642815
486	1082	2.4904706
486	12	2.4671783
486	8	2.4504435
487	769	2.7129605
487	408	2.3782475
487	256	2.3479342
487	98	2.305303
487	59	2.2199023
487	36	2.171947
487	62	2.1189196
487	56	2.048909
487	104	2.0372438
487	326	2.0286558
488	148	6.3167615
488	36	6.260593
488	53	6.2274194
488	68	5.9183373
488	151	5.7014074
488	139	5.6514783
488	48	4.911061
488	67	4.8440304
488	25	4.826329
488	71	4.760487
489	795	2.9137175
489	1282	2.8791935
489	632	2.8420231
489	1358	2.7106576
489	727	2.707409
489	902	2.6608672
489	703	2.5084636
489	1397	2.508191
489	1291	2.4962459
489	1036	2.3237774
490	1589	4.399387
490	1474	4.030685
490	1481	4.012318
490	1417	3.9660544
490	1178	3.8339186
490	426	3.7996445
490	1361	3.7860568
490	746	3.736187
490	833	3.6451147
490	1184	3.6250367
491	323	2.3255482
491	59	2.3047903
491	269	2.285734
491	108	2.272897
491	783	2.1150153
491	104	2.1145298
491	774	2.095493
491	650	2.07111
491	36	2.0684285
491	463	2.0036087
492	314	4.527305
492	58	4.484579
492	123	4.405562
492	298	3.9487813
492	141	3.690171
492	10	3.6862824
492	384	3.6158245
492	482	3.5140133
492	226	3.498235
492	292	3.2336085
493	53	5.99378
493	12	4.704844
493	119	4.5930204
493	36	4.5391316
493	47	4.447308
493	175	4.373316
493	25	4.372227
493	216	4.361156
493	74	4.2578053
493	842	4.1947856
494	31	5.509545
494	34	4.9296436
494	579	4.885289
494	53	4.664947
494	440	4.5455837
494	256	4.330281
494	439	4.186397
494	447	4.183369
494	175	4.077349
494	444	3.9737384
495	36	7.5343366
495	59	5.9952874
495	175	5.9840407
495	67	5.9359384
495	47	5.6708045
495	68	5.6203265
495	25	5.504002
495	151	5.243751
495	226	5.1897693
495	48	5.176026
496	769	7.568028
496	104	7.336029
496	408	6.6725516
496	775	6.489776
496	453	6.1455283
496	452	5.813439
496	422	5.6661725
496	865	5.6487374
496	1188	5.591486
496	15	5.582276
497	10	5.475967
497	194	5.2735014
497	36	5.203065
497	74	5.1104007
497	164	4.9802275
497	67	4.773062
497	149	4.661827
497	53	4.489664
497	379	4.447472
497	47	4.306671
498	58	5.4096823
498	175	4.6130934
498	139	4.5473037
498	326	4.479841
498	48	4.377598
498	318	4.34719
498	142	4.2127757
498	148	4.168393
498	123	4.119312
498	163	4.111988
499	36	8.033147
499	53	7.6258063
499	59	7.0812497
499	66	6.9556055
499	148	6.825307
499	47	6.6781573
499	68	6.6573386
499	25	6.350348
499	157	6.276707
499	71	6.233335
500	286	3.1283576
500	143	3.0457222
500	625	2.843544
500	632	2.7182372
500	58	2.6974232
500	318	2.6224132
500	232	2.621906
500	302	2.6036353
500	334	2.5662806
500	1177	2.5084903
501	66	5.9823847
501	139	5.7477727
501	68	5.680123
501	36	5.650093
501	59	5.422092
501	157	5.3989544
501	151	5.2859178
501	47	5.1339345
501	175	5.097256
501	71	4.9601293
502	53	6.523739
502	74	5.371913
502	66	5.249352
502	67	5.144805
502	25	5.092327
502	164	5.0042033
502	47	4.917747
502	59	4.7678275
502	139	4.70724
502	71	4.6789756
503	36	5.226075
503	53	4.9126854
503	175	4.592826
503	314	4.526795
503	10	4.270111
503	66	4.1489964
503	344	4.140868
503	164	4.0715914
503	226	4.001425
503	149	3.9505763
504	66	7.706139
504	157	7.0381107
504	139	6.956994
504	36	6.7790184
504	151	6.742494
504	59	6.152976
504	381	6.073414
504	48	5.8389482
504	72	5.8365326
504	175	5.736283
505	194	4.4049015
505	257	4.2486215
505	74	4.215355
505	119	3.6598003
505	125	3.4058516
505	75	3.3433805
505	18	3.3293352
505	13	3.2652426
505	652	3.2575693
505	121	3.2077844
506	36	7.4929075
506	66	6.714059
506	148	6.6130657
506	139	6.404801
506	157	6.1326795
506	25	6.0347943
506	71	6.0336695
506	151	5.9831347
506	175	5.934777
506	67	5.791345
507	368	5.8552933
507	219	5.7460914
507	365	5.6278806
507	822	4.4364495
507	596	4.0484357
507	994	3.991874
507	856	3.5957594
507	1201	3.1309962
507	996	3.073723
507	700	3.0104828
508	269	4.46079
508	769	4.094917
508	129	4.05347
508	118	4.0045924
508	71	3.8468606
508	15	3.7697306
508	67	3.7369483
508	53	3.5228949
508	36	3.481328
508	40	3.478068
509	36	7.709973
509	53	7.52059
509	139	6.6698256
509	67	6.646363
509	66	6.5579085
509	148	6.540814
509	68	6.3069835
509	59	6.2698917
509	25	6.170554
509	175	6.1615205
510	36	4.9791923
510	256	4.3581185
510	53	4.028365
510	47	4.0118794
510	175	4.010319
510	139	3.7627382
510	48	3.758474
510	148	3.7226598
510	25	3.7032962
510	68	3.6734548
511	36	6.162748
511	53	5.898669
511	139	5.5588923
511	59	5.4102383
511	175	5.388684
511	66	5.306426
511	47	5.251887
511	148	5.216853
511	68	5.0718336
511	25	5.0581136
512	1062	2.9680629
512	972	2.874533
512	956	2.6807125
512	852	2.5925028
512	903	2.58694
512	1354	2.5740943
512	1612	2.5469027
512	889	2.4577005
512	746	2.4203806
512	1069	2.3855927
513	286	5.6199255
513	59	5.5616784
513	175	5.5531864
513	345	5.2247953
513	226	5.0979466
513	163	5.0480604
513	47	4.96826
513	66	4.9349747
513	67	4.8292108
513	326	4.7122045
514	157	4.753088
514	175	4.701869
514	151	4.350921
514	373	4.3261366
514	625	3.822648
514	25	3.7182598
514	428	3.6428552
514	223	3.5383644
514	36	3.5339746
514	273	3.455212
515	59	6.045595
515	36	5.8038383
515	769	5.559404
515	15	5.441321
515	118	5.2599297
515	408	5.1070833
515	74	5.094364
515	53	5.093487
515	67	5.01302
515	216	4.877575
516	314	6.60194
516	194	5.790723
516	292	4.989016
516	909	4.8818126
516	36	4.8188353
516	298	4.7440457
516	67	4.621812
516	482	4.620051
516	317	4.4971967
516	359	4.450658
517	36	7.6231446
517	139	7.0671935
517	59	6.63389
517	66	6.4928956
517	47	6.4508224
517	148	6.4404044
517	163	5.9970574
517	25	5.8094597
517	157	5.7944274
517	286	5.7703347
518	773	4.1803966
518	432	4.1302147
518	74	4.0822263
518	915	3.842337
518	22	3.8119576
518	908	3.7718582
518	257	3.7711022
518	137	3.6443825
518	8	3.6184654
518	811	3.56673
519	194	3.751851
519	181	3.7293887
519	908	3.2709308
519	18	3.2708244
519	347	3.1084685
519	105	3.1050332
519	45	3.0908735
519	241	3.07038
519	463	2.868846
519	247	2.861886
520	59	6.90928
520	164	6.423528
520	68	6.1584415
520	66	6.0905485
520	64	5.72777
520	162	5.633887
520	71	5.607247
520	0	5.2662277
520	331	5.2448406
520	29	5.234916
521	53	8.462458
521	36	7.3394184
521	139	7.1055503
521	59	7.028037
521	66	6.96509
521	148	6.916728
521	68	6.8826747
521	71	6.570713
521	25	6.4824357
521	175	6.4018345
522	769	3.2679837
522	1522	3.1739469
522	118	2.99696
522	242	2.766691
522	474	2.7664313
522	1188	2.6860595
522	225	2.6573553
522	98	2.5691855
522	15	2.5359669
522	1533	2.4487312
523	36	7.1006355
523	53	6.4856772
523	59	6.3531384
523	68	5.9623995
523	139	5.9129734
523	67	5.7420535
523	25	5.7010922
523	175	5.513191
523	71	5.4313245
523	103	5.352125
524	58	5.767391
524	226	5.5163255
524	175	5.3678584
524	59	5.237827
524	67	4.967338
524	286	4.8805704
524	10	4.8804245
524	166	4.721483
524	149	4.7108207
524	164	4.651675
525	74	3.6701508
525	257	3.4783628
525	36	3.2160678
525	269	3.2054496
525	23	3.1659915
525	417	3.1182327
525	1517	3.0132089
525	13	2.987068
525	119	2.9635074
525	1102	2.9633088
526	66	7.2437124
526	148	7.1625695
526	68	6.7413297
526	157	6.639841
526	103	6.075781
526	36	5.9644876
526	71	5.784427
526	59	5.625118
526	381	5.5101304
526	25	5.4007025
527	36	6.624493
527	53	5.9260983
527	139	5.836943
527	148	5.7379427
527	66	5.667797
527	175	5.530053
527	59	5.4607177
527	47	5.3954077
527	58	5.3636727
527	67	5.289006
528	36	4.7793064
528	163	4.320162
528	175	4.1497736
528	123	3.9132574
528	59	3.8996696
528	139	3.770722
528	162	3.668142
528	53	3.6065707
528	226	3.6065288
528	47	3.578875
529	408	6.652484
529	452	5.435316
529	769	5.299767
529	1188	5.1898212
529	104	4.900097
529	1135	4.574375
529	98	4.547551
529	15	4.4655657
529	118	4.443775
529	394	4.2711053
530	59	5.298703
530	36	4.3586497
530	287	4.308594
530	58	4.1949067
530	66	4.125288
530	68	4.048584
530	47	3.9670506
530	273	3.8842676
530	175	3.8784857
530	463	3.8650703
531	286	6.5500073
531	58	6.373333
531	36	5.5679975
531	326	5.508336
531	59	5.2368517
531	66	5.1045637
531	88	5.099056
531	142	5.0941634
531	123	5.0600686
531	175	4.9759736
532	53	6.0297494
532	74	5.6873784
532	36	5.299998
532	18	5.032538
532	67	4.8324013
532	164	4.7773366
532	216	4.679714
532	25	4.6013136
532	71	4.5986166
532	257	4.572718
533	36	6.84084
533	59	6.727748
533	66	6.6608577
533	139	6.5390887
533	148	6.524714
533	68	6.4863424
533	25	6.2705464
533	67	6.2416654
533	71	6.2081203
533	47	5.9512916
534	53	5.639473
534	36	5.0349298
534	175	5.016988
534	59	4.493644
534	25	4.3974967
534	66	4.374947
534	47	4.363687
534	148	4.34168
534	67	4.331651
534	68	4.0914006
535	58	5.2306595
535	175	5.128616
535	53	5.0559797
535	66	4.5827847
535	67	4.519126
535	139	4.3677397
535	148	4.358589
535	47	4.315618
535	256	4.2888355
535	123	4.245036
536	769	6.9535384
536	98	5.899195
536	453	5.892551
536	783	5.8908463
536	394	5.5255394
536	15	5.4918246
536	775	5.4666624
536	1188	5.422132
536	612	5.406511
536	118	5.2762647
537	36	7.4330993
537	59	6.3393006
537	66	6.2442126
537	175	6.00279
537	67	5.8582273
537	68	5.816526
537	25	5.7556357
537	157	5.3871384
537	74	5.2695723
537	64	5.1262765
538	67	4.6883993
538	36	4.440354
538	257	4.0300884
538	74	4.0140505
538	194	3.8607326
538	256	3.8531709
538	347	3.8458474
538	164	3.7636976
538	64	3.669873
538	10	3.5999753
539	36	5.0309534
539	58	4.757947
539	286	4.124433
539	123	4.083596
539	163	4.034674
539	74	3.9085321
539	10	3.8919694
539	94	3.8762903
539	59	3.8711822
539	344	3.8033671
540	8	4.188838
540	915	3.9247081
540	432	3.686045
540	18	3.6802933
540	909	3.6189816
540	964	3.5479753
540	194	3.5289552
540	117	3.422476
540	245	3.3891346
540	121	3.3781066
541	58	4.2429504
541	334	3.4398277
541	226	3.4124749
541	318	3.3304362
541	377	3.1464608
541	143	2.9685996
541	232	2.8152862
541	290	2.7575607
541	384	2.6976595
541	356	2.6536727
542	581	2.952462
542	389	2.7019238
542	81	2.6113367
542	570	2.5321333
542	80	2.4472744
542	1379	2.4289055
542	1032	2.2630093
542	619	2.2493596
542	63	2.23323
542	690	2.2208736
543	314	6.2727175
543	36	5.7268057
543	181	5.4290957
543	67	5.421982
543	53	4.9781375
543	117	4.880142
543	123	4.8635907
543	164	4.701507
543	298	4.63701
543	10	4.6346397
544	139	3.9824846
544	175	3.744115
544	47	3.5128982
544	36	3.5121825
544	163	3.4214854
544	67	3.015403
544	10	2.9611835
544	59	2.911088
544	68	2.8337631
544	148	2.818064
545	36	4.5897264
545	59	4.1333637
545	53	3.6042132
545	66	3.5202017
545	129	3.5107777
545	256	3.4672065
545	67	3.4295554
545	148	3.3944516
545	25	3.3806906
545	164	3.3223143
546	36	5.3129044
546	68	4.671439
546	66	4.454484
546	148	4.403119
546	59	4.3580394
546	163	4.342509
546	47	4.3226447
546	157	4.2978263
546	151	4.172999
546	53	4.149568
547	286	3.4537997
547	142	2.9489598
547	58	2.86748
547	326	2.8327098
547	318	2.7245967
547	48	2.7003648
547	143	2.623502
547	373	2.5301423
547	376	2.4783351
547	343	2.4659336
548	148	6.377268
548	66	6.321856
548	68	6.163884
548	139	6.092278
548	59	6.0596695
548	175	5.9762506
548	36	5.748833
548	157	5.709672
548	151	5.6437783
548	67	5.5872803
549	68	7.7293878
549	157	7.3434863
549	36	6.7554207
549	381	6.55878
549	48	6.546757
549	59	6.378955
549	273	5.86299
549	175	5.843557
549	42	5.836785
549	67	5.812821
550	286	5.4191074
550	58	5.009342
550	226	4.4579415
550	318	4.3644767
550	123	4.342452
550	326	4.1400056
550	290	4.052123
550	334	3.878668
550	94	3.8176887
550	345	3.7660265
551	139	7.970294
551	103	7.498118
551	71	7.346546
551	25	6.7720275
551	72	6.5143037
551	0	6.311557
551	70	6.184779
551	47	6.1181417
551	44	6.1156235
551	144	6.016395
552	775	7.2358756
552	452	7.070452
552	783	7.0404
552	422	6.8203483
552	1188	6.7386184
552	865	6.7356796
552	769	6.5746326
552	453	6.532995
552	1135	6.5027337
552	209	6.494087
553	66	5.784075
553	139	5.6072264
553	67	5.537284
553	53	5.3487673
553	175	5.2493024
553	68	5.225386
553	71	5.184251
553	25	5.172571
553	256	5.1069775
553	47	4.9404273
554	398	8.393709
554	422	7.67329
554	769	7.660948
554	865	7.4634843
554	209	7.087066
554	408	6.839109
554	940	5.7956257
554	1312	5.7479086
554	1533	5.318113
554	885	5.158397
555	36	5.0429883
555	123	4.623001
555	67	4.4849324
555	58	4.472494
555	175	4.4150443
555	149	4.3681083
555	59	4.3315153
555	10	4.2802234
555	164	4.137721
555	256	4.1176662
556	53	8.938324
556	148	7.605195
556	36	7.4557886
556	139	7.350761
556	68	7.2317624
556	157	6.978813
556	151	6.8077435
556	71	6.7423987
556	25	6.699429
556	175	6.6952643
557	139	6.2994156
557	175	5.8340864
557	47	5.6968894
557	71	5.057599
557	381	4.494302
557	256	4.3538413
557	58	4.329239
557	29	4.3202076
557	162	4.111034
557	547	3.9858556
558	257	5.322392
558	121	4.9694195
558	1193	4.801379
558	15	4.3404536
558	194	4.2466917
558	119	4.0889754
558	118	3.9315917
558	22	3.8370621
558	432	3.713938
558	1082	3.6302843
559	66	4.977101
559	36	4.719137
559	58	4.709087
559	157	4.4904633
559	286	4.4184456
559	151	4.405279
559	48	4.3805
559	139	4.314388
559	68	4.266425
559	175	4.1424866
560	36	6.3106046
560	74	5.6214805
560	129	4.589143
560	108	4.569708
560	164	4.340737
560	67	4.2957726
560	175	4.2446394
560	53	4.193257
560	15	4.1699986
560	269	4.16334
561	53	5.0857773
561	66	5.051314
561	175	5.017746
561	36	4.919797
561	139	4.800956
561	148	4.482302
561	157	4.4060564
561	59	4.341222
561	68	4.304169
561	345	4.2762213
562	59	7.2240314
562	66	6.6318417
562	53	6.2535477
562	68	6.0840917
562	148	6.0696087
562	175	5.9595604
562	67	5.8114576
562	47	5.7818875
562	139	5.7421227
562	25	5.741668
563	408	4.6122103
563	769	4.2434025
563	104	4.086714
563	452	3.845923
563	1188	3.7522364
563	783	3.6317093
563	394	3.5546792
563	209	3.4588103
563	1135	3.432758
563	865	3.3842182
564	53	5.731991
564	66	5.4808245
564	157	5.35371
564	68	5.2613077
564	139	5.2085485
564	48	5.1515603
564	151	5.107454
564	103	4.6907864
564	175	4.5773473
564	625	4.2990246
565	123	4.295542
565	36	4.1498613
565	257	4.076863
565	226	3.8592017
565	58	3.8223815
565	10	3.6157622
565	345	3.6153138
565	149	3.452582
565	59	3.3534057
565	61	3.2883122
566	53	7.3515286
566	66	7.173801
566	151	6.4582148
566	103	6.1072955
566	48	5.9798594
566	59	5.722444
566	25	5.5923533
566	381	5.5127215
566	0	5.2758613
566	273	5.2351394
567	75	4.824023
567	74	4.1620216
567	23	3.9944928
567	257	3.978435
567	1348	3.9496346
567	36	3.7439144
567	119	3.666849
567	164	3.5555584
567	269	3.3972492
567	43	3.3384995
568	121	3.280387
568	12	2.5253592
568	47	2.5209942
568	7	2.34899
568	168	2.3211155
568	163	2.2256637
568	115	2.074826
568	94	2.054029
568	58	2.0470903
568	230	2.0306756
569	53	8.029471
569	66	7.5267777
569	148	7.4233174
569	36	7.1665306
569	68	7.1482697
569	157	6.9674406
569	59	6.3947763
569	103	6.3091583
569	381	6.091867
569	175	6.001653
570	74	5.0166364
570	59	4.851857
570	129	4.8219886
570	53	4.6229835
570	67	4.543578
570	66	4.5361543
570	269	4.529209
570	256	4.4540396
570	408	4.4493227
570	15	4.4221287
571	53	5.8731647
571	74	5.54285
571	36	5.1629496
571	216	4.932584
571	67	4.8419833
571	71	4.628107
571	164	4.5699625
571	221	4.555482
571	72	4.5418873
571	25	4.53268
572	66	9.275977
572	148	9.1250515
572	139	8.869043
572	157	8.465626
572	59	8.1606655
572	71	7.9511824
572	103	7.8856325
572	25	7.7992096
572	381	7.5755253
572	47	7.5080667
573	59	6.7055387
573	175	6.1244774
573	25	6.027003
573	66	5.8967276
573	148	5.7512856
573	68	5.735536
573	71	5.5428786
573	256	5.528908
573	64	5.4538803
573	108	5.355781
574	66	7.865685
574	68	7.465002
574	139	7.3422194
574	157	7.241288
574	151	7.0601163
574	36	6.4934983
574	381	6.394618
574	59	6.1679606
574	72	5.935571
574	47	5.779607
575	58	6.022084
575	123	5.726071
575	36	5.586163
575	163	5.2608504
575	175	5.056259
575	334	4.764865
575	286	4.718507
575	168	4.6958885
575	59	4.5826325
575	345	4.5822144
576	36	7.1040154
576	53	6.195322
576	59	6.1072373
576	67	5.910934
576	66	5.5354567
576	129	5.511885
576	68	5.255614
576	164	5.2531114
576	148	5.24928
576	71	5.2452765
577	181	5.2394757
577	359	5.116216
577	482	5.0097814
577	194	4.961225
577	909	4.9341063
577	400	4.5553107
577	317	4.5459795
577	292	4.317505
577	343	4.2955027
577	298	3.9565547
578	53	5.524998
578	144	4.4029717
578	1082	4.3362336
578	196	4.2725234
578	216	4.2238717
578	71	4.173696
578	129	4.1528378
578	75	4.133706
578	842	4.0768514
578	105	3.9889677
579	226	3.6988761
579	66	3.443743
579	47	3.2794585
579	53	3.1461623
579	148	3.122871
579	1429	3.0329545
579	648	2.9573
579	139	2.9537635
579	25	2.925659
579	10	2.9042413
580	36	4.9289136
580	67	4.8277144
580	74	4.790186
580	59	4.4140353
580	175	4.253466
580	164	4.24524
580	53	4.215921
580	47	4.136546
580	269	3.9655914
580	256	3.9309955
581	36	4.605695
581	216	4.4729395
581	53	4.338191
581	119	4.3215175
581	269	3.9855664
581	164	3.9583645
581	108	3.8689897
581	221	3.864573
581	204	3.7595887
581	200	3.7262573
582	36	5.0973835
582	123	4.5842414
582	58	4.514594
582	269	4.0388784
582	345	4.035245
582	226	3.8277228
582	47	3.7945595
582	59	3.760202
582	162	3.7291615
582	164	3.7145798
583	53	6.74326
583	59	6.4657764
583	36	6.4535985
583	68	6.041713
583	66	5.921356
583	148	5.5828757
583	47	5.5181403
583	25	5.502488
583	139	5.4227753
583	67	5.3554645
584	769	4.536944
584	104	4.0227857
584	453	3.667775
584	98	3.441018
584	1188	3.4084432
584	21	3.3818903
584	452	3.3446732
584	209	3.2750437
584	422	3.1984198
584	394	3.105388
585	286	5.9966555
585	175	5.439506
585	139	4.696032
585	318	4.5922546
585	53	4.5260057
585	48	4.3099337
585	243	4.288135
585	142	4.2032304
585	283	4.092821
585	66	4.0553055
586	59	5.265815
586	36	4.717824
586	58	4.5592356
586	323	4.3952675
586	286	3.9675033
586	43	3.7959719
586	269	3.6349223
586	326	3.6211793
586	66	3.57266
586	774	3.478417
587	48	3.259939
587	148	3.2164187
587	151	3.1980433
587	373	3.1974897
587	66	3.1832006
587	68	3.1644826
587	139	3.0708504
587	157	3.0692236
587	286	3.0432107
587	47	2.9507096
588	555	4.421969
588	71	4.3087745
588	129	4.220895
588	53	4.196449
588	103	3.9491959
588	196	3.897834
588	66	3.8557882
588	36	3.7552044
588	1082	3.5541468
588	381	3.5331101
589	123	5.4429383
589	58	4.965627
589	384	4.7180448
589	344	4.5241175
589	249	4.36043
589	306	4.002613
589	166	3.842876
589	167	3.8089724
589	763	3.8083785
589	94	3.7583287
590	18	4.9835815
590	36	4.757487
590	47	4.730562
590	25	4.703959
590	164	4.608236
590	175	4.4556847
590	139	4.429037
590	915	4.376262
590	216	4.217601
590	67	4.1927876
591	826	2.7195368
591	33	2.5031364
591	230	2.1627455
591	654	2.1226552
591	9	2.0936086
591	331	2.053505
591	467	2.05196
591	47	2.0467737
591	168	2.023208
591	981	2.009241
592	36	6.6439695
592	139	5.9667945
592	59	5.7706347
592	53	5.7580595
592	66	5.3131413
592	175	5.312724
592	148	5.2960186
592	67	5.1795926
592	163	5.1282907
592	47	5.0209503
593	1358	2.4328496
593	63	2.0125933
593	1282	1.9518913
593	902	1.88486
593	1360	1.7904243
593	1379	1.7722377
593	1589	1.7682534
593	1473	1.7505035
593	1397	1.7331995
593	967	1.7299944
594	36	4.733304
594	344	4.105663
594	53	3.9460013
594	970	3.8393078
594	132	3.7666285
594	378	3.6041546
594	216	3.5659978
594	66	3.521094
594	59	3.4631636
594	175	3.4425364
595	36	5.7439585
595	175	5.6081405
595	53	5.257428
595	163	5.028076
595	59	4.9805164
595	47	4.914789
595	67	4.8918447
595	58	4.8913674
595	139	4.7638664
595	149	4.6576123
596	58	3.3353734
596	345	2.9100738
596	424	2.8758843
596	175	2.7702665
596	1391	2.5845292
596	276	2.5805144
596	100	2.4008372
596	734	2.367914
596	149	2.366991
596	437	2.3633523
597	36	7.6513267
597	53	7.2682524
597	59	6.4606266
597	67	6.3423376
597	175	6.335575
597	74	6.319857
597	47	6.0218716
597	164	5.8875804
597	139	5.7896066
597	25	5.752835
598	66	5.7558856
598	68	5.6131454
598	175	5.4780545
598	67	5.3460436
598	381	5.1679354
598	59	5.014022
598	151	4.985707
598	48	4.9838934
598	103	4.9830327
598	105	4.8074727
599	36	7.2119303
599	148	6.5849724
599	67	6.5342035
599	139	6.4725237
599	59	6.428004
599	25	6.3473988
599	175	5.968235
599	129	5.936996
599	103	5.930094
599	164	5.9111648
600	58	4.206725
600	123	4.161744
600	226	3.7922752
600	36	3.6539745
600	326	3.5579512
600	345	3.3073084
600	334	3.024305
600	88	3.0000832
600	463	2.8623147
600	1002	2.8593287
601	75	3.4650679
601	257	3.3331714
601	638	3.3241565
601	908	3.3034668
601	67	3.2596982
601	121	3.2232454
601	36	3.1791732
601	432	3.126987
601	18	3.0957549
601	164	3.08426
602	119	5.05756
602	149	4.8524504
602	2	4.6211505
602	36	4.4588666
602	10	4.4114285
602	67	4.358731
602	53	4.347523
602	137	4.199381
602	75	4.171297
602	61	4.0989604
603	58	5.543272
603	326	4.974231
603	59	3.9910736
603	334	3.932923
603	36	3.879341
603	318	3.8347101
603	123	3.7833464
603	290	3.760827
603	94	3.741166
603	226	3.552423
604	10	5.1124725
604	12	4.6105604
604	379	4.582037
604	74	4.564142
604	123	4.5284147
604	257	4.3034506
604	58	4.2995634
604	432	4.222697
604	345	4.206565
604	111	4.139985
605	36	7.1221857
605	53	6.587116
605	59	6.412208
605	139	6.3079157
605	175	6.2058315
605	148	6.121516
605	68	6.092357
605	47	6.0653043
605	157	5.588731
605	25	5.4702344
606	53	8.011679
606	66	7.5538864
606	148	7.4373126
606	139	7.1237936
606	151	6.8050957
606	36	6.7518125
606	59	6.3574877
606	381	6.2865767
606	25	6.1184855
606	0	5.710757
607	118	4.7802014
607	453	4.3620577
607	408	4.3084846
607	769	4.2222624
607	129	4.0297737
607	104	3.5455892
607	452	3.540408
607	555	3.5101748
607	209	3.440527
607	21	3.434667
608	36	5.651177
608	166	5.0715613
608	226	4.9992394
608	286	4.972445
608	334	4.7875047
608	175	4.697232
608	290	4.39147
608	168	4.3576097
608	94	4.243336
608	1023	4.173696
609	477	2.5242233
609	104	2.510898
609	775	2.3532274
609	394	2.3528957
609	92	2.319296
609	422	2.2828593
609	119	2.27082
609	612	2.2706492
609	783	2.2321453
609	118	2.1592553
610	36	5.88056
610	66	5.719514
610	148	5.457893
610	53	5.444935
610	68	5.284633
610	139	5.074026
610	157	5.0578604
610	151	4.9746757
610	59	4.705145
610	25	4.5418916
611	269	3.4851642
611	74	3.4125621
611	164	3.1447675
611	257	3.1048229
611	119	3.1044528
611	2	3.1041656
611	23	2.9926445
611	36	2.965355
611	61	2.7822206
611	75	2.729863
612	15	4.732633
612	769	3.9980984
612	53	3.9592686
612	129	3.8297315
612	21	3.822772
612	216	3.2448046
612	66	3.1625962
612	408	3.1378155
612	778	3.1211088
612	74	3.10551
613	36	6.750198
613	148	6.731068
613	68	6.543739
613	139	6.344563
613	59	6.3073936
613	71	6.238008
613	157	6.085727
613	25	6.0653768
613	151	6.029742
613	103	5.9706407
614	36	6.538616
614	53	6.3061194
614	59	6.2881875
614	67	6.105433
614	66	5.6288705
614	256	5.61963
614	148	5.5001855
614	25	5.4977007
614	68	5.4211354
614	164	5.330758
615	66	7.078302
615	68	6.615135
615	151	6.400079
615	139	6.3682375
615	103	6.102894
615	71	5.91783
615	48	5.809547
615	36	5.6578445
615	25	5.2585793
615	42	5.112042
616	66	6.2430434
616	139	6.207562
616	157	5.795321
616	58	5.30519
616	163	4.7763357
616	25	4.6364117
616	44	4.4094286
616	326	4.243951
616	428	4.0281167
616	71	4.027346
617	53	6.843745
617	139	5.5567727
617	68	5.4990964
617	66	5.2545276
617	36	5.18358
617	47	5.1391106
617	175	5.0152483
617	59	4.9858193
617	71	4.8415246
617	151	4.775865
618	66	6.07104
618	148	5.987142
618	175	5.8603945
618	157	5.4454536
618	164	5.3489575
618	72	5.3102126
618	74	5.2770967
618	151	5.160781
618	64	5.098753
618	103	5.04557
619	398	6.5688396
619	452	6.443332
619	104	6.360839
619	775	6.126381
619	1188	5.976208
619	783	5.943545
619	612	5.9090014
619	1135	5.876039
619	422	5.8650346
619	865	5.7740006
620	36	6.2936435
620	59	5.789446
620	58	5.4970856
620	226	5.3696914
620	66	5.1757665
620	256	5.1660123
620	175	4.9843297
620	148	4.920322
620	326	4.9172463
620	67	4.813998
621	123	3.0466597
621	345	2.7217436
621	84	2.586812
621	945	2.4846954
621	344	2.3854303
621	286	2.3550355
621	137	2.3392947
621	10	2.3142903
621	166	2.3099275
621	97	2.2870774
622	58	6.1614537
622	36	5.394573
622	306	4.924227
622	379	4.8136754
622	226	4.759903
622	175	4.509771
622	286	4.498196
622	166	4.2823944
622	149	4.253838
622	67	4.190309
623	53	6.2509236
623	66	6.0224733
623	148	5.782205
623	175	5.3186736
623	68	5.2967257
623	139	5.2717524
623	47	5.2442284
623	151	5.0421815
623	25	5.0153565
623	67	4.806648
624	36	4.4810543
624	53	4.110915
624	74	4.0716486
624	10	3.9761977
624	67	3.8078022
624	164	3.7372453
624	18	3.4513628
624	648	3.40432
624	59	3.3431625
624	175	3.302628
625	58	6.655266
625	36	6.366197
625	123	5.6318865
625	59	5.214435
625	286	5.143835
625	166	5.1266418
625	175	4.9637556
625	163	4.9298854
625	47	4.853013
625	108	4.8265676
626	53	6.526747
626	36	5.9563894
626	139	5.521019
626	175	5.447494
626	148	5.432896
626	66	5.347106
626	47	5.3284106
626	25	5.2759876
626	59	5.2737765
626	67	5.127697
627	181	4.599864
627	909	4.350478
627	194	4.348783
627	317	3.6659763
627	298	3.2212408
627	400	3.1633132
627	292	2.9403741
627	343	2.7743795
627	53	2.6162155
627	637	2.5893867
628	36	9.144998
628	139	7.6201925
628	66	7.4325075
628	148	7.397414
628	157	6.666519
628	163	6.6350455
628	48	6.5800114
628	286	6.508125
628	151	6.433736
628	256	6.312398
629	53	6.952239
629	36	6.3238425
629	59	6.3108883
629	148	6.276871
629	66	6.275951
629	68	6.1622133
629	139	6.0303593
629	25	5.8137994
629	256	5.672102
629	175	5.6462564
630	59	5.1707172
630	67	5.022767
630	129	4.887577
630	769	4.7758327
630	256	4.7379446
630	108	4.6158233
630	164	4.588859
630	53	4.581146
630	269	4.5484147
630	148	4.4614515
631	53	6.6027584
631	66	6.56347
631	36	6.491452
631	59	6.4645715
631	148	6.261552
631	68	6.1179223
631	139	5.6193676
631	273	5.5724306
631	175	5.5122705
631	25	5.4440093
632	104	5.7935176
632	775	5.356004
632	98	5.2830014
632	15	4.997784
632	408	4.9583006
632	118	4.8158665
632	453	4.8030076
632	394	4.752428
632	129	4.584492
632	865	4.449712
633	74	5.737304
633	164	5.0829477
633	53	4.9762545
633	257	4.939472
633	67	4.811322
633	59	4.7466493
633	119	4.6979914
633	216	4.5811257
633	129	4.563582
633	175	4.4148073
634	286	4.9219594
634	142	4.1951556
634	318	4.180349
634	58	3.7400706
634	143	3.5603695
634	1321	3.3934617
634	356	3.1041336
634	1141	3.0676875
634	232	3.056067
634	1265	2.9944768
635	53	7.0992236
635	59	6.5167217
635	67	6.4062595
635	148	6.4007955
635	68	6.109298
635	25	5.872267
635	139	5.782377
635	175	5.661618
635	71	5.6563873
635	164	5.644479
636	477	3.803062
636	117	3.4571025
636	1555	2.793251
636	1292	2.6033878
636	911	2.5558379
636	23	2.5521286
636	1435	2.375567
636	1633	2.2550557
636	406	2.2400918
636	276	2.1591094
637	314	8.358617
637	194	7.8346725
637	482	7.506602
637	400	6.537118
637	1260	6.4158072
637	408	5.117978
637	117	3.5896115
637	27	3.519783
637	637	3.4782484
637	910	3.3979025
638	314	6.320754
638	194	5.148546
638	181	4.923567
638	909	4.48414
638	317	4.3378463
638	292	4.3227515
638	359	4.238565
638	298	4.1537757
638	36	4.066854
638	123	4.01948
639	53	3.6105561
639	15	3.4509327
639	118	3.252009
639	256	3.1864848
639	129	3.1467745
639	769	3.0486534
639	408	3.0475085
639	25	3.0159473
639	216	2.9935033
639	175	2.9325109
640	36	8.305593
640	66	6.782493
640	67	6.7132483
640	139	6.6702538
640	68	6.587829
640	175	6.5692444
640	25	6.558877
640	148	6.5483866
640	164	6.458725
640	71	6.332664
641	58	3.5827487
641	632	2.8378823
641	625	2.8249843
641	142	2.719927
641	232	2.6345303
641	143	2.6180801
641	226	2.5329409
641	334	2.3720944
641	231	2.3624516
641	246	2.3023336
642	148	6.937679
642	53	6.450284
642	157	6.359986
642	151	6.332829
642	139	5.8087387
642	36	5.7420173
642	48	5.502747
642	71	5.4160542
642	381	5.117376
642	225	5.0446324
643	36	6.1050115
643	123	5.9886374
643	58	5.474712
643	166	5.0609965
643	226	4.9925585
643	175	4.864233
643	345	4.849252
643	74	4.642086
643	59	4.5175686
643	149	4.4855394
644	769	7.5299153
644	104	6.685316
644	783	6.3806553
644	408	6.3468165
644	775	6.1634192
644	453	5.866966
644	98	5.8538885
644	394	5.8222837
644	452	5.665845
644	398	5.412082
645	36	6.904075
645	66	6.5938997
645	256	6.3872776
645	148	6.2851787
645	53	6.225752
645	68	6.1675353
645	151	5.736583
645	157	5.731235
645	273	5.605199
645	47	5.6051593
646	58	3.5803792
646	286	3.4747283
646	290	3.3834932
646	94	3.207119
646	123	2.9712298
646	10	2.881769
646	36	2.8780055
646	321	2.8644977
646	345	2.862489
646	334	2.794051
647	36	2.5413835
647	23	2.3850617
647	175	2.30492
647	477	2.1595852
647	47	2.1060195
647	163	2.0869305
647	164	2.077911
647	139	2.0218008
647	379	1.9995832
647	67	1.9359587
648	36	7.0483
648	53	5.2327404
648	67	5.2164454
648	74	5.069738
648	66	5.0226407
648	47	4.8988614
648	71	4.877891
648	25	4.8506284
648	139	4.8364973
648	68	4.834849
649	53	7.511022
649	68	6.84602
649	139	6.8115115
649	151	6.3504734
649	25	6.258001
649	273	5.8745203
649	103	5.5359273
649	381	5.3916397
649	74	5.3037934
649	108	5.22804
650	286	3.8454485
650	318	3.6074727
650	143	3.2223933
650	232	3.2137592
650	334	3.1855476
650	625	2.9985652
650	1359	2.9612062
650	1397	2.9171696
650	1321	2.7912228
650	277	2.775693
651	53	6.4466376
651	139	5.1897197
651	68	5.067392
651	47	4.873264
651	148	4.443896
651	36	4.440989
651	175	4.434466
651	59	4.4237328
651	25	4.3967505
651	66	4.3384733
652	53	7.7204914
652	139	6.8534513
652	66	6.6323986
652	59	6.620495
652	148	6.4890823
652	47	6.398161
652	68	6.252915
652	25	6.0651712
652	157	5.9843907
652	67	5.91425
653	36	7.6027746
653	59	6.6158643
653	175	6.571047
653	53	6.531946
653	139	6.465405
653	47	6.2319946
653	67	6.1613774
653	25	5.9152584
653	66	5.901507
653	148	5.8216543
654	123	3.6123343
654	148	3.3186705
654	175	3.2911203
654	59	3.1445353
654	66	2.8293195
654	48	2.8027987
654	151	2.789715
654	68	2.7853591
654	163	2.6742954
654	153	2.6674361
655	36	3.9096465
655	74	3.7871733
655	67	3.6868675
655	129	3.6689692
655	53	3.600448
655	47	3.5679674
655	25	3.503674
655	148	3.3495402
655	717	3.3457708
655	221	3.265603
656	53	4.8241625
656	59	4.5456986
656	269	4.498472
656	164	4.312618
656	25	4.1050177
656	139	4.100694
656	68	4.0910983
656	221	4.0869308
656	66	3.9533036
656	381	3.9197533
657	1510	2.3213506
657	447	2.1167912
657	579	1.968055
657	404	1.9277688
657	403	1.9077654
657	536	1.8508915
657	304	1.8313471
657	53	1.8219041
657	0	1.806575
657	68	1.7603261
658	66	6.717229
658	68	6.410414
658	36	6.0235047
658	48	5.589538
658	103	5.5811267
658	71	5.509459
658	59	5.3127594
658	47	5.190306
658	381	5.100767
658	67	4.8688054
659	53	7.71618
659	66	7.492602
659	148	7.405498
659	139	6.7293377
659	36	6.2712917
659	48	5.954056
659	59	5.9223213
659	25	5.812571
659	225	5.6215076
659	67	5.498187
660	36	6.7007613
660	53	6.455241
660	66	6.3567576
660	139	6.2481833
660	59	6.2473426
660	68	6.244321
660	148	6.207024
660	157	5.8215556
660	47	5.7605867
660	175	5.744324
661	662	5.096488
661	466	5.084076
661	66	5.023788
661	36	4.9373617
661	59	4.667076
661	148	4.5937443
661	68	4.3745284
661	175	4.161989
661	53	4.126429
661	151	4.0783906
662	36	4.9808655
662	148	4.5247045
662	68	4.3055367
662	157	4.066314
662	47	4.0154705
662	151	4.011147
662	139	3.998252
662	175	3.8948107
662	48	3.875788
662	103	3.4850302
663	36	7.6514797
663	175	6.4764047
663	53	6.428622
663	226	6.239529
663	66	6.182771
663	58	6.15227
663	47	5.828305
663	67	5.749912
663	139	5.6882243
663	74	5.5302505
664	59	2.862493
664	36	2.8254848
664	269	2.6973863
664	256	2.5825408
664	56	2.4274337
664	23	2.374103
664	67	2.281532
664	273	2.245519
664	287	2.2217367
664	66	2.1352844
665	36	7.7766805
665	53	7.322267
665	66	6.5646276
665	59	6.3707085
665	148	6.08317
665	175	6.000257
665	139	5.9862366
665	71	5.946488
665	25	5.84308
665	68	5.7577157
666	194	5.26397
666	314	5.093389
666	477	4.7676253
666	298	4.56707
666	23	4.4521976
666	117	4.3209696
666	909	4.045816
666	292	3.913215
666	347	3.8273222
666	359	3.8041093
667	36	5.3469954
667	53	4.7006426
667	139	4.3253155
667	47	4.30021
667	148	4.228204
667	74	4.2192907
667	66	4.1826077
667	175	4.1347427
667	59	3.9764974
667	25	3.964804
668	53	7.79467
668	66	7.451629
668	68	6.7944436
668	139	6.78422
668	59	6.5965037
668	157	6.5052943
668	175	6.282866
668	151	6.275343
668	25	6.2637415
668	71	6.254157
669	36	5.3370924
669	53	4.473968
669	66	4.4361825
669	139	4.400132
669	47	4.3342485
669	175	4.3151426
669	58	4.1557508
669	148	4.1450768
669	163	3.9956093
669	345	3.9573197
670	74	4.6786427
670	129	4.6453166
670	257	4.5430045
670	15	4.42927
670	53	4.425696
670	216	4.2771125
670	119	4.148476
670	75	4.0671396
670	164	3.9750543
670	110	3.8800642
671	36	3.7857757
671	286	3.3535824
671	98	3.305471
671	123	3.263623
671	132	3.1609929
671	326	3.1096427
671	198	3.0483258
671	15	3.0265603
671	408	2.9750586
671	377	2.9541414
672	36	5.765782
672	53	5.109782
672	59	4.576236
672	66	4.5548077
672	164	4.4587913
672	12	4.4560733
672	148	4.379285
672	175	4.3482094
672	47	4.3460317
672	108	4.169024
673	53	6.0519366
673	157	5.950242
673	151	5.941186
673	68	5.9399276
673	36	5.4173
673	139	5.354409
673	48	5.168413
673	71	4.9877586
673	381	4.7719493
673	225	4.6768155
674	36	5.8900065
674	53	5.4664803
674	59	5.216624
674	256	5.201593
674	68	5.123588
674	67	5.0314956
674	66	4.9960504
674	148	4.9783216
674	129	4.910931
674	71	4.8502483
675	257	5.429916
675	121	4.408975
675	119	4.3836083
675	12	4.233667
675	15	3.912812
675	75	3.9124706
675	8	3.9096847
675	915	3.8889885
675	22	3.707629
675	17	3.6818273
676	36	3.0811396
676	1193	2.86123
676	650	2.8583834
676	826	2.8507214
676	269	2.6232464
676	100	2.6015913
676	555	2.5988603
676	118	2.549079
676	97	2.536256
676	394	2.4655523
677	15	5.571707
677	75	5.3614407
677	74	5.1446424
677	121	4.8060503
677	118	4.6426487
677	125	4.5965095
677	2	4.4978538
677	21	4.4739823
677	61	4.309444
677	908	4.152669
678	129	3.93609
678	225	3.8981538
678	71	3.851939
678	118	3.5158901
678	148	3.477889
678	103	3.471326
678	157	3.306806
678	273	3.2816584
678	68	3.2695682
678	769	3.2464185
679	36	6.51524
679	58	5.209244
679	345	5.1819425
679	226	5.071718
679	175	4.897018
679	67	4.671923
679	66	4.660309
679	59	4.610468
679	166	4.5474153
679	148	4.4791746
680	1072	3.744074
680	1069	3.3424263
680	1225	3.2149723
680	1590	2.838975
680	1587	2.7202396
680	1065	2.4218404
680	1585	2.3564396
680	57	2.3028913
680	1508	2.1492395
680	1586	2.099942
681	36	4.9037614
681	74	4.0892324
681	47	4.0815573
681	10	4.078665
681	58	4.0086446
681	168	3.898342
681	648	3.876155
681	163	3.8346581
681	139	3.7874303
681	162	3.6929188
682	482	7.881465
682	406	7.3577614
682	194	7.2656198
682	1260	6.1844554
682	298	6.183916
682	343	5.7022715
682	209	3.927605
682	408	3.510643
682	637	3.4402592
682	117	3.3691
683	452	7.302843
683	453	7.091239
683	408	6.87676
683	209	6.730606
683	398	6.2281218
683	104	6.043537
683	394	5.8641014
683	769	5.5083323
683	865	5.4083967
683	612	5.343368
684	769	7.072138
684	209	5.7248273
684	394	5.4284816
684	1135	5.308259
684	398	5.2122054
684	134	5.0024996
684	15	4.9962635
684	407	3.9316714
684	884	3.8508382
684	21	3.838138
685	257	3.924841
685	15	3.7281094
685	104	2.6766222
685	555	2.566646
685	137	2.4732223
685	775	2.4612188
685	121	2.397089
685	129	2.3960981
685	783	2.3830814
685	119	2.3286965
686	36	5.282628
686	226	5.2659454
686	123	4.4173937
686	286	4.34685
686	59	4.151858
686	129	4.089597
686	58	4.0002747
686	108	3.7504985
686	1023	3.7442873
686	74	3.7394724
687	209	3.0382485
687	1188	2.8792734
687	452	2.8665931
687	98	2.8414047
687	378	2.7577524
687	895	2.6955402
687	74	2.5800996
687	769	2.5689309
687	104	2.5389986
687	453	2.4784548
688	36	3.7255545
688	286	3.7100303
688	58	3.6051304
688	326	3.3347802
688	66	3.2977755
688	148	3.2463076
688	54	3.2158744
688	142	3.1009655
688	283	3.0641084
688	498	2.926666
689	36	4.6095915
689	175	4.26143
689	53	4.0271487
689	164	3.8364851
689	47	3.7977421
689	163	3.7663329
689	139	3.6900532
689	579	3.6455905
689	67	3.6352828
689	58	3.5263128
690	36	6.814433
690	139	5.5257163
690	53	5.428625
690	175	5.197785
690	47	5.065949
690	66	5.0604305
690	148	5.0139103
690	68	4.878425
690	164	4.7679486
690	67	4.7108417
691	74	4.7050443
691	53	4.2088666
691	67	4.144005
691	339	3.8002062
691	148	3.7481844
691	257	3.6074536
691	66	3.5836565
691	842	3.3466814
691	164	3.335722
691	648	3.309248
692	139	6.142509
692	36	5.830582
692	148	5.6032915
692	66	5.5729423
692	47	5.414567
692	25	5.328457
692	59	5.309105
692	157	5.301456
692	67	5.266567
692	151	5.029553
693	36	6.3181577
693	59	5.9597178
693	53	5.627744
693	256	5.4303403
693	66	5.3345985
693	148	5.199622
693	68	5.1416764
693	175	5.131674
693	139	4.9728303
693	67	4.9403872
694	58	5.9763374
694	286	5.3053155
694	94	4.753709
694	384	4.6072497
694	318	4.4641304
694	345	4.3856893
694	290	4.330468
694	166	4.311634
694	326	4.287043
694	334	4.09582
695	36	5.382896
695	58	5.2553864
695	123	5.1679645
695	175	4.8162665
695	379	4.5683765
695	47	4.525712
695	149	4.4917464
695	344	4.3471847
695	67	4.315282
695	331	4.3140106
696	226	3.3596408
696	59	3.3011966
696	58	3.1099837
696	286	2.9178312
696	132	2.6841638
696	326	2.6265607
696	345	2.4498577
696	175	2.4445539
696	283	2.4268339
696	332	2.424573
697	53	6.9483414
697	66	6.727311
697	148	6.2494664
697	68	5.936343
697	175	5.8047237
697	157	5.787406
697	25	5.7259245
697	67	5.655993
697	71	5.564748
697	151	5.554756
698	59	6.3501387
698	66	6.022472
698	129	5.922638
698	256	5.675722
698	25	5.56029
698	148	5.482215
698	269	5.372807
698	74	5.334317
698	381	5.0560675
698	216	5.010255
699	36	5.664253
699	123	5.0781107
699	53	4.7601295
699	175	4.7559757
699	10	4.6751037
699	166	4.626597
699	58	4.6171155
699	345	4.612594
699	149	4.530791
699	226	4.5059876
700	286	4.9202743
700	36	4.7262645
700	175	4.700154
700	47	4.598564
700	139	4.597657
700	148	4.4734173
700	59	4.2056966
700	66	4.15948
700	163	4.120707
700	68	4.104116
701	970	3.7750058
701	579	3.727183
701	378	3.6706696
701	23	3.6303437
701	31	3.6186407
701	477	3.571474
701	34	3.5693738
701	306	3.4977179
701	58	3.271632
701	441	3.2212565
702	139	7.5368576
702	48	6.510452
702	25	6.4484205
702	72	6.3721833
702	225	6.129669
702	67	6.076244
702	42	6.071599
702	70	5.992546
702	47	5.8029604
702	44	5.730423
703	148	6.0331798
703	53	5.7787533
703	68	5.556954
703	175	5.4992094
703	139	5.398638
703	157	5.333615
703	47	5.1893115
703	256	5.0549917
703	273	4.9414763
703	58	4.899731
704	36	6.5196047
704	59	5.5537567
704	67	5.54197
704	53	5.5050488
704	47	5.1152325
704	139	5.068245
704	66	5.041811
704	68	4.99184
704	25	4.8593745
704	273	4.6728325
705	53	8.110877
705	66	7.424345
705	148	7.386729
705	36	7.3320246
705	139	7.181689
705	68	7.0420027
705	157	6.707653
705	59	6.679909
705	151	6.586108
705	103	6.1739316
706	314	4.1055303
706	379	3.837171
706	36	3.8294172
706	10	3.8116746
706	23	3.7988963
706	181	3.6856818
706	359	3.600313
706	648	3.5931783
706	343	3.585529
706	123	3.5664177
707	36	6.1255198
707	59	5.914168
707	66	5.494235
707	53	5.308314
707	256	5.164936
707	68	5.031526
707	148	4.9588647
707	25	4.8412924
707	139	4.6933994
707	67	4.635845
708	66	4.984071
708	53	4.783571
708	151	4.4543
708	68	4.362849
708	157	4.226386
708	71	4.1214275
708	36	4.008866
708	48	3.9426541
708	139	3.9195204
708	103	3.8828506
709	53	4.67718
709	59	4.0455503
709	47	4.0296245
709	36	3.8964868
709	139	3.8881288
709	175	3.7262816
709	25	3.6864717
709	71	3.6485329
709	68	3.5652373
709	195	3.475862
710	1356	1.4138067
710	1198	1.3558246
710	169	1.3013028
710	304	1.3006376
710	444	1.2600113
710	1583	1.2536606
710	332	1.2466916
710	799	1.2067124
710	441	1.2016516
710	150	1.1242278
711	74	5.6865797
711	36	5.2770443
711	257	4.792208
711	61	4.576271
711	216	4.5054526
711	164	4.5028343
711	67	4.4981656
711	2	4.407409
711	75	4.2580767
711	108	4.1240177
712	68	6.2243533
712	157	6.1642704
712	151	6.0489454
712	103	5.632744
712	48	5.463355
712	36	5.3833237
712	71	5.3758974
712	381	5.0234165
712	25	4.8400865
712	42	4.6476
713	53	7.376819
713	36	6.905454
713	59	6.658141
713	66	6.2152505
713	175	6.2060194
713	67	6.0646334
713	68	6.042088
713	148	6.0345807
713	139	5.984365
713	25	5.758397
714	453	4.8596025
714	408	4.229175
714	452	4.0673704
714	769	4.0533276
714	1188	3.9157112
714	104	3.8252616
714	98	3.7997754
714	118	3.6443882
714	15	3.58397
714	1135	3.4860313
715	59	5.259965
715	256	4.7325754
715	74	4.5031924
715	269	4.485868
715	47	4.3727245
715	67	4.3275666
715	53	4.310245
715	43	4.1986485
715	175	4.151255
715	66	4.086729
716	775	5.3677664
716	769	4.812039
716	422	4.7345266
716	104	4.7025075
716	612	4.303687
716	134	4.1125326
716	98	4.0712547
716	394	4.053819
716	865	3.9591994
716	453	3.8381352
717	53	7.115485
717	36	7.021955
717	47	6.3882523
717	175	6.054121
717	59	5.9296246
717	67	5.884735
717	25	5.772063
717	68	5.6854978
717	148	5.52394
717	164	5.4665847
718	53	7.8993926
718	139	7.1767926
718	66	7.040421
718	36	6.93617
718	68	6.7979636
718	157	6.5327063
718	175	6.5244327
718	59	6.280513
718	151	6.2274137
718	48	6.140795
719	74	6.033625
719	36	5.446524
719	53	5.2503066
719	257	5.212614
719	129	5.011622
719	67	4.7947187
719	164	4.639763
719	216	4.5773597
719	18	4.5517187
719	811	4.548968
720	36	6.7015414
720	59	6.3408494
720	148	6.233227
720	53	5.92688
720	68	5.8439755
720	151	5.5927005
720	175	5.519266
720	48	5.2910643
720	47	5.1132674
720	25	5.0431876
721	68	5.329407
721	157	5.1874585
721	139	5.137158
721	59	5.0481205
721	36	5.0280275
721	151	5.0051036
721	67	4.8682213
721	71	4.841176
721	25	4.8294826
721	103	4.8091774
722	432	4.087685
722	121	3.558994
722	12	3.3522096
722	785	3.2043068
722	915	3.0718217
722	993	3.0637143
722	123	3.028803
722	22	3.0000532
722	738	2.9871283
722	8	2.8738172
723	384	2.791689
723	121	2.7594848
723	1340	2.54766
723	945	2.5180988
723	1518	2.3807309
723	785	2.2013094
723	112	2.1393514
723	908	2.1335497
723	387	2.0871282
723	911	2.0550773
724	139	8.377602
724	719	6.635765
724	70	6.6255016
724	175	6.291404
724	105	6.2777696
724	680	5.9309683
724	383	5.8876987
724	221	5.885455
724	64	5.7388844
724	547	5.6557355
725	286	7.134228
725	226	6.189884
725	163	6.1173515
725	175	5.7877383
725	47	5.4752064
725	290	5.4341083
725	384	5.2001495
725	283	5.1290646
725	162	5.118063
725	344	5.058773
726	74	6.1208835
726	36	5.90011
726	67	5.326227
726	164	5.0297823
726	53	5.007014
726	59	4.937703
726	129	4.6498547
726	108	4.5677047
726	200	4.5619454
726	47	4.448135
727	53	6.335413
727	36	5.9178586
727	148	5.893072
727	48	5.812798
727	66	5.767108
727	68	5.7222605
727	139	5.483915
727	59	5.4540243
727	151	5.3829703
727	47	5.355363
728	36	5.5242357
728	67	4.43454
728	59	4.3279977
728	164	4.2356067
728	53	4.082063
728	175	4.0716405
728	68	3.9477267
728	139	3.9191263
728	66	3.9170716
728	148	3.8635523
729	314	3.5849261
729	10	3.4673607
729	74	3.421276
729	257	3.280519
729	97	3.2165763
729	1023	3.1134667
729	306	2.990472
729	166	2.9291892
729	379	2.9037335
729	292	2.9030225
730	323	5.916133
730	74	4.162273
730	36	4.1429543
730	129	4.1124506
730	346	4.0386524
730	47	3.7078192
730	822	3.6573641
730	59	3.6027043
730	25	3.4143505
730	75	3.3998759
731	181	6.3576803
731	359	5.971004
731	292	5.5058804
731	909	5.336944
731	194	5.29308
731	406	4.468146
731	286	4.3911433
731	343	4.3724966
731	400	4.3396444
731	58	4.1021066
732	783	6.2256217
732	775	6.0939107
732	408	6.083481
732	612	6.018067
732	452	5.9642553
732	453	5.9576397
732	398	5.8286963
732	1188	5.7785244
732	98	5.6638494
732	865	5.6395726
733	74	4.9192915
733	119	4.463648
733	908	4.4351363
733	67	4.3754554
733	164	4.37158
733	432	4.107285
733	257	4.0902395
733	18	4.081423
733	10	4.0212846
733	915	3.953749
734	139	3.3851583
734	53	3.2906396
734	68	2.986637
734	66	2.9023585
734	0	2.696365
734	44	2.6955614
734	373	2.62717
734	47	2.4738727
734	625	2.4649687
734	491	2.454907
735	408	6.2208896
735	453	4.2317724
735	769	4.0897274
735	292	4.0619287
735	181	3.9703763
735	452	3.9064267
735	314	3.87322
735	1188	3.7546048
735	15	3.5700476
735	909	3.4902337
736	36	5.4941945
736	58	4.6000614
736	175	4.443584
736	47	4.3521066
736	59	4.340424
736	74	4.1861067
736	10	4.173445
736	164	3.9591115
736	53	3.9257119
736	139	3.8457778
737	47	2.8634777
737	902	2.773039
737	373	2.6941788
737	305	2.6250882
737	635	2.5874813
737	632	2.5199118
737	53	2.4871132
737	139	2.4791214
737	332	2.3557794
737	157	2.3161294
738	36	7.084864
738	66	6.7705274
738	148	6.6532817
738	139	6.4894385
738	68	6.4407625
738	59	6.2210207
738	71	6.212945
738	157	6.023911
738	25	5.998366
738	67	5.875257
739	36	5.2902417
739	66	5.136503
739	53	5.0759153
739	68	4.4858947
739	59	4.4272423
739	48	4.2194214
739	175	4.158656
739	47	4.1580877
739	381	3.8589065
739	67	3.8191586
740	908	4.8986483
740	8	4.8176303
740	53	4.1763415
740	362	3.8515224
740	257	3.851509
740	177	3.8450775
740	216	3.8312583
740	74	3.684952
740	194	3.6839187
740	75	3.6416824
741	157	2.4003375
741	625	2.3901348
741	66	2.357187
741	148	2.2988312
741	151	2.1461196
741	598	2.043613
741	202	2.0255842
741	381	2.0047002
741	127	2.0016966
741	68	1.9943602
742	92	5.0776477
742	23	4.940769
742	117	3.6928444
742	970	3.39371
742	1615	3.0505478
742	1435	2.9012117
742	1491	2.889796
742	378	2.7056105
742	10	2.6213775
742	280	2.5588732
743	104	6.0316896
743	394	5.828137
743	769	5.6074347
743	98	5.5668035
743	783	5.4410143
743	452	5.3617344
743	408	5.320225
743	612	5.2157497
743	209	5.191491
743	865	5.1813045
744	66	4.981732
744	59	4.4578185
744	148	4.439272
744	68	4.30563
744	226	4.243979
744	58	4.0087223
744	139	3.9949
744	67	3.9940155
744	151	3.9700608
744	157	3.9648685
745	36	6.233035
745	175	5.7847276
745	226	5.631018
745	58	5.3123517
745	163	4.839271
745	139	4.8205543
745	286	4.6981316
745	47	4.5221777
745	66	4.380738
745	256	4.3618226
746	181	8.337588
746	314	8.166738
746	482	7.281178
746	406	7.066014
746	359	6.8241167
746	400	6.397849
746	343	5.162331
746	408	5.100052
746	637	3.514517
746	959	3.327429
747	53	6.6937246
747	139	5.4176164
747	68	5.3234177
747	148	5.3059964
747	71	5.297295
747	66	5.2244706
747	25	4.9896307
747	157	4.9340925
747	381	4.8549523
747	47	4.8070087
748	151	4.745569
748	68	4.711634
748	273	4.5219874
748	103	4.406137
748	225	4.2510047
748	59	4.1930466
748	139	4.1192646
748	71	4.117638
748	53	3.8984814
748	36	3.8653169
749	53	5.3825645
749	66	5.228868
749	139	5.007917
749	151	4.858863
749	36	4.5735445
749	103	4.5478244
749	71	4.40913
749	0	4.261812
749	25	4.240905
749	47	4.2236705
750	79	2.6050267
750	641	2.5032482
750	1098	2.4391716
750	21	2.3766122
750	738	2.36527
750	257	2.3519604
750	15	2.2165108
750	8	2.148751
750	118	2.061445
750	785	2.0560257
751	36	7.581873
751	59	6.8013926
751	175	6.282706
751	66	6.2184157
751	68	6.0917616
751	148	5.9964395
751	25	5.75354
751	48	5.615767
751	157	5.529444
751	151	5.4283533
752	53	5.1160836
752	148	4.6175447
752	139	4.3428526
752	71	4.1946745
752	157	4.094285
752	175	4.0765233
752	25	4.05713
752	59	4.0194407
752	47	3.9693868
752	72	3.8465445
753	36	4.5683317
753	53	4.105999
753	74	3.9139028
753	67	3.8799987
753	164	3.8100166
753	139	3.544526
753	47	3.5348608
753	25	3.4589698
753	148	3.361419
753	123	3.3610134
754	598	3.2962077
754	59	2.8466961
754	47	2.8399234
754	2	2.6984751
754	198	2.5408792
754	61	2.5311537
754	74	2.4803107
754	53	2.458307
754	109	2.4145498
754	36	2.320644
755	314	4.4330854
755	123	4.3538666
755	58	4.2357335
755	226	3.9333603
755	286	3.8945909
755	345	3.8906207
755	292	3.7714517
755	166	3.2796347
755	168	3.249754
755	482	3.2241373
756	769	6.149454
756	783	5.9333854
756	104	5.583129
756	15	5.2971272
756	118	5.248052
756	612	5.0778494
756	394	5.06279
756	398	5.0420847
756	134	4.922222
756	21	4.7326255
757	36	5.916699
757	53	5.248493
757	164	4.8829494
757	74	4.7875834
757	47	4.672088
757	25	4.5311623
757	68	4.471173
757	175	4.4328127
757	139	4.413016
757	66	4.400749
758	148	4.9735165
758	157	4.5957065
758	53	4.568137
758	151	4.567527
758	59	4.424893
758	25	4.2036157
758	74	4.1677027
758	48	4.133197
758	71	4.09544
758	0	4.0419354
759	74	5.686644
759	129	5.524938
759	36	5.259627
759	769	5.2334666
759	67	5.225734
759	15	5.1724663
759	59	5.095169
759	256	5.0169497
759	216	4.7918983
759	842	4.689587
760	36	4.3301764
760	18	4.0603576
760	194	3.948556
760	164	3.913613
760	842	3.8846605
760	25	3.8582134
760	74	3.8134575
760	66	3.7504232
760	10	3.73422
760	67	3.7206032
761	36	7.0841537
761	53	6.4584255
761	59	6.274367
761	66	6.2100477
761	148	6.0132937
761	139	5.8544436
761	175	5.742205
761	157	5.36705
761	68	5.3227415
761	67	5.262193
762	58	5.6536846
762	326	4.6194267
762	123	4.495492
762	142	4.4654336
762	298	4.2289543
762	343	4.1536703
762	314	4.1204185
762	290	4.1138344
762	226	4.058773
762	194	3.8726811
763	59	7.1233487
763	36	6.9646983
763	66	6.59129
763	148	6.40095
763	68	6.381935
763	139	6.287032
763	175	6.0553584
763	25	6.0106597
763	67	5.9894853
763	157	5.850752
764	53	5.3025594
764	74	5.1080494
764	36	4.825266
764	67	4.662116
764	66	4.647247
764	59	4.632799
764	15	4.4200153
764	148	4.3946147
764	256	4.309023
764	216	4.1776667
765	314	7.0204973
765	194	6.697656
765	909	6.1916413
765	482	5.883798
765	406	5.544128
765	359	5.520384
765	292	5.3889704
765	209	5.26018
765	400	5.041113
765	298	4.9276786
766	123	4.4635115
766	166	4.099641
766	226	4.0415335
766	10	4.022429
766	58	3.9807458
766	344	3.8581445
766	384	3.7932637
766	149	3.7012084
766	345	3.6929789
766	168	3.6262848
767	314	5.12681
767	36	4.5714507
767	257	4.3299685
767	123	4.308841
767	194	4.2489386
767	175	4.084478
767	67	4.040868
767	2	4.037622
767	149	3.9848824
767	181	3.9333158
768	36	4.3464575
768	53	4.3241854
768	129	4.1664243
768	200	3.881752
768	148	3.838054
768	139	3.7974193
768	47	3.776005
768	216	3.749433
768	221	3.7266636
768	25	3.6475713
769	53	7.4740844
769	59	7.1725416
769	68	6.585035
769	175	6.5809436
769	47	6.5289693
769	164	6.4983745
769	71	6.211594
769	151	5.891734
769	269	5.784508
769	72	5.6707807
770	74	4.8107505
770	53	4.7719398
770	67	4.6826844
770	148	4.518655
770	66	4.5146127
770	68	4.4005165
770	164	4.218475
770	59	4.1223006
770	139	4.046928
770	157	4.0452757
771	36	5.25346
771	59	4.4434166
771	256	4.1081715
771	74	4.0152516
771	58	3.9637249
771	67	3.8983092
771	175	3.776303
771	164	3.765768
771	226	3.7453961
771	163	3.7367065
772	36	4.929822
772	10	4.6810837
772	344	4.475377
772	257	4.445782
772	123	4.304481
772	970	4.2603693
772	149	4.256047
772	58	4.1679626
772	306	4.1323266
772	74	4.061629
773	53	4.505285
773	59	4.252007
773	36	4.1688094
773	175	4.1184053
773	66	4.009955
773	71	3.691066
773	148	3.6840763
773	68	3.5202024
773	381	3.4714165
773	103	3.3897793
774	36	4.748428
774	74	4.738693
774	53	4.652159
774	175	4.3083487
774	67	4.177076
774	123	4.06618
774	164	4.022448
774	842	3.9475996
774	314	3.9111276
774	257	3.8558588
775	53	6.316297
775	68	6.21261
775	151	6.116483
775	139	5.7882857
775	103	5.47884
775	48	5.341437
775	71	5.224859
775	59	5.194662
775	25	5.0116987
775	67	4.8954268
776	148	7.145036
776	53	6.7385674
776	68	6.649841
776	157	6.588571
776	36	6.2497025
776	103	5.869442
776	48	5.7876797
776	71	5.5526953
776	59	5.3187623
776	25	5.2023754
777	53	7.142734
777	25	6.2209134
777	47	6.1782722
777	48	5.9247518
777	175	5.7674212
777	381	5.684545
777	273	5.6378627
777	0	5.610512
777	225	5.468658
777	64	5.3503075
778	59	6.112724
778	256	5.6418095
778	66	5.401141
778	408	5.334315
778	129	4.9016094
778	74	4.7978053
778	148	4.789592
778	769	4.7366695
778	67	4.5909495
778	68	4.559736
779	976	3.765902
779	97	2.7160208
779	1367	2.5733721
779	834	2.2847478
779	339	2.2656155
779	141	2.2338002
779	1404	2.168653
779	1274	2.1385787
779	24	2.044821
779	746	2.0147867
780	53	6.4725976
780	36	5.9016337
780	175	5.5187545
780	148	5.319431
780	139	5.217887
780	68	5.181328
780	256	5.1588736
780	66	5.1537495
780	47	5.0986247
780	71	5.0875196
781	10	4.3682294
781	53	4.222975
781	123	4.190875
781	175	4.0381193
781	226	4.036073
781	36	3.9975348
781	379	3.8509777
781	741	3.7765412
781	58	3.6983495
781	47	3.6383631
782	66	4.7719517
782	36	4.303651
782	48	3.9979033
782	175	3.6147163
782	139	3.5991573
782	53	3.4912045
782	163	3.3459926
782	103	3.3441877
782	459	3.3251896
782	58	3.3068745
783	53	7.0637307
783	68	6.337293
783	139	6.2834444
783	175	6.038143
783	25	5.919509
783	71	5.881266
783	47	5.783295
783	103	5.594462
783	72	5.540208
783	48	5.501617
784	555	3.1995397
784	110	3.1576025
784	196	3.0920417
784	1064	2.9102986
784	74	2.857733
784	259	2.8206828
784	121	2.7230184
784	75	2.671665
784	331	2.592557
784	579	2.581192
785	763	3.404017
785	344	3.3801618
785	740	3.347065
785	367	3.3296793
785	371	3.1388545
785	167	3.017365
785	1113	2.9924371
785	1481	2.9593325
785	236	2.8366034
785	958	2.731604
786	615	2.3515327
786	2	2.3061178
786	84	2.2898746
786	175	2.2036123
786	80	2.1362584
786	81	1.9274758
786	227	1.8269354
786	276	1.7962211
786	640	1.7806367
786	470	1.7685882
787	53	8.903714
787	59	7.719162
787	139	7.691414
787	25	7.2222986
787	151	6.7702513
787	48	6.356719
787	256	6.174714
787	0	6.136959
787	74	6.073626
787	842	6.0442977
788	36	6.237138
788	175	5.9541802
788	139	5.73356
788	47	5.326881
788	59	5.202391
788	148	5.129959
788	66	4.968443
788	25	4.9146733
788	164	4.745691
788	68	4.733736
789	326	5.220911
789	318	4.7618766
789	345	4.7587166
789	142	4.591833
789	166	4.5445457
789	290	4.373678
789	132	4.236078
789	163	4.173509
789	344	4.1552477
789	378	3.9094934
790	31	5.678601
790	53	5.6448407
790	445	4.980439
790	148	4.856523
790	68	4.8378243
790	66	4.6371975
790	440	4.5814257
790	447	4.5053067
790	139	4.4790053
790	48	4.4544244
791	66	6.661581
791	456	5.964321
791	68	5.693393
791	460	5.6630416
791	157	5.5960026
791	53	5.5682964
791	48	5.526116
791	103	5.1889243
791	36	5.0663223
791	139	4.790013
792	53	5.0794153
792	139	4.7936387
792	66	4.776327
792	48	4.5501904
792	68	4.355963
792	59	4.164042
792	373	4.038998
792	103	3.7972684
792	58	3.7925448
792	36	3.7610068
793	117	3.9139183
793	194	3.7120814
793	8	3.6367733
793	121	3.5840285
793	908	3.504729
793	257	3.425109
793	181	3.3527238
793	993	3.2818022
793	451	3.2605085
793	149	3.2395566
794	226	4.142893
794	345	4.0292263
794	175	3.7844744
794	10	3.7453043
794	989	3.7168102
794	43	3.6847618
794	58	3.5914645
794	741	3.4921048
794	162	3.4611351
794	164	3.4051728
795	36	5.530738
795	53	5.1289687
795	175	4.9367456
795	139	4.426754
795	25	4.3295155
795	66	4.169208
795	163	4.1635184
795	256	4.15783
795	345	4.1504965
795	48	3.9627247
796	314	5.683399
796	36	5.249202
796	58	5.000779
796	123	4.756404
796	194	4.6946006
796	345	4.6793995
796	298	4.611368
796	286	4.540363
796	10	4.4596677
796	359	4.3231955
797	164	5.737056
797	216	5.2938037
797	59	5.12726
797	175	5.027495
797	71	4.9132977
797	119	4.867987
797	18	4.8006964
797	139	4.777192
797	269	4.679089
797	64	4.606398
798	632	4.799602
798	625	4.646227
798	1067	4.1820383
798	229	3.7297287
798	1265	3.6756232
798	302	3.6441607
798	1397	3.5642684
798	982	3.541469
798	1547	3.100336
798	286	3.088529
799	58	4.5224485
799	175	4.375931
799	74	4.260347
799	163	4.249869
799	226	4.0474267
799	67	4.0405774
799	168	3.9687786
799	59	3.926908
799	286	3.894587
799	1023	3.8927894
800	36	5.285271
800	47	5.2735844
800	139	5.196904
800	175	5.104938
800	25	5.0572886
800	432	4.877326
800	164	4.8502827
800	59	4.8442755
800	18	4.780889
800	71	4.6949763
801	53	7.6975994
801	139	6.8002234
801	36	6.503809
801	66	6.3490143
801	148	6.3352613
801	68	6.256399
801	47	6.181454
801	175	6.129841
801	59	6.093848
801	157	5.921566
802	219	3.9044192
802	368	3.7899861
802	62	3.6730878
802	822	3.629379
802	346	3.153384
802	201	2.9060044
802	56	2.780997
802	596	2.7298212
802	874	2.689462
802	269	2.661234
803	343	2.7386684
803	139	2.163882
803	36	2.1523855
803	318	2.125815
803	58	2.1197476
803	286	2.1138093
803	163	2.0776353
803	290	2.0716083
803	400	2.02474
803	117	2.013844
804	36	8.676559
804	53	8.388419
804	66	7.822628
804	148	7.5878396
804	139	7.4453635
804	175	7.2856402
804	68	7.2111273
804	157	7.0694504
804	47	6.8886976
804	151	6.686357
805	53	7.847464
805	36	7.5704627
805	66	7.074142
805	71	6.9426546
805	139	6.7578583
805	157	6.4693103
805	151	6.3923416
805	67	6.342638
805	103	6.1899643
805	72	6.173489
806	74	5.9331656
806	10	4.869889
806	149	4.839528
806	908	4.7863016
806	164	4.7598915
806	23	4.7048798
806	1193	4.7032466
806	137	4.6238775
806	36	4.5716286
806	2	4.553732
807	53	8.920801
807	66	8.068593
807	139	7.8751483
807	157	7.480127
807	36	7.4233994
807	151	7.236564
807	103	7.0497775
807	48	6.8921824
807	175	6.503549
807	72	6.461801
808	36	5.68146
808	66	5.179413
808	53	5.138014
808	148	5.0983224
808	68	4.8991942
808	71	4.6824737
808	151	4.5687966
808	25	4.5655046
808	157	4.5359974
808	59	4.5304084
809	36	5.22896
809	53	5.0809045
809	148	4.7715287
809	59	4.441394
809	175	4.3319793
809	139	4.148905
809	151	4.141019
809	157	4.12176
809	67	4.1192164
809	47	4.095138
810	99	2.7491217
810	636	2.703373
810	494	2.40252
810	850	2.4021204
810	1325	2.3291166
810	634	2.2043464
810	710	2.1360943
810	1522	2.1338294
810	1608	2.126704
810	597	2.0903187
811	74	5.557465
811	257	4.593223
811	75	4.539459
811	119	4.503317
811	129	4.058245
811	164	4.0168242
811	67	3.8791523
811	204	3.8230858
811	15	3.8051658
811	10	3.7567391
812	970	2.789675
812	12	2.5436797
812	344	2.3817813
812	306	2.2243526
812	58	2.1419666
812	1023	2.1208644
812	1276	2.1146967
812	325	2.1132925
812	121	2.065868
812	113	2.042026
813	53	7.9789214
813	148	7.697699
813	68	7.4818873
813	157	7.1483135
813	71	6.7669435
813	36	6.6294336
813	59	6.2785735
813	48	6.250075
813	273	5.8404093
813	0	5.781284
814	36	6.0791187
814	59	4.798472
814	286	4.5337725
814	47	4.517064
814	58	4.490028
814	148	4.4249983
814	368	4.405017
814	139	4.3065886
814	226	4.1244097
814	68	4.037077
815	53	5.4141135
815	74	5.2115593
815	36	5.0622387
815	10	4.953165
815	314	4.948181
815	257	4.933393
815	842	4.6887403
815	164	4.509898
815	149	4.4188504
815	216	4.4069986
816	12	5.034342
816	74	4.2709947
816	257	4.081658
816	908	3.9055736
816	1193	3.8726606
816	75	3.8654258
816	811	3.8304815
816	414	3.728255
816	432	3.7230852
816	216	3.6771715
817	177	3.2010212
817	432	3.052718
817	362	3.0521486
817	230	2.731569
817	18	2.7097173
817	121	2.6224854
817	71	2.5050166
817	915	2.4266448
817	8	2.4175456
817	364	2.4126928
818	408	5.363439
818	23	4.8618813
818	453	4.6341977
818	769	4.522325
818	92	4.5160966
818	104	4.236278
818	209	4.2324977
818	98	4.117408
818	1188	3.9679892
818	783	3.8504941
819	769	5.85168
819	408	4.9596066
819	98	4.8842316
819	394	4.8005457
819	15	4.676494
819	783	4.534159
819	1193	4.4384913
819	865	4.3814626
819	118	4.3765645
819	612	4.3595033
820	68	8.372153
820	66	8.302597
820	71	7.843494
820	59	7.841873
820	157	7.7976623
820	151	7.5558968
820	381	7.3368964
820	103	7.3354697
820	48	7.1043434
820	0	6.8381767
821	36	6.7843976
821	53	6.702316
821	59	6.2410145
821	66	5.9396825
821	68	5.8567905
821	139	5.8448176
821	148	5.704868
821	157	5.3115697
821	151	5.2218676
821	381	5.1964445
822	452	7.284194
822	104	6.7964206
822	769	6.520676
822	398	6.0920305
822	394	6.0892797
822	783	5.967504
822	775	5.8923154
822	98	5.762875
822	865	5.751321
822	612	5.731862
823	58	4.4593444
823	166	4.073454
823	371	4.0253434
823	379	3.7675009
823	384	3.7663357
823	168	3.5620472
823	163	3.5350728
823	249	3.4735765
823	94	3.4484801
823	345	3.3927133
824	36	6.158645
824	139	5.760058
824	66	5.383268
824	68	5.2887917
824	53	5.2680187
824	148	5.1511273
824	175	5.016819
824	47	4.9203105
824	157	4.8926153
824	151	4.6769676
825	36	5.9885187
825	175	5.676736
825	58	5.428425
825	59	5.2780805
825	53	4.967283
825	123	4.864766
825	139	4.749312
825	164	4.678859
825	94	4.4712744
825	345	4.4549613
826	368	6.0238576
826	346	4.8842487
826	822	4.48083
826	452	4.0727515
826	408	3.6734169
826	453	3.6641474
826	596	3.6295643
826	269	3.2278812
826	256	3.168618
826	104	3.1347158
827	151	2.9892247
827	103	2.9095526
827	68	2.82298
827	53	2.6573393
827	139	2.585923
827	48	2.5835657
827	225	2.460684
827	381	2.4103503
827	323	2.4086163
827	36	2.395043
828	408	6.1360435
828	209	5.032256
828	15	4.9839063
828	194	4.5447807
828	74	4.471469
828	453	4.413294
828	769	4.318506
828	1193	3.9708915
828	118	3.9565628
828	314	3.918487
829	36	6.6781754
829	66	5.9523044
829	53	5.8786116
829	148	5.683003
829	139	5.473481
829	59	5.4068365
829	25	5.3221555
829	47	5.154072
829	175	5.1274147
829	67	5.057587
830	36	6.5254536
830	66	5.605688
830	53	5.445238
830	175	5.3025193
830	148	5.1236978
830	47	5.121463
830	273	5.08916
830	68	5.009225
830	67	4.95048
830	25	4.904754
831	53	3.211983
831	110	2.9533787
831	164	2.8735304
831	175	2.731965
831	67	2.7095623
831	74	2.70419
831	259	2.6197152
831	908	2.556637
831	37	2.5293028
831	915	2.510112
832	53	4.7018156
832	67	4.0836854
832	68	3.9135966
832	148	3.867644
832	66	3.7239513
832	36	3.6481225
832	72	3.6392522
832	71	3.6390045
832	34	3.6003425
832	75	3.587261
833	408	6.9095545
833	1188	6.57137
833	453	6.3078976
833	1135	6.1138144
833	398	5.819565
833	394	5.737017
833	769	5.706557
833	104	5.6784434
833	612	5.061087
833	865	5.036877
834	53	7.7253056
834	66	7.194505
834	68	6.852646
834	36	6.664573
834	157	6.501811
834	151	6.452622
834	139	6.348644
834	71	6.1861706
834	103	6.0522413
834	67	5.845739
835	15	5.7707872
835	53	5.667465
835	36	5.667082
835	74	5.6315103
835	129	5.577744
835	59	5.4781938
835	118	5.350484
835	66	5.154454
835	148	5.1274667
835	408	5.1245418
836	148	6.6589904
836	66	6.6494718
836	68	6.5970736
836	139	6.5855546
836	36	6.502909
836	157	6.150415
836	151	6.0743465
836	25	5.950975
836	103	5.7889185
836	67	5.773403
837	314	7.0050535
837	194	6.608732
837	298	5.30218
837	66	5.097451
837	317	4.984994
837	292	4.879669
837	406	4.841304
837	359	4.8178678
837	53	4.813991
837	400	4.720234
838	66	4.4431367
838	129	4.334712
838	68	4.2632165
838	148	4.1566873
838	25	4.056757
838	256	3.972827
838	151	3.8346622
838	273	3.7968593
838	71	3.7340822
838	67	3.7187665
839	1057	3.6478627
839	145	3.5299976
839	406	3.2876515
839	916	3.04039
839	1376	2.898059
839	482	2.8236556
839	909	2.71829
839	1281	2.6437805
839	400	2.6283395
839	1260	2.5180113
840	157	6.8359466
840	103	6.2718444
840	25	6.088063
840	48	6.07056
840	175	5.696867
840	72	5.667185
840	0	5.6356363
840	67	5.574124
840	42	5.5195017
840	273	5.4283266
841	36	5.0491066
841	74	5.0234
841	129	4.6821003
841	59	4.665335
841	769	4.574247
841	256	4.47768
841	118	4.3773627
841	257	4.318987
841	67	4.301446
841	408	4.301379
842	36	6.710753
842	58	6.275249
842	123	5.4679317
842	175	5.43746
842	47	5.237707
842	226	5.138931
842	345	5.066995
842	163	4.8691244
842	53	4.7760186
842	43	4.6986065
843	909	6.4469533
843	181	6.3848968
843	406	6.10647
843	1260	5.2153335
843	317	5.1350026
843	400	5.0288835
843	359	4.96581
843	292	4.197226
843	298	3.4761028
843	194	3.462473
844	36	2.684956
844	10	2.6441362
844	344	2.5659149
844	175	2.508875
844	347	2.4979167
844	989	2.3934968
844	257	2.347173
844	117	2.3406565
844	182	2.330545
844	47	2.3162322
845	314	3.7860029
845	379	3.6380568
845	344	3.5999584
845	123	3.5201318
845	117	3.431647
845	384	3.239099
845	10	3.2376378
845	424	3.137546
845	149	3.1279519
845	73	3.0722473
846	139	5.490303
846	53	5.385248
846	66	5.3364205
846	148	5.3237953
846	59	5.0329714
846	175	5.0090055
846	68	4.8337235
846	48	4.735336
846	47	4.7183743
846	151	4.6027384
847	53	7.25225
847	66	6.4136877
847	148	6.2210793
847	59	6.117417
847	139	6.115592
847	68	6.0358644
847	175	5.802553
847	157	5.587578
847	151	5.5693617
847	47	5.4535255
848	36	3.9008317
848	74	3.286551
848	53	3.1790006
848	139	3.036428
848	15	2.9518492
848	148	2.9440444
848	66	2.941196
848	68	2.9082427
848	67	2.8473175
848	286	2.8101096
849	1495	3.7876518
849	426	3.6527998
849	909	3.1133676
849	1508	3.0412054
849	167	2.8423893
849	236	2.785574
849	560	2.623311
849	626	2.5901058
849	1556	2.5012083
849	874	2.4452004
850	256	2.5784442
850	59	2.467611
850	53	2.2392094
850	231	2.157802
850	702	2.1522243
850	109	2.0761511
850	893	2.021148
850	221	2.0015361
850	419	1.9790626
850	414	1.9718795
851	257	4.9918084
851	53	4.2355742
851	432	4.023336
851	12	3.9932408
851	74	3.9316633
851	785	3.752847
851	164	3.719976
851	119	3.6498914
851	75	3.5930161
851	67	3.5842185
852	66	5.3978767
852	36	5.106631
852	256	5.0250583
852	129	4.944491
852	68	4.933993
852	408	4.6269217
852	225	4.612594
852	104	4.5213404
852	103	4.510462
852	98	4.440048
853	36	7.4008613
853	175	6.365009
853	286	6.2713437
853	163	5.8198614
853	66	5.7621593
853	139	5.7616115
853	53	5.745707
853	148	5.5986466
853	68	5.502834
853	326	5.2909927
854	53	4.8675947
854	139	3.8930004
854	71	3.8482192
854	719	3.7229066
854	25	3.687122
854	784	3.609644
854	175	3.549263
854	105	3.514017
854	381	3.5029242
854	64	3.4275184
855	460	6.1173673
855	459	5.571216
855	457	5.5490746
855	455	4.819667
855	461	4.4241734
855	66	3.6331472
855	148	3.2094016
855	151	2.8386858
855	48	2.767595
855	103	2.7588525
856	53	2.6087523
856	139	2.3749375
856	68	2.2273226
856	71	2.2143154
856	129	2.1503184
856	105	1.9955119
856	383	1.981432
856	103	1.9803954
856	144	1.9624891
856	381	1.8945618
857	36	3.4801643
857	123	3.2520723
857	769	3.0958145
857	74	3.0761852
857	286	2.9149246
857	280	2.8402874
857	129	2.7874577
857	163	2.7702136
857	88	2.73971
857	377	2.7308357
858	738	2.305186
858	989	2.1413186
858	1565	2.0759716
858	1495	2.0572581
858	345	2.0193927
858	1098	1.9214237
858	9	1.8270118
858	388	1.816236
858	1117	1.8129661
858	417	1.805161
859	36	4.148306
859	67	3.9955122
859	148	3.8453352
859	25	3.7728617
859	157	3.7181954
859	66	3.713687
859	381	3.6355753
859	719	3.4631608
859	175	3.37212
859	221	3.3585393
860	769	4.5367756
860	104	3.7317007
860	58	3.69751
860	256	3.5714695
860	15	3.5680356
860	326	3.462372
860	59	3.444046
860	408	3.2953005
860	774	3.2520378
860	36	3.205452
861	1197	3.020594
861	625	2.7617362
861	1358	2.722236
861	1474	2.7126458
861	1481	2.5990791
861	1508	2.5811772
861	430	2.4858
861	484	2.3180184
861	344	2.2902856
861	1177	2.2384748
862	36	5.2644305
862	53	5.007496
862	216	4.817672
862	59	4.6108956
862	414	4.579486
862	74	4.397028
862	129	4.2969146
862	175	4.226977
862	47	4.111757
862	25	4.0571475
863	36	7.1168537
863	53	6.2284217
863	47	5.806771
863	59	5.647087
863	175	5.5737453
863	67	5.4134088
863	25	5.1408515
863	66	5.1062045
863	148	5.0392437
863	68	4.9767923
864	59	6.2627053
864	36	5.493735
864	66	5.1884985
864	68	4.9495487
864	129	4.8311925
864	769	4.7502327
864	148	4.738943
864	273	4.7237105
864	225	4.6742606
864	463	4.601212
865	53	9.08372
865	139	8.008424
865	36	7.543903
865	48	7.003355
865	59	6.9250264
865	25	6.7341022
865	381	6.6986785
865	47	6.604655
865	175	6.5384974
865	72	6.3226857
866	36	5.709687
866	59	5.0484376
866	164	4.5875635
866	25	4.5526934
866	67	4.46426
866	175	4.4101586
866	256	4.329527
866	47	4.2548757
866	216	4.1830173
866	66	4.1806445
867	59	6.6348495
867	36	6.606851
867	53	6.559961
867	66	6.4145503
867	148	6.366377
867	68	6.060787
867	157	5.627952
867	151	5.5200386
867	139	5.4890738
867	25	5.4010367
868	53	4.659564
868	714	4.025481
868	148	3.7700396
868	625	3.7339048
868	66	3.6136699
868	231	3.5550776
868	139	3.500769
868	429	3.45411
868	175	3.4449916
868	157	3.4150176
869	1193	4.3017235
869	118	4.0503616
869	257	4.0170026
869	121	3.965627
869	75	3.9537115
869	419	3.8602993
869	18	3.6558857
869	129	3.5995972
869	15	3.5184882
869	61	3.4942458
870	100	3.096619
870	47	2.768229
870	83	2.7392068
870	168	2.6645226
870	36	2.6414723
870	74	2.604836
870	989	2.5862865
870	414	2.5817428
870	12	2.578982
870	10	2.5556786
871	284	3.4841158
871	229	3.3640587
871	1407	3.236088
871	318	3.1433182
871	376	3.0914912
871	1465	3.0763278
871	1067	2.9920619
871	290	2.9806075
871	302	2.8398757
871	982	2.79021
872	36	7.0384555
872	53	6.6838665
872	66	5.868049
872	59	5.765337
872	148	5.746832
872	139	5.4765596
872	47	5.2446213
872	25	5.2125497
872	164	5.1930556
872	68	5.0731306
873	1633	2.8460333
873	570	2.3819277
873	1609	1.9080704
873	229	1.8771175
873	636	1.8307939
873	1472	1.8223699
873	664	1.7737361
873	982	1.7617441
873	1184	1.6781511
873	1291	1.6612258
874	148	7.0025167
874	68	6.634986
874	139	6.305574
874	36	6.283598
874	71	5.885503
874	48	5.8608494
874	381	5.5943747
874	72	5.306683
874	175	5.2658625
874	67	5.23191
875	36	4.373831
875	59	3.7933855
875	53	3.5919647
875	66	3.5506947
875	129	3.4378042
875	123	3.4034212
875	61	3.3893604
875	269	3.3196027
875	68	3.2880137
875	175	3.2589726
876	53	4.238051
876	36	3.551495
876	47	3.4504726
876	148	3.387526
876	175	3.3552408
876	139	3.2840176
876	66	3.2148592
876	67	3.1802583
876	68	3.169624
876	25	3.1470737
877	43	3.7151592
877	36	3.67287
877	368	3.4002569
877	74	3.2362669
877	323	3.1474028
877	219	3.039302
877	331	3.0100956
877	384	2.9986596
877	162	2.9935102
877	256	2.9421935
878	445	5.963564
878	440	5.936033
878	799	5.51291
878	439	5.430954
878	444	5.270136
878	34	5.133253
878	446	4.9292545
878	53	4.0100307
878	48	3.9470644
878	148	3.7459805
879	36	8.24645
879	59	7.247483
879	53	6.994547
879	67	6.739853
879	175	6.7241282
879	74	6.341832
879	25	6.205047
879	66	6.1950874
879	139	6.1922297
879	148	6.134765
880	15	4.9873805
880	129	4.542481
880	53	4.4802136
880	769	4.381737
880	1193	4.374483
880	74	4.1379204
880	257	4.0564966
880	194	3.9845479
880	216	3.9399023
880	67	3.9310987
881	36	2.8272674
881	1023	2.0642927
881	66	2.000348
881	252	1.9965299
881	133	1.9516646
881	314	1.904498
881	68	1.8478308
881	54	1.8355725
881	1024	1.7595614
881	48	1.7545664
882	59	6.4230876
882	53	6.1935935
882	139	5.9556923
882	68	5.9332952
882	175	5.656039
882	151	5.590108
882	58	5.441163
882	25	5.398872
882	48	5.3265753
882	67	5.2155123
883	18	5.4034905
883	36	5.1638184
883	47	5.0829453
883	25	5.0777597
883	164	5.0157237
883	139	4.99424
883	175	4.881793
883	195	4.8168306
883	216	4.6690645
883	71	4.613992
884	53	4.5612597
884	36	4.404245
884	148	4.20036
884	175	4.010236
884	139	3.9474282
884	123	3.753837
884	67	3.710714
884	157	3.605771
884	48	3.59609
884	25	3.5855827
885	47	4.2314196
885	53	4.123373
885	36	3.8715467
885	58	3.7199028
885	148	3.619607
885	67	3.536628
885	66	3.524752
885	163	3.4906719
885	68	3.4738033
885	164	3.3900309
886	58	4.2945056
886	123	4.0802355
886	94	3.9417794
886	36	3.8635864
886	286	3.7261648
886	166	3.6932712
886	162	3.6220565
886	163	3.5338182
886	345	3.5299883
886	47	3.392021
887	148	6.9523087
887	151	6.353403
887	381	5.6670127
887	36	5.664591
887	48	5.55308
887	25	5.3168073
887	59	5.197046
887	273	5.0549994
887	0	5.0295978
887	42	4.9491982
888	175	5.5323296
888	59	5.258074
888	163	5.106306
888	123	5.033845
888	47	4.8359246
888	326	4.7972374
888	345	4.7897606
888	53	4.6384134
888	66	4.6232696
888	139	4.591947
889	221	4.5417647
889	74	4.5305924
889	269	4.2759824
889	129	4.224262
889	784	4.0242476
889	110	3.975045
889	53	3.9517095
889	71	3.9474988
889	59	3.9137976
889	108	3.8785646
890	12	2.5998871
890	53	2.5235608
890	47	2.392165
890	2	2.3901906
890	432	2.3631303
890	74	2.3305874
890	36	2.3302362
890	257	2.2814953
890	216	2.2476423
890	18	2.210488
891	36	3.9601846
891	68	3.8529568
891	66	3.7543325
891	139	3.749077
891	175	3.6208286
891	148	3.5842295
891	48	3.4974616
891	157	3.3329983
891	47	3.2262607
891	42	3.2111535
892	129	5.3404
892	53	5.0588803
892	408	4.9371166
892	769	4.8274927
892	59	4.822428
892	15	4.7123075
892	104	4.6997876
892	74	4.672363
892	71	4.5983257
892	67	4.5226417
893	226	4.382433
893	58	3.7701092
893	36	3.7694194
893	384	3.7450738
893	123	3.5599196
893	286	3.556568
893	132	3.4698727
893	166	3.3566709
893	164	3.2287028
893	108	3.0982523
894	36	6.5362797
894	74	5.982307
894	59	5.5905137
894	66	5.427313
894	67	5.3409348
894	53	5.3125296
894	148	5.1910653
894	256	5.0855618
894	108	5.0333896
894	68	4.796991
895	474	2.419885
895	463	2.2574992
895	518	2.1847956
895	88	2.1837785
895	746	2.175514
895	781	2.1083002
895	482	2.076483
895	66	2.067248
895	498	2.0465317
895	148	2.0297213
896	36	5.460387
896	175	5.174232
896	58	5.0277867
896	139	4.6808224
896	345	4.6800165
896	123	4.6516395
896	47	4.573786
896	379	4.419992
896	286	4.4095855
896	59	4.297434
897	36	6.1019483
897	123	6.017349
897	58	5.375796
897	59	4.8354163
897	286	4.684085
897	67	4.5305333
897	175	4.5133166
897	226	4.431957
897	148	4.399979
897	66	4.397808
898	509	2.9864979
898	285	2.4992242
898	769	2.40734
898	209	2.0094905
898	1381	2.0038795
898	895	1.9907225
898	1188	1.9290369
898	394	1.9024608
898	104	1.8815238
898	477	1.8610995
899	53	4.1923494
899	257	3.6787136
899	2	3.616956
899	8	3.5255275
899	12	3.4444234
899	432	3.3820848
899	908	3.348861
899	119	3.2197375
899	638	3.1996586
899	74	3.1750495
900	339	4.5822935
900	36	4.178713
900	66	3.9099624
900	148	3.8504148
900	59	3.6720474
900	74	3.6418946
900	408	3.5438917
900	175	3.4744601
900	842	3.4111123
900	67	3.3901212
901	121	4.671699
901	75	4.4619694
901	908	4.436184
901	12	4.2321897
901	432	4.1819158
901	964	3.8565962
901	8	3.8325937
901	10	3.766284
901	915	3.676956
901	164	3.6326551
902	58	4.450735
902	36	4.320224
902	226	3.8101032
902	88	3.624484
902	286	3.5915895
902	175	3.5536964
902	166	3.3977597
902	1002	3.3606052
902	384	3.2396278
902	59	3.2131975
903	75	3.5717392
903	18	3.3834534
903	908	3.2606044
903	964	3.2458599
903	773	3.1595552
903	121	3.0935798
903	257	3.0885348
903	119	3.0801086
903	74	2.958629
903	915	2.919514
904	53	5.3372664
904	66	5.164146
904	139	5.047247
904	148	5.035656
904	175	4.840211
904	68	4.653073
904	157	4.463406
904	47	4.2861075
904	48	4.255967
904	67	4.218618
905	36	6.884798
905	59	6.3734245
905	175	5.765362
905	53	5.714555
905	47	5.5477376
905	58	5.3486714
905	139	5.23205
905	256	5.0684276
905	25	5.0468216
905	67	5.0239954
906	36	6.557946
906	67	5.8485494
906	66	5.8189216
906	68	5.354393
906	71	5.297705
906	74	5.26485
906	139	5.2177873
906	25	5.199542
906	157	5.111317
906	59	5.04038
907	323	6.152857
907	36	5.369777
907	58	4.7625933
907	59	4.1779003
907	822	4.0755086
907	201	4.038706
907	256	3.9729884
907	290	3.9500437
907	326	3.944419
907	162	3.8305666
908	53	4.60917
908	175	4.378842
908	47	4.2110705
908	36	4.0731893
908	139	4.047866
908	66	4.008573
908	48	3.9276829
908	286	3.69004
908	25	3.6488082
908	148	3.5885346
909	53	4.720815
909	68	4.5592456
909	157	4.2179294
909	151	4.158317
909	103	4.043699
909	67	3.9439433
909	71	3.8825488
909	225	3.8663654
909	381	3.8300223
909	72	3.819591
910	53	8.195727
910	36	7.9810762
910	67	7.319384
910	59	7.2317243
910	66	6.787165
910	148	6.7159076
910	74	6.6855516
910	25	6.575267
910	164	6.5528545
910	175	6.4971
911	74	4.923641
911	257	4.5176425
911	15	4.5114636
911	118	4.2272415
911	1193	4.1695466
911	119	4.092085
911	216	3.7243829
911	61	3.634703
911	125	3.616688
911	21	3.610248
912	68	8.982841
912	157	8.664955
912	71	8.267365
912	381	7.871843
912	59	7.6019726
912	47	7.0716696
912	175	6.9314013
912	44	6.7722864
912	109	6.2238955
912	428	6.0870442
913	36	6.0624766
913	286	5.753731
913	345	5.2564516
913	334	5.1189475
913	175	4.977282
913	326	4.9463654
913	163	4.8922553
913	379	4.8860087
913	166	4.8744373
913	59	4.871115
914	36	7.1009765
914	53	6.8842688
914	139	6.537785
914	68	6.3124404
914	175	6.20961
914	151	6.089781
914	48	5.837233
914	47	5.8046093
914	25	5.572529
914	71	5.29404
915	58	4.8051934
915	226	4.2730217
915	36	4.132711
915	345	3.998266
915	59	3.7729864
915	163	3.5869553
915	334	3.4573798
915	377	3.3898952
915	33	3.3367262
915	175	3.3213432
916	58	4.595439
916	175	3.4949934
916	373	3.1953082
916	384	3.1421144
916	334	3.134812
916	142	3.1134918
916	632	3.0323224
916	232	2.9402351
916	48	2.883642
916	36	2.8215683
917	139	6.7330766
917	66	6.582274
917	36	6.5564523
917	148	6.460145
917	68	6.3436346
917	59	6.227904
917	157	6.005343
917	47	5.8842106
917	151	5.7571235
917	25	5.6813364
918	889	3.1298559
918	65	2.9060335
918	821	2.8743434
918	1638	2.72227
918	1563	2.5783381
918	1357	2.4542913
918	1069	2.3520439
918	934	2.349163
918	1583	2.1561577
918	1525	2.0703971
919	58	4.3892407
919	123	3.7728808
919	286	3.6849408
919	290	3.6408064
919	334	3.3438873
919	283	3.3344858
919	377	3.3103747
919	326	2.9990146
919	36	2.9369996
919	323	2.8844843
920	58	5.924251
920	36	5.830371
920	226	5.5673094
920	59	5.0474415
920	123	4.873866
920	326	4.7159824
920	10	4.627779
920	149	4.6107774
920	74	4.554424
920	175	4.464139
921	306	1.9842554
921	976	1.9736778
921	378	1.9082099
921	1067	1.8794512
921	384	1.8725698
921	409	1.8619801
921	714	1.8321077
921	332	1.7543738
921	1113	1.7262228
921	167	1.7131838
922	408	5.7365675
922	453	5.587264
922	769	5.310761
922	104	5.152979
922	452	5.098334
922	59	4.65079
922	98	4.6306777
922	394	4.281877
922	1135	4.249191
922	612	4.1306577
923	53	8.200646
923	148	7.6257963
923	68	7.1452217
923	36	7.010956
923	157	6.86339
923	139	6.8535204
923	71	6.35154
923	59	6.3499694
923	25	6.2134624
923	381	6.077817
924	58	4.0333548
924	59	4.013316
924	463	3.6517212
924	256	3.648641
924	286	3.577745
924	132	3.491068
924	36	3.4790661
924	175	3.4034455
924	774	3.2579756
924	94	3.1740806
925	148	4.854265
925	139	4.716561
925	48	4.678208
925	66	4.616168
925	157	4.361258
925	47	4.3601246
925	68	4.30309
925	151	4.29941
925	175	4.284198
925	42	3.7518723
926	53	8.110215
926	36	8.002708
926	66	7.418473
926	59	7.237071
926	148	7.0133376
926	139	6.7604494
926	68	6.7512054
926	67	6.638114
926	71	6.4283457
926	175	6.347612
927	226	4.3405824
927	379	4.2129793
927	163	4.1443505
927	47	3.7868006
927	139	3.767121
927	384	3.752472
927	326	3.6580155
927	283	3.5662751
927	334	3.5445147
927	437	3.5267973
928	36	7.0882015
928	59	6.157503
928	66	5.77715
928	74	5.478224
928	148	5.3840904
928	25	5.302146
928	164	5.2071157
928	139	5.0937967
928	47	5.015963
928	68	4.9245567
929	908	4.122827
929	257	4.063173
929	121	3.7132921
929	75	3.5487502
929	2	3.5447717
929	12	3.447584
929	18	3.3859668
929	117	3.306283
929	149	3.1911697
929	10	3.1563778
930	53	8.086835
930	66	7.44026
930	148	7.3832645
930	36	6.956098
930	157	6.9274335
930	151	6.6725955
930	71	6.6251783
930	103	6.426171
930	48	6.1599517
930	25	6.120985
931	53	7.9138193
931	148	7.7337284
931	48	6.4812527
931	103	6.425765
931	71	6.3819723
931	47	6.2140837
931	25	6.2098246
931	67	6.049051
931	381	5.895818
931	72	5.8203664
932	36	5.368948
932	286	4.6828437
932	58	4.608876
932	139	4.425825
932	163	4.2955217
932	59	4.2501054
932	175	4.2400537
932	47	4.1661463
932	345	4.008796
932	25	3.8052058
933	74	5.360592
933	257	4.7905307
933	408	4.580464
933	36	4.5145936
933	21	4.473893
933	1193	4.4395423
933	194	4.4260798
933	75	4.2989526
933	129	4.263173
933	54	4.1320195
934	58	6.8689394
934	286	4.973403
934	384	4.4786367
934	326	4.3282795
934	132	3.9455948
934	94	3.8316336
934	318	3.7769935
934	378	3.699752
934	290	3.6092749
934	36	3.599589
935	66	7.6560674
935	139	7.225713
935	151	6.864926
935	36	6.805173
935	71	6.4912386
935	103	6.46003
935	48	6.3784027
935	25	6.3170333
935	47	6.0609794
935	72	5.8773937
936	148	6.3297486
936	66	6.296129
936	68	6.214106
936	139	6.05629
936	71	5.934499
936	157	5.847073
936	36	5.669927
936	103	5.6653657
936	151	5.624504
936	59	5.409363
937	226	4.1547513
937	58	3.9382026
937	286	3.8448303
937	345	3.4197524
937	36	3.3733947
937	326	3.177393
937	314	3.1566093
937	175	2.997361
937	123	2.9281812
937	1002	2.8224313
938	257	4.195824
938	2	3.631421
938	75	3.441497
938	15	3.215956
938	137	3.11738
938	118	3.0198781
938	432	2.87284
938	8	2.8510249
938	216	2.7835846
938	245	2.7797978
939	1188	4.5402594
939	453	4.38678
939	408	3.9425933
939	407	3.8442333
939	98	3.8159904
939	769	3.712509
939	1135	3.6980522
939	775	3.678621
939	1533	3.4351108
939	783	3.274821
940	261	2.773947
940	1508	2.5735338
940	982	2.4104607
940	433	2.3271675
940	384	2.285555
940	286	2.2360482
940	167	2.1917386
940	1481	2.0849252
940	1033	2.0736585
940	1067	2.072197
941	58	3.2338603
941	139	3.1393778
941	47	2.88862
941	290	2.859459
941	283	2.7955108
941	286	2.7416756
941	94	2.706326
941	803	2.68523
941	59	2.615433
941	148	2.5941098
942	36	6.3767977
942	58	5.527102
942	175	5.38168
942	59	5.356673
942	47	5.0561028
942	345	4.946431
942	53	4.9216356
942	139	4.9032626
942	10	4.7512784
942	163	4.743941
943	148	5.14279
943	157	4.564312
943	151	4.468483
943	71	4.2753773
943	59	4.1267533
943	67	4.048756
943	273	3.9626465
943	25	3.9548955
943	48	3.944378
943	72	3.764117
944	194	5.160201
944	67	4.7152996
944	66	4.576849
944	53	4.437283
944	59	4.3830185
944	148	4.29022
944	139	4.188611
944	47	4.1086693
944	256	4.1053357
944	68	4.076779
945	286	4.0984797
945	36	4.024048
945	58	3.97579
945	142	3.5591495
945	226	3.4380498
945	345	3.3778512
945	283	3.331259
945	326	3.3241775
945	318	3.2799873
945	352	3.2252886
946	769	3.6487787
946	269	3.5868332
946	775	3.393302
946	104	3.369794
946	783	3.245817
946	612	2.9928315
946	452	2.9564128
946	422	2.8638692
946	453	2.8488882
946	98	2.8462367
947	1178	7.079015
947	1474	6.9621725
947	1330	5.8274417
947	1303	5.580301
947	236	5.4913893
947	1513	5.371468
947	1488	5.341122
947	1361	5.143806
947	1494	5.044828
947	1323	4.7302337
948	53	5.467815
948	175	5.2075686
948	164	4.552317
948	148	4.544103
948	25	4.528068
948	226	4.317636
948	74	4.2656665
948	286	4.252834
948	379	4.129498
948	29	3.950711
949	66	3.1107366
949	68	2.820299
949	103	2.6655383
949	129	2.5571063
949	88	2.5471866
949	849	2.4791603
949	53	2.3606305
949	148	2.3522243
949	59	2.2747645
949	151	2.2705362
950	463	3.478589
950	632	2.9828022
950	1067	2.9687886
950	153	2.7476306
950	286	2.718499
950	326	2.5805569
950	714	2.417232
950	801	2.3407748
950	59	2.1230886
950	1023	2.0672846
951	36	7.954079
951	53	6.6391745
951	59	6.2649517
951	68	6.205819
951	175	6.195169
951	67	5.9810176
951	47	5.773007
951	151	5.680765
951	25	5.635161
951	48	5.468576
952	36	7.6953607
952	53	7.2373
952	66	7.1967354
952	59	7.052416
952	148	6.996527
952	157	6.44349
952	175	6.2905903
952	47	6.246009
952	151	6.241888
952	25	6.092208
953	1474	3.2416
953	1417	3.1838257
953	1143	3.1507127
953	1361	3.009183
953	1049	3.001444
953	972	2.9907198
953	1513	2.9538639
953	1178	2.9428172
953	1607	2.9104915
953	1626	2.8883214
954	453	5.6202993
954	104	5.611239
954	98	5.517652
954	452	5.365785
954	15	5.3547654
954	783	5.250741
954	1188	5.087685
954	118	5.0549045
954	74	4.896759
954	775	4.8517222
955	58	5.855396
955	175	5.222826
955	326	4.4994545
955	139	4.4471016
955	59	4.396176
955	66	4.363093
955	148	4.3512278
955	345	4.226394
955	163	4.0902395
955	226	4.0657234
956	36	6.284998
956	59	5.841304
956	108	5.339666
956	256	5.194503
956	68	5.0793376
956	129	5.0768957
956	74	4.994306
956	66	4.880651
956	148	4.821348
956	67	4.8088546
957	58	5.204065
957	59	4.721945
957	175	4.5294886
957	36	4.4368095
957	66	4.336921
957	148	4.228317
957	48	4.1765385
957	47	4.0918036
957	286	3.8953989
957	139	3.8594563
958	286	3.1105092
958	58	2.9778218
958	373	2.6890671
958	318	2.48154
958	326	2.433013
958	334	2.302563
958	437	2.2430983
958	277	2.1652014
958	1321	2.159669
958	142	2.1358237
959	53	4.6237993
959	18	4.0632305
959	2	3.8334863
959	773	3.8078444
959	74	3.751737
959	8	3.746478
959	257	3.7227898
959	164	3.6939585
959	908	3.6560626
959	915	3.6369956
960	23	5.89128
960	1615	4.560106
960	1435	4.0605636
960	1491	3.7525473
960	194	3.5708084
960	181	3.2000062
960	379	3.1774507
960	819	2.9600487
960	314	2.9174755
960	28	2.8486526
961	15	5.94367
961	408	5.7156353
961	118	5.0992928
961	104	4.953991
961	452	4.851022
961	21	4.824345
961	453	4.823989
961	257	4.744725
961	1188	4.4484015
961	98	4.245466
962	68	8.096073
962	36	7.2852697
962	71	7.2606297
962	103	7.217258
962	48	7.16343
962	59	7.049722
962	381	6.951132
962	47	6.746779
962	0	6.441545
962	72	6.4242616
963	625	2.8763256
963	982	2.7511723
963	1282	2.7137759
963	795	2.697742
963	374	2.5784433
963	748	2.511593
963	302	2.3641047
963	1291	2.3464866
963	1303	2.334686
963	1181	2.3298542
964	36	6.9424653
964	59	6.5236964
964	53	6.4277987
964	66	5.970428
964	139	5.872538
964	148	5.764105
964	25	5.7310557
964	256	5.6394687
964	175	5.5871654
964	164	5.3906193
965	80	1.7114041
965	433	1.6395404
965	625	1.633461
965	240	1.6311494
965	374	1.594412
965	977	1.5910352
965	246	1.5570916
965	480	1.5373453
965	373	1.5359911
965	83	1.4330794
966	53	8.01728
966	36	7.75271
966	66	7.4498224
966	148	7.3642306
966	139	7.3190618
966	68	7.1903987
966	175	6.9154363
966	25	6.7644734
966	47	6.7332726
966	157	6.7162304
967	181	3.85932
967	314	3.6124103
967	909	3.3509188
967	359	3.215247
967	406	3.1729305
967	343	3.1605005
967	54	3.1171637
967	111	3.0670776
967	432	3.0544918
967	18	3.034271
968	36	6.139003
968	175	5.308668
968	139	4.9227877
968	47	4.7433004
968	66	4.679509
968	53	4.670469
968	345	4.6060305
968	163	4.5458293
968	226	4.5302796
968	286	4.423942
969	1044	2.7149837
969	1032	2.3294551
969	63	2.3024206
969	723	2.1865437
969	896	2.1006677
969	1129	1.9927397
969	474	1.9656657
969	129	1.8801725
969	1288	1.8193611
969	849	1.808623
970	123	4.927212
970	379	4.3320527
970	58	4.2221513
970	344	4.103658
970	384	3.8857734
970	167	3.6940193
970	367	3.5788825
970	763	3.5715132
970	306	3.3722684
970	166	3.2255201
971	36	6.9352813
971	68	6.7816887
971	139	6.485885
971	151	6.3065853
971	59	6.303414
971	48	5.904619
971	25	5.9036546
971	71	5.8930006
971	175	5.890811
971	67	5.824204
972	323	3.3192704
972	343	3.0834997
972	194	2.9966252
972	258	2.7840643
972	359	2.7580345
972	1281	2.471758
972	54	2.3354766
972	1348	2.3039207
972	895	2.222418
972	822	2.2151654
973	74	4.338154
973	194	3.6422088
973	67	3.2949276
973	259	3.2774274
973	164	3.2280605
973	257	3.2053242
973	216	3.186142
973	10	3.061192
973	56	3.048758
973	149	3.0109932
974	157	6.198991
974	68	6.0628786
974	53	5.8646626
974	103	5.623683
974	139	5.3846183
974	36	5.3453364
974	48	5.3133187
974	71	4.964987
974	381	4.6794786
974	225	4.6366224
975	769	4.802127
975	256	4.778153
975	74	4.684293
975	59	4.6527033
975	66	4.418135
975	129	4.2191324
975	108	4.166615
975	148	4.1011
975	67	3.9860225
975	453	3.855974
976	59	6.7929015
976	66	6.4933825
976	53	6.297454
976	148	6.2822847
976	175	6.118347
976	139	6.036882
976	157	5.631429
976	151	5.580082
976	67	5.5267243
976	48	5.5143876
977	452	4.9928255
977	453	4.792681
977	769	4.735269
977	209	4.683327
977	1188	4.360793
977	1135	4.2865186
977	104	4.2833247
977	98	4.233421
977	394	4.008732
977	865	3.841468
978	334	4.1868668
978	326	4.1637707
978	36	3.8148024
978	142	3.7914288
978	345	3.6862848
978	226	3.650016
978	59	3.6355414
978	94	3.548479
978	163	3.5261135
978	175	3.4510238
979	662	6.422146
979	460	5.6800776
979	459	5.291208
979	461	4.090877
979	66	3.6714673
979	148	3.4177516
979	151	3.2616751
979	68	3.1524942
979	48	3.1295154
979	44	2.949106
980	58	2.7895164
980	123	2.7145739
980	36	2.6802762
980	166	2.640536
980	384	2.5423787
980	345	2.453189
980	226	2.4519012
980	379	2.380512
980	163	2.3150861
980	249	2.2913544
981	53	7.828229
981	36	7.13807
981	66	7.0522137
981	148	6.837465
981	68	6.611652
981	71	6.4491196
981	139	6.432403
981	67	6.298058
981	59	6.1786466
981	157	6.161843
982	36	8.089816
982	139	7.891839
982	66	7.7452326
982	148	7.7197742
982	47	7.0354195
982	151	6.766615
982	48	6.670572
982	103	6.473808
982	72	6.3882694
982	381	6.384117
983	323	4.6822248
983	368	4.427576
983	219	4.375083
983	365	3.9237826
983	129	3.4125714
983	53	3.3471014
983	822	3.3389742
983	71	3.1305215
983	59	3.1129813
983	66	3.055622
984	36	7.816882
984	53	6.750501
984	59	6.258047
984	67	6.225606
984	139	6.0115557
984	148	5.8671403
984	66	5.862057
984	25	5.7835226
984	74	5.778995
984	157	5.1516604
985	58	4.248366
985	286	3.8795204
985	803	3.3251073
985	132	3.2425556
985	334	3.2242994
985	326	3.203649
985	142	3.0770178
985	166	2.9584928
985	163	2.9242852
985	290	2.889502
986	339	2.6046426
986	286	2.5960963
986	326	2.4826524
986	1023	2.4575098
986	36	2.4140136
986	465	2.3518372
986	641	2.2646992
986	677	2.228781
986	1110	2.2117212
986	148	1.9788984
987	36	5.6668878
987	175	5.541526
987	53	5.056406
987	59	5.03381
987	68	5.0244074
987	66	5.001646
987	148	4.8236704
987	139	4.7873797
987	58	4.7127304
987	286	4.647042
988	53	7.855691
988	36	7.214276
988	148	6.9417944
988	66	6.8988614
988	157	6.493768
988	59	6.35899
988	151	6.1865196
988	25	6.1702485
988	48	6.130371
988	71	5.984152
989	53	5.234945
989	71	4.9137363
989	36	4.5339656
989	66	4.492003
989	381	4.2878356
989	148	4.2853956
989	68	4.2158804
989	269	4.2017145
989	216	4.1134276
989	72	4.1040835
990	433	4.0036726
990	834	3.4832392
990	261	3.256715
990	833	3.231718
990	568	2.9349482
990	1113	2.9209259
990	429	2.6245847
990	714	2.4881694
990	836	2.4784818
990	778	2.474688
991	406	6.60556
991	359	6.257149
991	292	6.111842
991	317	6.0990233
991	400	5.864509
991	298	5.3194604
991	1260	5.272247
991	343	5.202111
991	117	3.8729424
991	209	3.7423034
992	36	4.761524
992	58	4.4889717
992	59	4.3180976
992	345	4.281622
992	175	4.103248
992	139	3.7139435
992	53	3.6908534
992	67	3.659596
992	47	3.6369765
992	269	3.614079
993	25	6.289242
993	66	6.2834644
993	68	6.222491
993	256	5.581709
993	273	5.4986305
993	151	5.3850026
993	163	5.33463
993	108	5.229248
993	269	5.1245675
993	109	5.0902185
994	129	6.145327
994	53	5.847549
994	36	5.7640495
994	66	5.6794944
994	59	5.465985
994	71	5.4328995
994	68	5.42767
994	148	5.2959857
994	103	5.170772
994	25	4.948187
995	769	6.4726887
995	59	5.5409546
995	98	5.4525356
995	36	5.3623443
995	129	5.1942177
995	453	4.9701624
995	783	4.928545
995	256	4.92664
995	66	4.910474
995	15	4.876976
996	1064	2.019474
996	466	1.8134983
996	579	1.7198881
996	614	1.6863029
996	906	1.672183
996	501	1.6438191
996	196	1.607567
996	34	1.594574
996	41	1.5922531
996	1281	1.5758973
997	345	3.6995487
997	58	3.1762471
997	36	2.9812813
997	226	2.8890212
997	141	2.87117
997	149	2.8529682
997	43	2.8380418
997	111	2.8173304
997	763	2.8015568
997	641	2.7448857
998	53	8.952596
998	36	8.701762
998	139	7.8305025
998	66	7.7240887
998	148	7.508747
998	175	7.421948
998	67	7.2332892
998	68	7.153715
998	47	6.883173
998	48	6.4093776
999	194	3.2416344
999	181	2.3854957
999	314	2.317676
999	280	2.0362546
999	432	2.0095875
999	408	2.0036907
999	359	1.9893694
999	209	1.9860371
999	909	1.981922
999	17	1.9758576
1000	1340	2.6990461
1000	306	2.6473892
1000	344	2.6281402
1000	734	2.5852122
1000	379	2.5623708
1000	1508	2.4510696
1000	484	2.3600116
1000	167	2.308264
1000	958	2.3075752
1000	117	2.3035665
1001	119	3.613437
1001	1193	3.4068193
1001	2	3.3982646
1001	74	3.334054
1001	8	3.3057878
1001	22	3.209683
1001	785	3.2037752
1001	20	3.0665305
1001	245	2.9406013
1001	964	2.9290586
1002	123	3.136887
1002	132	2.8774035
1002	384	2.8328626
1002	226	2.7378936
1002	944	2.5621696
1002	286	2.518579
1002	143	2.487522
1002	153	2.4538352
1002	1023	2.4481382
1002	249	2.4195683
1003	68	8.464612
1003	157	8.066492
1003	71	7.7395844
1003	59	7.527114
1003	0	6.8140993
1003	44	6.408593
1003	105	6.266369
1003	29	5.9420094
1003	221	5.8692117
1003	680	5.7942533
1004	36	5.783595
1004	139	5.3193727
1004	58	5.0835543
1004	53	5.028431
1004	59	4.915513
1004	66	4.8830423
1004	148	4.8100467
1004	286	4.689289
1004	48	4.495185
1004	163	4.4258413
1005	53	7.6402826
1005	36	6.7783933
1005	59	6.3726234
1005	74	6.252375
1005	67	6.0786576
1005	129	5.923196
1005	221	5.900085
1005	25	5.837494
1005	148	5.785647
1005	47	5.77465
1006	314	5.0255604
1006	12	4.8484674
1006	74	4.059396
1006	58	3.749016
1006	292	3.6282468
1006	465	3.5816197
1006	36	3.5663166
1006	317	3.524684
1006	10	3.5060964
1006	181	3.4430923
1007	139	5.2029123
1007	66	4.9404593
1007	148	4.914297
1007	68	4.819028
1007	59	4.808391
1007	175	4.7781224
1007	71	4.5745254
1007	25	4.5496387
1007	157	4.473061
1007	151	4.285704
1008	36	6.3986793
1008	59	6.050096
1008	148	5.531807
1008	66	5.53089
1008	175	5.4298987
1008	53	5.41307
1008	68	5.2908206
1008	286	5.2429996
1008	139	5.199901
1008	47	4.9543376
1009	53	5.5229306
1009	36	5.1098876
1009	74	4.774702
1009	59	4.5175676
1009	18	4.4676642
1009	164	4.4146767
1009	129	4.382329
1009	25	4.3750873
1009	67	4.2913947
1009	842	4.2108374
1010	36	7.204282
1010	66	7.0297775
1010	148	6.8472376
1010	139	6.456036
1010	59	6.1182384
1010	175	6.037837
1010	48	5.81379
1010	47	5.691644
1010	67	5.4085317
1010	71	5.143713
1011	1350	3.0685825
1011	1416	2.9731112
1011	1505	2.9411745
1011	1288	2.9083362
1011	1378	2.8737042
1011	972	2.8453686
1011	486	2.8427138
1011	1589	2.7956393
1011	1513	2.792303
1011	239	2.7599857
1012	23	2.1803627
1012	362	2.177618
1012	177	2.169042
1012	706	2.1617444
1012	681	2.0036726
1012	8	1.9065351
1012	477	1.8975241
1012	432	1.897472
1012	117	1.876411
1012	417	1.8553444
1013	36	4.4964
1013	175	4.269237
1013	53	4.126061
1013	47	3.933377
1013	59	3.8888195
1013	67	3.841539
1013	139	3.6400406
1013	58	3.4971862
1013	163	3.469317
1013	385	3.4632714
1014	163	5.277766
1014	175	5.2304263
1014	123	5.2265253
1014	47	5.032565
1014	345	4.84578
1014	226	4.771891
1014	139	4.674371
1014	94	4.625845
1014	256	4.602816
1014	66	4.470044
1015	36	5.7834077
1015	53	5.7657423
1015	67	5.3256135
1015	59	5.142499
1015	164	5.021555
1015	175	4.6578045
1015	256	4.51418
1015	842	4.512614
1015	47	4.4485397
1015	139	4.4289675
1016	314	4.6179547
1016	36	4.565407
1016	10	4.5279126
1016	257	4.526808
1016	149	4.479181
1016	164	4.42127
1016	74	4.3153014
1016	67	4.225896
1016	344	4.0173235
1016	119	3.9972668
1017	36	5.15299
1017	47	4.545712
1017	53	4.4849944
1017	175	4.1927757
1017	68	4.0946407
1017	0	4.058478
1017	74	4.0484095
1017	139	3.9784758
1017	221	3.9187636
1017	164	3.8561125
1018	909	3.2163105
1018	177	2.4882784
1018	714	2.4393172
1018	482	2.3875105
1018	8	2.373243
1018	314	2.2858295
1018	738	2.2157085
1018	1392	2.192706
1018	1547	2.1228771
1018	1360	2.102827
1019	417	3.212808
1019	117	2.551178
1019	146	2.4564652
1019	989	2.3814306
1019	84	2.3208811
1019	43	2.310368
1019	1266	2.2668912
1019	1235	2.2549133
1019	468	2.1114984
1019	819	2.043676
1020	36	7.676893
1020	139	7.1200705
1020	53	7.116245
1020	59	6.809076
1020	68	6.639262
1020	47	6.569679
1020	157	6.2435327
1020	48	6.0107965
1020	25	5.979919
1020	58	5.8564515
1021	36	7.703862
1021	139	6.9213495
1021	66	6.8701825
1021	59	6.8485065
1021	148	6.816751
1021	68	6.695428
1021	175	6.6885405
1021	25	6.4552407
1021	47	6.424038
1021	71	6.181188
1022	36	5.8061795
1022	175	5.242662
1022	66	5.1319075
1022	148	4.979922
1022	164	4.9497824
1022	139	4.7418356
1022	25	4.693495
1022	59	4.6394696
1022	68	4.574618
1022	842	4.5338845
1023	68	5.5375113
1023	36	5.463463
1023	48	5.299322
1023	157	5.2437687
1023	175	5.1256514
1023	67	5.054949
1023	59	4.964612
1023	47	4.789332
1023	42	4.6597795
1023	71	4.627437
1024	59	3.3719873
1024	36	2.8296535
1024	47	2.8085544
1024	286	2.8018072
1024	163	2.7134356
1024	175	2.678087
1024	331	2.5848973
1024	94	2.4110181
1024	195	2.3876579
1024	139	2.3864334
1025	36	3.8722496
1025	74	3.704284
1025	123	3.553693
1025	10	3.5091443
1025	164	3.481884
1025	47	3.4033992
1025	149	3.3863492
1025	226	3.3797708
1025	475	3.337272
1025	162	3.2991798
1026	36	7.105566
1026	67	5.3839035
1026	175	5.378933
1026	53	5.351266
1026	139	5.3379655
1026	47	5.187814
1026	25	5.135736
1026	164	5.029107
1026	71	4.9091244
1026	256	4.8727703
1027	53	5.032391
1027	36	4.4365444
1027	71	4.318453
1027	68	4.1494913
1027	67	4.0817537
1027	139	4.019129
1027	59	4.018046
1027	74	3.7903829
1027	221	3.7489161
1027	72	3.7339456
1028	453	5.4842963
1028	104	5.2678137
1028	769	5.1312723
1028	783	4.496263
1028	98	4.4910574
1028	612	4.4163957
1028	256	4.379495
1028	1135	4.288855
1028	59	4.1351275
1028	775	4.0669436
1029	36	4.7361903
1029	59	4.57703
1029	53	4.0171676
1029	47	3.9646006
1029	139	3.9544275
1029	175	3.8164873
1029	68	3.475658
1029	71	3.4277453
1029	269	3.3865502
1029	256	3.3573315
1030	53	7.504355
1030	36	7.189048
1030	66	6.276621
1030	175	6.2409234
1030	139	6.1598706
1030	148	6.0832787
1030	25	5.925525
1030	68	5.9042563
1030	47	5.794553
1030	71	5.714587
1031	53	5.6691008
1031	36	5.5731983
1031	67	5.127105
1031	10	5.030452
1031	74	4.892001
1031	164	4.766381
1031	175	4.6608834
1031	298	4.4507008
1031	347	4.445468
1031	842	4.320427
1032	53	6.494148
1032	2	5.2239356
1032	216	4.9167185
1032	67	4.856758
1032	71	4.6115246
1032	164	4.547239
1032	74	4.540828
1032	18	4.491929
1032	25	4.479766
1032	221	4.463286
1033	36	4.8793716
1033	323	4.4898796
1033	59	4.164343
1033	226	3.752967
1033	345	3.580448
1033	318	3.5441048
1033	142	3.5259802
1033	43	3.4427288
1033	326	3.4347105
1033	201	3.4338868
1034	139	2.9782774
1034	47	2.3685942
1034	428	2.26785
1034	48	2.2512841
1034	53	2.239004
1034	163	2.2070427
1034	491	2.1134677
1034	175	2.0207226
1034	68	2.010037
1034	690	1.9991698
1035	92	5.8422174
1035	194	3.9128842
1035	1435	3.849504
1035	1615	3.6472645
1035	379	3.4976919
1035	1491	3.295855
1035	75	3.1599305
1035	2	3.1281328
1035	314	3.110883
1035	181	2.9319205
1036	58	5.1342616
1036	318	4.1783147
1036	226	4.102711
1036	36	3.967135
1036	175	3.9570394
1036	139	3.9275548
1036	163	3.7736895
1036	334	3.7673233
1036	142	3.7333348
1036	59	3.720227
1037	119	5.035039
1037	257	5.0304112
1037	74	4.863623
1037	36	4.5244823
1037	61	4.4126043
1037	269	4.372776
1037	67	4.357317
1037	164	4.2731256
1037	108	4.1195626
1037	53	4.0466194
1038	58	4.8809686
1038	970	4.374352
1038	379	3.9647307
1038	74	3.9354281
1038	334	3.604209
1038	1023	3.5721507
1038	10	3.5707757
1038	249	3.4547145
1038	149	3.41944
1038	123	3.4191701
1039	59	5.4998517
1039	53	4.833291
1039	66	4.6919756
1039	47	4.629956
1039	256	4.40969
1039	148	4.3810124
1039	68	4.3396935
1039	139	4.1491137
1039	67	4.1418414
1039	48	4.0603886
1040	323	2.1569824
1040	389	2.0975702
1040	88	2.0446026
1040	62	1.9013596
1040	229	1.8365635
1040	219	1.8282971
1040	1061	1.7637043
1040	225	1.7635934
1040	66	1.7279848
1040	874	1.7227634
1041	1064	4.925138
1041	129	3.9785354
1041	121	3.8471906
1041	1082	3.8347855
1041	118	3.762713
1041	75	3.6151118
1041	61	3.4979045
1041	53	3.4897208
1041	1193	3.4835558
1041	15	3.4773908
1042	167	3.0958898
1042	426	2.544348
1042	1508	2.0822322
1042	1561	2.065819
1042	384	1.984083
1042	1088	1.8769473
1042	560	1.8700868
1042	468	1.8660202
1042	1364	1.7965155
1042	1225	1.7948567
1043	36	4.236574
1043	163	3.5800476
1043	53	3.3769474
1043	68	3.3609369
1043	175	3.234632
1043	148	3.150783
1043	83	3.118935
1043	58	3.0608244
1043	157	3.0330307
1043	345	2.9894912
1044	58	3.9935954
1044	286	3.9333663
1044	219	3.8207414
1044	368	3.653922
1044	365	3.5857677
1044	142	3.1003985
1044	822	3.0934136
1044	326	2.9617634
1044	334	2.7954972
1044	36	2.7912445
1045	53	8.93054
1045	66	8.204524
1045	139	7.652893
1045	36	7.4498024
1045	71	6.9902754
1045	59	6.793431
1045	48	6.6133966
1045	381	6.596499
1045	67	6.3708034
1045	175	6.27576
1046	15	4.2826614
1046	257	3.9275863
1046	226	3.8338706
1046	408	3.8215647
1046	118	3.8031907
1046	987	3.777073
1046	21	3.496555
1046	108	3.236291
1046	769	3.2351365
1046	452	3.2127924
1047	66	4.4450374
1047	157	3.7973928
1047	68	3.2413585
1047	103	3.0589738
1047	139	2.907403
1047	36	2.8898032
1047	44	2.7261295
1047	373	2.7136693
1047	690	2.6515453
1047	339	2.4763176
1048	58	4.626792
1048	226	4.0742273
1048	59	3.8327265
1048	345	3.7614107
1048	286	3.738958
1048	803	3.484635
1048	88	3.4731255
1048	66	3.4575548
1048	334	3.4126244
1048	175	3.3844526
1049	36	4.5141635
1049	59	4.207597
1049	226	3.6967263
1049	175	3.4722018
1049	67	3.4124627
1049	139	3.289478
1049	273	3.2816632
1049	148	3.2509384
1049	286	3.2384956
1049	53	3.1460407
1050	59	6.4768524
1050	53	6.0986137
1050	68	6.0667095
1050	66	6.019121
1050	47	5.9615855
1050	148	5.9482594
1050	139	5.8693423
1050	175	5.5907345
1050	25	5.486352
1050	157	5.395211
1051	66	6.579265
1051	36	6.577251
1051	148	6.3392377
1051	139	5.942598
1051	68	5.8782434
1051	157	5.8021936
1051	151	5.6278286
1051	175	5.575503
1051	25	5.4464993
1051	67	5.3636346
1052	74	5.5150504
1052	121	5.4276724
1052	2	4.413684
1052	36	4.29142
1052	67	4.220363
1052	75	4.2155104
1052	53	4.0782666
1052	216	4.0744367
1052	15	4.048061
1052	842	4.032066
1053	58	5.011767
1053	36	4.8217397
1053	226	4.6923265
1053	181	4.4315085
1053	292	4.359646
1053	298	4.3133764
1053	10	4.2697916
1053	317	4.179709
1053	345	4.139123
1053	359	4.1308928
1054	139	3.6131
1054	163	3.1165488
1054	175	2.8300867
1054	53	2.7634692
1054	428	2.7240336
1054	47	2.5577698
1054	36	2.5485919
1054	286	2.546735
1054	48	2.4761453
1054	68	2.4697497
1055	53	8.553616
1055	66	7.4249086
1055	139	7.37237
1055	148	7.3070188
1055	68	7.287769
1055	25	6.691416
1055	67	6.6841693
1055	175	6.571844
1055	151	6.470609
1055	47	6.3926888
1056	53	9.322005
1056	148	8.385584
1056	68	8.261615
1056	381	7.183631
1056	59	7.1495066
1056	25	7.0916076
1056	42	6.3739023
1056	67	6.338793
1056	105	6.128024
1056	64	5.856253
1057	53	6.9293237
1057	36	6.292432
1057	59	5.8165636
1057	67	5.7008915
1057	139	5.551994
1057	157	5.513876
1057	25	5.4735107
1057	71	5.4414015
1057	151	5.399485
1057	175	5.3607574
1058	36	6.6364255
1058	53	6.4011164
1058	66	6.1812935
1058	68	6.061139
1058	59	6.006744
1058	139	5.9560623
1058	148	5.905569
1058	47	5.7466846
1058	157	5.580982
1058	25	5.4963984
1059	53	6.996245
1059	66	5.9317465
1059	139	5.873056
1059	148	5.365306
1059	36	5.322796
1059	71	5.277767
1059	68	5.231278
1059	157	5.1791835
1059	59	5.0245204
1059	151	5.011304
1060	36	6.3060503
1060	58	6.141475
1060	59	5.597153
1060	286	4.984202
1060	67	4.8885612
1060	47	4.8407373
1060	256	4.7260404
1060	163	4.6572495
1060	226	4.5712924
1060	164	4.512881
1061	53	9.079237
1061	148	7.999482
1061	25	7.0615807
1061	381	6.911464
1061	67	6.795148
1061	47	6.6993
1061	0	6.570594
1061	48	6.5618696
1061	175	6.5248666
1061	42	6.2305665
1062	74	4.8113937
1062	164	4.5120397
1062	53	4.4843583
1062	67	4.414922
1062	257	4.2637463
1062	36	4.2401485
1062	121	4.1182237
1062	216	4.052259
1062	12	4.042534
1062	2	3.929169
1063	53	4.70638
1063	379	4.1601725
1063	175	4.110728
1063	344	4.1048417
1063	36	4.0031557
1063	345	3.737333
1063	58	3.732551
1063	149	3.650173
1063	10	3.599064
1063	249	3.5142448
1064	769	5.076494
1064	56	5.0230384
1064	104	4.6373997
1064	783	4.463332
1064	394	4.3211184
1064	453	4.287367
1064	775	4.2783475
1064	408	4.1802254
1064	612	4.115506
1064	98	4.101087
1065	226	1.8115189
1065	74	1.6752409
1065	36	1.6372235
1065	257	1.6126022
1065	648	1.5314611
1065	314	1.4595915
1065	379	1.4503487
1065	83	1.4301361
1065	123	1.4100503
1065	417	1.4024589
1066	326	2.067299
1066	509	2.0341065
1066	1356	1.9216664
1066	803	1.8845236
1066	94	1.8773533
1066	58	1.8357173
1066	290	1.7901441
1066	1067	1.7344407
1066	892	1.7324271
1066	1442	1.6622388
1067	36	5.3934016
1067	164	4.7381477
1067	10	4.327571
1067	47	4.290369
1067	175	4.1602964
1067	139	4.148985
1067	12	4.144301
1067	269	4.1161876
1067	59	4.1093297
1067	842	4.0094266
1068	53	7.832122
1068	66	7.033969
1068	175	6.838063
1068	139	6.7994933
1068	148	6.693002
1068	68	6.5859556
1068	25	6.5396776
1068	164	6.5127025
1068	71	6.4311347
1068	47	6.3837376
1069	314	5.68143
1069	181	5.3172407
1069	482	5.0938106
1069	406	4.601566
1069	317	4.52496
1069	194	4.466064
1069	1260	3.8556826
1069	292	3.816556
1069	343	3.7008202
1069	117	3.1353483
1070	58	5.3315487
1070	123	5.03085
1070	163	4.0374537
1070	249	3.9756982
1070	36	3.9290922
1070	175	3.8248327
1070	379	3.6961796
1070	334	3.674818
1070	166	3.6187572
1070	66	3.5230627
1071	36	7.1120086
1071	59	6.295904
1071	53	6.268994
1071	139	5.727251
1071	68	5.4913306
1071	175	5.405524
1071	25	5.3791566
1071	47	5.3724046
1071	71	5.1681046
1071	74	5.141105
1072	139	6.015889
1072	59	5.92032
1072	148	5.774328
1072	123	5.5559783
1072	163	5.502659
1072	68	5.3446765
1072	164	5.318726
1072	345	5.1860547
1072	48	4.995887
1072	64	4.780649
1073	36	5.135725
1073	58	4.4232655
1073	139	4.407817
1073	47	4.401824
1073	175	4.1109643
1073	286	4.0733256
1073	59	4.00759
1073	68	3.878045
1073	66	3.7786016
1073	226	3.7653534
1074	36	5.5773644
1074	74	4.5246634
1074	59	4.4233284
1074	58	4.317222
1074	47	4.2805905
1074	175	4.0713663
1074	162	4.0594378
1074	286	4.024672
1074	256	3.9187953
1074	164	3.845954
1075	66	7.1922884
1075	68	6.6931605
1075	157	6.5438976
1075	151	6.4253902
1075	139	6.3283305
1075	71	5.9844084
1075	48	5.803442
1075	36	5.780781
1075	381	5.717674
1075	25	5.553352
1076	306	3.4044092
1076	378	3.0372832
1076	58	2.824158
1076	1145	2.806728
1076	970	2.7477674
1076	344	2.7446506
1076	149	2.7104652
1076	238	2.6528943
1076	10	2.6244078
1076	82	2.5624335
1077	53	5.0894384
1077	36	4.8958044
1077	74	4.840486
1077	67	4.728528
1077	164	4.6316805
1077	2	4.156175
1077	119	4.13821
1077	216	4.052543
1077	10	4.004342
1077	842	3.969772
1078	58	3.777852
1078	377	2.8668017
1078	226	2.8523362
1078	94	2.8502214
1078	344	2.7982087
1078	334	2.777893
1078	345	2.6824524
1078	1225	2.6505919
1078	163	2.5973265
1078	1163	2.578154
1079	123	5.5442433
1079	175	5.5079947
1079	67	5.472764
1079	59	5.42363
1079	58	5.305273
1079	53	5.2799664
1079	139	5.2497277
1079	164	5.1460752
1079	163	5.1118603
1079	25	4.95766
1080	53	7.5511856
1080	148	7.289519
1080	151	6.5711823
1080	103	6.3586254
1080	71	6.256979
1080	36	6.220336
1080	25	5.632486
1080	59	5.5067616
1080	225	5.3861866
1080	42	5.338862
1081	36	5.381642
1081	74	5.3154545
1081	175	4.7330937
1081	53	4.5318003
1081	67	4.510709
1081	10	4.4170423
1081	58	4.399158
1081	344	4.3690743
1081	43	4.331457
1081	162	4.221707
1082	53	7.4292364
1082	36	7.047543
1082	148	6.9112687
1082	66	6.862788
1082	139	6.8615265
1082	59	6.8149314
1082	68	6.7167344
1082	25	6.2868443
1082	175	6.2763624
1082	157	6.2673793
1083	36	7.099852
1083	148	6.4212093
1083	25	6.3377357
1083	59	6.305839
1083	157	5.8961453
1083	175	5.789533
1083	381	5.7439494
1083	151	5.6221156
1083	164	5.5820575
1083	216	5.5647125
1084	36	6.6378865
1084	175	5.6263857
1084	59	5.5636296
1084	67	5.4659724
1084	53	5.37274
1084	345	5.2361684
1084	47	4.8990526
1084	286	4.892439
1084	164	4.8519826
1084	66	4.846586
1085	66	5.6312304
1085	148	5.3413787
1085	71	5.003261
1085	129	4.966685
1085	36	4.88688
1085	157	4.8742094
1085	139	4.7614717
1085	151	4.7287374
1085	25	4.686449
1085	72	4.6856556
1086	286	3.997214
1086	326	3.4787345
1086	36	3.3908718
1086	226	3.189604
1086	163	3.180936
1086	94	3.0283372
1086	283	3.016706
1086	47	2.958981
1086	175	2.9108908
1086	142	2.7910576
1087	36	3.0141344
1087	119	2.7559295
1087	23	2.6135356
1087	43	2.6042652
1087	269	2.5317888
1087	257	2.4316647
1087	146	2.3947
1087	1193	2.3627834
1087	123	2.2513149
1087	33	2.2292929
1088	12	4.1984043
1088	638	4.124571
1088	432	3.9507303
1088	257	3.815612
1088	8	3.6280265
1088	177	3.6157217
1088	993	3.5585868
1088	121	3.5566583
1088	924	3.283266
1088	18	3.208322
1089	58	5.7153153
1089	36	5.3454523
1089	326	4.7510214
1089	66	4.668501
1089	175	4.6042814
1089	59	4.600153
1089	148	4.5164304
1089	47	4.513379
1089	142	4.490174
1089	283	4.477233
1090	439	8.439145
1090	441	7.921772
1090	31	6.515549
1090	579	6.121927
1090	438	5.9643874
1090	34	5.279794
1090	792	3.8501842
1090	1618	3.7820034
1090	1356	3.2570262
1090	1569	3.0359051
1091	36	4.0237975
1091	47	3.9290528
1091	163	3.595324
1091	59	3.5477974
1091	58	3.5373678
1091	175	3.5262268
1091	344	3.517027
1091	10	3.5046136
1091	164	3.4908612
1091	139	3.484447
1092	58	4.4264617
1092	226	4.2464557
1092	36	3.9676604
1092	194	3.8020358
1092	141	3.7082245
1092	166	3.6297607
1092	10	3.565084
1092	59	3.5496159
1092	286	3.402829
1092	175	3.279372
1093	406	7.5233507
1093	292	7.08536
1093	400	6.5914145
1093	298	6.1051755
1093	1260	6.0833945
1093	343	5.93067
1093	117	3.9187846
1093	209	3.8076153
1093	910	3.7344613
1093	637	3.734082
1094	257	3.9799707
1094	344	3.9709609
1094	10	3.885579
1094	204	3.3119824
1094	414	3.0775893
1094	964	3.0340552
1094	1023	2.9997926
1094	378	2.9599607
1094	149	2.9526594
1094	53	2.9511647
1095	15	5.6828074
1095	53	5.5234904
1095	769	5.4345593
1095	66	5.3876414
1095	74	5.148473
1095	67	5.1164575
1095	175	5.0715294
1095	408	4.9710865
1095	148	4.959309
1095	68	4.9516597
1096	36	6.6505065
1096	53	6.3289156
1096	25	5.165031
1096	67	5.0124297
1096	273	4.9671793
1096	163	4.679272
1096	0	4.645584
1096	58	4.609978
1096	42	4.5215025
1096	225	4.5199175
1097	53	7.3399196
1097	151	6.6009417
1097	36	6.000971
1097	381	5.786215
1097	48	5.751287
1097	59	5.369539
1097	72	5.228827
1097	0	5.2266192
1097	273	5.186788
1097	70	5.1142917
1098	66	7.2754846
1098	148	7.095724
1098	68	6.813198
1098	139	6.546696
1098	157	6.4842334
1098	151	6.3539834
1098	71	6.0712185
1098	25	5.8893957
1098	175	5.7903447
1098	48	5.7364774
1099	58	6.4333906
1099	286	5.982197
1099	36	5.637778
1099	326	4.902205
1099	226	4.8212347
1099	59	4.804901
1099	175	4.8032722
1099	123	4.584022
1099	47	4.581478
1099	94	4.520328
1100	463	3.8382218
1100	408	3.7846334
1100	769	3.468419
1100	286	3.3833315
1100	36	3.2763782
1100	256	3.2714484
1100	88	3.2674997
1100	148	3.2643044
1100	132	3.2133803
1100	66	3.1744194
1101	36	6.515213
1101	53	6.2742763
1101	59	6.236892
1101	66	6.208991
1101	148	6.179086
1101	139	5.9217825
1101	157	5.7025466
1101	175	5.5837603
1101	47	5.4639006
1101	25	5.437796
1102	36	4.0465407
1102	66	3.630168
1102	226	3.549227
1102	344	3.416394
1102	424	3.2768056
1102	47	3.2361526
1102	625	3.2318182
1102	168	3.2161174
1102	53	3.2077205
1102	123	3.1614199
1103	769	5.9664207
1103	104	5.547388
1103	98	5.2343974
1103	1188	4.9569325
1103	209	4.825037
1103	783	4.816406
1103	118	4.7605805
1103	15	4.71664
1103	394	4.6960244
1103	612	4.583977
1104	53	3.519158
1104	175	3.3679135
1104	36	3.2581491
1104	59	3.198411
1104	163	2.851857
1104	68	2.6983156
1104	64	2.6724064
1104	48	2.6396482
1104	71	2.607879
1104	164	2.5510178
1105	157	6.007936
1105	151	5.996587
1105	68	5.931879
1105	53	5.7621303
1105	139	5.2712326
1105	48	5.209777
1105	36	5.1539884
1105	71	4.87151
1105	381	4.6545486
1105	225	4.5799727
1106	74	5.7446775
1106	75	5.2919397
1106	53	5.1570306
1106	36	5.0512657
1106	432	4.9742537
1106	908	4.9736943
1106	18	4.859974
1106	164	4.851649
1106	121	4.832279
1106	67	4.746469
1107	36	6.4638786
1107	59	5.52816
1107	53	5.3169794
1107	67	5.079371
1107	66	4.9614716
1107	123	4.9380093
1107	164	4.8177705
1107	175	4.792086
1107	47	4.7747416
1107	68	4.7700696
1108	769	6.155237
1108	408	5.4789634
1108	129	5.325628
1108	59	4.9317617
1108	453	4.798558
1108	269	4.7639995
1108	15	4.6827283
1108	452	4.637947
1108	118	4.5696735
1108	865	4.5542264
1109	36	4.752944
1109	58	4.2459097
1109	74	4.2237005
1109	123	4.220129
1109	345	4.0149894
1109	43	4.0070124
1109	226	3.9418008
1109	269	3.9109437
1109	149	3.900845
1109	10	3.8205872
1110	175	5.595203
1110	53	5.4216223
1110	66	5.4160714
1110	148	5.3531156
1110	36	5.0597525
1110	151	4.780566
1110	48	4.7502213
1110	58	4.729659
1110	157	4.625553
1110	47	4.603215
1111	769	7.9083295
1111	408	7.5248075
1111	453	7.0968995
1111	452	7.0528965
1111	394	6.8711715
1111	1188	6.7256403
1111	612	6.5449567
1111	209	6.371185
1111	398	6.2145267
1111	1135	5.980237
1112	314	5.3549333
1112	181	4.097787
1112	298	4.0242357
1112	1193	3.802222
1112	359	3.7302358
1112	2	3.7079837
1112	15	3.6163864
1112	482	3.5927746
1112	652	3.5836134
1112	317	3.3775556
1113	74	3.259098
1113	53	3.0799785
1113	194	3.000541
1113	105	2.998053
1113	18	2.693091
1113	216	2.4626508
1113	67	2.4352846
1113	259	2.4312475
1113	908	2.3797212
1113	164	2.3533661
1114	36	5.4983535
1114	74	5.4099793
1114	12	5.0762153
1114	15	4.9887104
1114	194	4.699577
1114	10	4.6989
1114	67	4.6878347
1114	149	4.6381726
1114	226	4.576126
1114	811	4.498899
1115	53	7.7552176
1115	66	7.6053996
1115	148	7.2738047
1115	139	6.8686275
1115	157	6.705037
1115	151	6.6406155
1115	25	6.3418097
1115	175	6.2642927
1115	48	6.23964
1115	47	6.219671
1116	769	6.5647287
1116	408	6.432377
1116	118	5.766424
1116	783	5.6032276
1116	15	5.5728903
1116	453	5.4922953
1116	129	5.4774437
1116	452	5.3782663
1116	98	5.242491
1116	865	5.21004
1117	36	3.695495
1117	139	3.4007223
1117	71	3.1731868
1117	68	3.073247
1117	25	3.0727794
1117	59	2.9909554
1117	47	2.8947895
1117	157	2.8552
1117	148	2.7553687
1117	164	2.7386785
1118	269	5.5882154
1118	36	5.5424232
1118	74	5.214722
1118	59	5.1998477
1118	53	5.0206676
1118	164	4.8236856
1118	67	4.579198
1118	47	4.432129
1118	25	4.425442
1118	175	4.182274
1119	261	2.9166138
1119	123	2.6110425
1119	409	2.444967
1119	9	2.3257444
1119	53	2.3190918
1119	335	2.1896784
1119	50	2.1289659
1119	182	2.112038
1119	379	2.1018236
1119	1383	2.079199
1120	167	2.1524994
1120	958	1.9977549
1120	332	1.9162261
1120	652	1.7035704
1120	1495	1.7010789
1120	426	1.683075
1120	993	1.570792
1120	1391	1.5451449
1120	1276	1.4781775
1120	1561	1.4404086
1121	36	5.62271
1121	175	5.4032803
1121	53	5.1498127
1121	58	5.0961337
1121	226	5.0156093
1121	163	4.8507
1121	66	4.789575
1121	123	4.77873
1121	148	4.7707596
1121	68	4.624623
1122	36	6.53495
1122	66	6.1370173
1122	53	5.912575
1122	148	5.717295
1122	175	5.4468083
1122	68	5.2765913
1122	151	5.1456184
1122	157	5.0175815
1122	47	4.9913135
1122	67	4.9842887
1123	66	5.753446
1123	53	5.7389812
1123	68	5.6867375
1123	36	5.526338
1123	157	5.196164
1123	151	5.19329
1123	139	5.166918
1123	175	4.989606
1123	273	4.9448
1123	103	4.8915496
1124	53	4.5099697
1124	68	4.249645
1124	71	4.1393285
1124	139	4.0147896
1124	36	3.9591422
1124	66	3.953785
1124	157	3.858761
1124	381	3.7359643
1124	47	3.6358552
1124	0	3.615524
1125	139	3.3005235
1125	66	3.1464822
1125	148	3.1421375
1125	67	3.131515
1125	59	3.1162376
1125	68	3.0638254
1125	47	3.0483189
1125	58	2.9451106
1125	53	2.9388132
1125	163	2.9242089
1126	36	6.933997
1126	175	5.969996
1126	59	5.848712
1126	53	5.644858
1126	47	5.6002297
1126	139	5.272114
1126	345	5.213798
1126	163	5.20348
1126	67	5.199956
1126	66	5.1802397
1127	1064	4.7720995
1127	555	4.4751315
1127	1082	3.9653056
1127	121	2.3882053
1127	189	2.2025964
1127	118	2.1844416
1127	404	2.118765
1127	442	2.1153278
1127	329	1.9129812
1127	444	1.8204634
1128	34	4.4897695
1128	441	4.4129243
1128	175	4.3742075
1128	163	4.1489687
1128	440	3.991555
1128	48	3.9880264
1128	286	3.9293816
1128	47	3.6536915
1128	373	3.6203103
1128	148	3.6095123
1129	53	8.000566
1129	66	7.5025454
1129	148	7.4173384
1129	68	7.2611766
1129	157	6.9341035
1129	36	6.874199
1129	151	6.707006
1129	71	6.6319046
1129	48	6.0984116
1129	59	5.9802237
1130	148	6.3252764
1130	36	5.9052925
1130	53	5.7395415
1130	151	5.7355266
1130	157	5.638397
1130	139	5.5345798
1130	48	4.8970866
1130	59	4.788095
1130	71	4.7446756
1130	67	4.688779
1131	53	4.1252193
1131	36	4.1006846
1131	66	3.88897
1131	139	3.6829414
1131	148	3.650275
1131	67	3.4981797
1131	157	3.4389925
1131	306	3.3730056
1131	68	3.3218741
1131	175	3.2806458
1132	66	4.794872
1132	148	4.691716
1132	68	4.399812
1132	71	4.3306084
1132	36	4.2766113
1132	151	4.176315
1132	225	4.1554766
1132	157	4.1357684
1132	103	4.0931463
1132	273	4.0663614
1133	66	7.7521286
1133	53	7.3692155
1133	36	7.292221
1133	139	6.841667
1133	59	6.2907248
1133	48	6.1238465
1133	103	6.120805
1133	71	6.0928326
1133	25	5.8736343
1133	67	5.731617
1134	59	5.807193
1134	74	5.467677
1134	256	4.979962
1134	67	4.9203486
1134	175	4.916092
1134	164	4.8820243
1134	43	4.784445
1134	108	4.729907
1134	66	4.567036
1134	47	4.556442
1135	148	3.9276097
1135	157	3.7181218
1135	48	3.7030823
1135	151	3.6536958
1135	139	3.5046601
1135	68	3.3433828
1135	36	3.2773972
1135	428	2.9835517
1135	373	2.9792025
1135	47	2.8466783
1136	81	4.492787
1136	1203	2.4428983
1136	198	2.3524883
1136	226	2.3235025
1136	482	2.2623208
1136	1495	2.2614048
1136	314	2.2246284
1136	727	2.2089083
1136	1590	2.153815
1136	1141	2.0587404
1137	36	4.492993
1137	148	3.5653152
1137	59	3.465727
1137	256	3.2932234
1137	68	3.2817974
1137	67	3.206526
1137	463	3.1453133
1137	151	3.1330657
1137	175	3.130313
1137	25	3.0430446
1138	66	4.0115275
1138	58	3.9498234
1138	148	3.753823
1138	123	3.7444618
1138	53	3.7073913
1138	175	3.5941377
1138	379	3.5578325
1138	157	3.4722822
1138	88	3.469323
1138	139	3.436116
1139	36	6.2588167
1139	59	5.653359
1139	66	5.583483
1139	67	5.5133004
1139	175	5.5117035
1139	148	5.4003644
1139	139	5.3029094
1139	68	5.195226
1139	25	5.0619926
1139	157	4.879328
1140	1178	3.41948
1140	1481	3.2143548
1140	1323	3.0985525
1140	1177	3.082995
1140	236	3.0084167
1140	976	2.9577775
1140	1330	2.738892
1140	1589	2.737403
1140	434	2.6155958
1140	233	2.506462
1141	151	7.626137
1141	36	7.373839
1141	71	7.3174243
1141	103	7.248913
1141	48	7.196729
1141	25	7.0463324
1141	381	6.9661217
1141	0	6.5229006
1141	67	6.461062
1141	225	6.362178
1142	314	4.2556925
1142	181	3.3649454
1142	53	3.2826474
1142	148	3.0943034
1142	66	2.9895868
1142	909	2.983268
1142	292	2.8007631
1142	482	2.7138958
1142	157	2.6255298
1142	139	2.5511763
1143	58	4.460278
1143	314	4.1658545
1143	378	4.1130123
1143	123	3.8105314
1143	306	3.752109
1143	286	3.730412
1143	345	3.6148906
1143	54	3.6095185
1143	465	3.5946064
1143	379	3.5846407
1144	58	3.2478216
1144	379	3.177977
1144	123	3.143356
1144	36	2.8474143
1144	166	2.780107
1144	249	2.769451
1144	163	2.7236414
1144	168	2.7152102
1144	371	2.6195054
1144	334	2.4961367
1145	36	4.122095
1145	58	4.1199465
1145	74	3.693489
1145	175	3.6882644
1145	166	3.5616286
1145	123	3.5008085
1145	59	3.444273
1145	168	3.4363465
1145	67	3.4070754
1145	149	3.4038966
1146	36	5.1339855
1146	53	4.7407
1146	59	4.4740424
1146	66	4.4369564
1146	67	4.065924
1146	164	4.0140142
1146	175	3.9571807
1146	25	3.9391818
1146	74	3.925273
1146	10	3.9076133
1147	53	8.185472
1147	139	6.783469
1147	68	6.7069383
1147	148	6.703838
1147	66	6.69875
1147	36	6.494442
1147	71	6.419249
1147	59	6.2820244
1147	157	6.280402
1147	25	6.260353
1148	769	4.568151
1148	775	4.296781
1148	256	4.18288
1148	98	4.1463385
1148	36	4.0393853
1148	104	3.831329
1148	74	3.680542
1148	108	3.632168
1148	129	3.5753736
1148	408	3.5482414
1149	1589	7.3253536
1149	1481	7.2991543
1149	1178	7.0483932
1149	1184	5.8942065
1149	1330	5.754594
1149	1494	5.728683
1149	1488	5.670789
1149	1303	5.5750446
1149	1478	5.3225846
1149	1292	5.3168497
1150	58	6.0774937
1150	36	5.972488
1150	123	5.115471
1150	226	4.905469
1150	286	4.8966165
1150	166	4.8313055
1150	47	4.826553
1150	163	4.6360345
1150	66	4.5976615
1150	10	4.548831
1151	36	7.5128016
1151	59	6.9247174
1151	66	6.782018
1151	68	6.686102
1151	148	6.6110435
1151	139	6.4397964
1151	71	6.1885433
1151	175	6.139496
1151	47	6.029371
1151	157	5.9295187
1152	36	5.352746
1152	148	5.317459
1152	66	5.261361
1152	68	5.2609057
1152	59	5.2355742
1152	129	5.049245
1152	273	5.042649
1152	256	4.913673
1152	157	4.741515
1152	53	4.729019
1153	36	4.2946787
1153	66	3.8483157
1153	148	3.7382555
1153	59	3.692302
1153	58	3.4720263
1153	88	3.3595557
1153	256	3.3383236
1153	68	3.255572
1153	157	3.2452075
1153	53	3.2324936
1154	74	5.529099
1154	15	4.8227262
1154	119	4.809938
1154	36	4.792859
1154	216	4.6834693
1154	75	4.556083
1154	2	4.5535226
1154	1193	4.534373
1154	842	4.4199767
1154	908	4.410215
1155	66	4.578547
1155	36	4.563306
1155	148	4.499244
1155	68	4.128801
1155	151	4.07471
1155	53	4.0714984
1155	59	3.9089444
1155	157	3.8868573
1155	42	3.781195
1155	175	3.7053053
1156	151	6.546933
1156	71	5.972842
1156	48	5.7682877
1156	36	5.689164
1156	25	5.272313
1156	225	5.1845407
1156	42	5.074541
1156	59	5.0169673
1156	0	5.0061264
1156	273	4.9542265
1157	58	5.2973065
1157	175	5.260401
1157	226	5.170175
1157	59	5.067485
1157	66	5.0310245
1157	53	4.866356
1157	47	4.8552513
1157	139	4.7887545
1157	148	4.771029
1157	67	4.6425023
1158	36	6.683949
1158	66	6.5463967
1158	148	6.1189857
1158	53	5.7975183
1158	68	5.621685
1158	175	5.427699
1158	151	5.3111615
1158	157	5.3100004
1158	139	5.2329535
1158	48	5.216969
1159	53	5.5930634
1159	36	5.225497
1159	175	5.026423
1159	139	4.739199
1159	47	4.7336054
1159	59	4.526762
1159	148	4.423919
1159	66	4.379935
1159	25	4.358249
1159	48	4.1629786
1160	36	6.1004133
1160	314	6.027313
1160	53	5.6588993
1160	194	5.47336
1160	181	5.0508623
1160	67	5.0089383
1160	139	4.9442883
1160	48	4.7905145
1160	68	4.7568717
1160	175	4.612335
1161	58	6.3597555
1161	175	5.9894786
1161	47	5.717123
1161	139	5.686839
1161	226	5.2635207
1161	163	5.2573085
1161	53	5.231758
1161	68	5.218647
1161	25	5.1675057
1161	67	5.115202
1162	36	4.2109466
1162	123	4.1177554
1162	286	4.058437
1162	345	3.9068568
1162	10	3.869064
1162	226	3.808894
1162	59	3.5843608
1162	175	3.5575855
1162	334	3.4948204
1162	74	3.3711572
1163	836	4.167632
1163	909	4.1360955
1163	177	3.7259476
1163	746	3.7048266
1163	714	3.580909
1163	433	3.3005295
1163	1392	3.1963477
1163	1547	3.1614776
1163	982	3.1231477
1163	1589	2.9018192
1164	59	6.104841
1164	53	5.5603747
1164	47	5.4620075
1164	164	5.2741632
1164	67	5.2241044
1164	139	5.150913
1164	25	5.0173035
1164	66	4.960167
1164	58	4.9155207
1164	256	4.903047
1165	36	6.1468835
1165	74	5.426726
1165	53	5.026366
1165	256	4.9182796
1165	129	4.6180573
1165	67	4.6151996
1165	164	4.5007873
1165	47	4.4797235
1165	66	4.474851
1165	216	4.3897176
1166	53	5.946856
1166	59	4.943948
1166	36	4.90954
1166	68	4.840874
1166	139	4.796982
1166	25	4.744099
1166	66	4.7209353
1166	67	4.7065477
1166	129	4.693137
1166	71	4.6744
1167	53	7.794984
1167	66	7.322371
1167	148	7.2897077
1167	68	7.036345
1167	157	6.771605
1167	36	6.619194
1167	151	6.5669847
1167	71	6.4126263
1167	48	6.103872
1167	25	5.8796363
1168	74	4.502564
1168	137	4.4351
1168	432	4.250208
1168	164	4.119546
1168	53	4.0406704
1168	10	4.009929
1168	121	3.9724932
1168	257	3.9346826
1168	908	3.908299
1168	12	3.8468995
1169	36	7.467425
1169	53	6.215036
1169	47	6.067015
1169	175	5.9212832
1169	59	5.817067
1169	139	5.759419
1169	164	5.719041
1169	67	5.622454
1169	58	5.5619516
1169	25	5.430287
1170	625	3.1674378
1170	344	2.990552
1170	139	2.8701956
1170	373	2.8096914
1170	53	2.8005114
1170	157	2.7701387
1170	9	2.7090201
1170	148	2.662503
1170	50	2.598431
1170	66	2.585213
1171	53	4.0463023
1171	66	3.003759
1171	59	2.9511971
1171	36	2.921196
1171	148	2.8865972
1171	151	2.8077793
1171	47	2.8059914
1171	48	2.780178
1171	175	2.6191964
1171	331	2.5812237
1172	58	4.9577026
1172	326	4.586682
1172	318	4.474999
1172	352	4.285813
1172	123	3.987133
1172	290	3.5184941
1172	345	3.2449503
1172	1113	3.2099032
1172	143	3.1993556
1172	374	3.1457
1173	148	5.8035073
1173	53	5.7168097
1173	68	5.3496842
1173	151	5.192732
1173	157	5.1641064
1173	139	5.001281
1173	71	4.9861813
1173	103	4.9452825
1173	59	4.9034753
1173	175	4.840824
1174	769	5.989336
1174	104	5.593311
1174	775	5.1922073
1174	118	5.1582932
1174	15	5.0560384
1174	98	4.892045
1174	612	4.7468834
1174	422	4.5718093
1174	394	4.536976
1174	865	4.4494805
1175	36	3.9009237
1175	226	3.49661
1175	148	3.382767
1175	151	3.1151962
1175	322	3.1058786
1175	157	2.9962804
1175	48	2.9306405
1175	68	2.8202446
1175	59	2.7705972
1175	73	2.7006512
1176	36	7.176859
1176	66	6.4084744
1176	53	6.312719
1176	148	6.0662346
1176	68	5.908837
1176	67	5.752859
1176	25	5.7221375
1176	129	5.704462
1176	47	5.6924453
1176	151	5.580665
1177	36	5.7121882
1177	123	5.353575
1177	344	5.0047803
1177	306	4.988164
1177	286	4.9308553
1177	334	4.914467
1177	94	4.857677
1177	379	4.8365526
1177	345	4.729877
1177	226	4.7122693
1178	36	5.4321494
1178	164	4.9128423
1178	67	4.90449
1178	74	4.77007
1178	259	4.707624
1178	149	4.631377
1178	123	4.4779887
1178	842	4.4081235
1178	25	4.3995676
1178	59	4.344864
1179	738	3.2676327
1179	834	3.258136
1179	1067	3.1689966
1179	835	3.0832834
1179	714	3.0812335
1179	433	3.036143
1179	785	3.0309668
1179	1392	3.0301633
1179	1547	2.9281986
1179	429	2.8650317
1180	36	6.2059245
1180	175	5.5046477
1180	66	5.501594
1180	139	5.3681135
1180	148	5.2855
1180	68	5.146346
1180	47	4.99715
1180	48	4.7770877
1180	25	4.728829
1180	59	4.715253
1181	783	4.2822957
1181	123	4.0995603
1181	58	4.0483003
1181	408	3.9813292
1181	384	3.9720845
1181	775	3.7326171
1181	132	3.6947942
1181	256	3.6413655
1181	104	3.6390116
1181	377	3.5937612
1182	53	8.153598
1182	157	7.0921354
1182	151	7.0674686
1182	47	6.6395607
1182	103	6.5626
1182	25	6.5242667
1182	0	6.2775073
1182	70	5.6428046
1182	256	5.21785
1182	29	5.1385655
1183	53	8.22262
1183	66	7.372315
1183	148	7.2191753
1183	59	6.912475
1183	139	6.871857
1183	71	6.6636696
1183	157	6.63612
1183	151	6.3947983
1183	25	6.319726
1183	381	6.165427
1184	53	7.883325
1184	139	7.7969832
1184	59	7.4543347
1184	25	6.661589
1184	48	6.6164536
1184	71	6.573543
1184	103	6.2929745
1184	67	6.2487283
1184	0	6.0219407
1184	381	5.958055
1185	36	3.7569408
1185	259	3.4636827
1185	74	3.1813061
1185	477	3.1353478
1185	379	3.0394197
1185	92	2.9793596
1185	123	2.9741971
1185	163	2.9528255
1185	47	2.9284694
1185	164	2.9282856
1186	121	4.341553
1186	74	4.0235076
1186	75	4.009028
1186	257	3.9843295
1186	53	3.859183
1186	18	3.8256614
1186	1064	3.6812286
1186	164	3.6285968
1186	1082	3.581207
1186	149	3.54916
1187	53	10.050584
1187	25	7.958269
1187	151	7.895685
1187	67	7.545432
1187	103	7.4098186
1187	0	7.0640445
1187	64	6.8507338
1187	70	6.6773124
1187	383	6.631802
1187	256	6.548999
1188	74	5.1058016
1188	257	4.699395
1188	2	4.6725993
1188	15	4.2871475
1188	1193	4.1879997
1188	908	4.106388
1188	118	3.755846
1188	12	3.7532587
1188	778	3.728563
1188	75	3.71373
1189	123	6.240313
1189	36	6.124436
1189	58	5.7474117
1189	175	5.23978
1189	67	5.0013995
1189	166	4.9292965
1189	139	4.7409368
1189	10	4.6921787
1189	226	4.686652
1189	163	4.5174727
1190	53	6.949834
1190	148	6.0693865
1190	66	5.9566693
1190	68	5.718859
1190	157	5.6453633
1190	151	5.3342247
1190	47	5.1006308
1190	59	5.06973
1190	42	4.89551
1190	72	4.6756973
1191	36	6.409964
1191	59	5.4983673
1191	68	5.2402377
1191	139	4.9106674
1191	47	4.819723
1191	53	4.777786
1191	368	4.711142
1191	286	4.651319
1191	71	4.56182
1191	256	4.5290713
1192	36	7.7117167
1192	53	7.3293777
1192	59	6.5203056
1192	175	6.4468164
1192	67	6.4089937
1192	66	6.38327
1192	47	6.372251
1192	148	6.2270193
1192	25	6.124756
1192	68	6.0523243
1193	256	3.7330203
1193	36	3.065431
1193	66	2.9795015
1193	287	2.743635
1193	56	2.7119017
1193	68	2.6950243
1193	175	2.6705046
1193	274	2.6648123
1193	372	2.6361532
1193	148	2.631854
1194	104	5.0277843
1194	769	4.6165915
1194	408	4.5684595
1194	775	4.5055046
1194	865	4.2935743
1194	1188	4.2227836
1194	394	4.207882
1194	612	4.1947517
1194	452	4.1702166
1194	398	4.0406766
1195	74	4.9353995
1195	164	4.697931
1195	67	4.6853642
1195	59	4.639675
1195	269	4.544899
1195	25	4.2413154
1195	53	4.2361493
1195	43	4.1518803
1195	175	4.1298676
1195	129	4.115446
1196	36	7.2093425
1196	66	6.167572
1196	53	6.0101357
1196	148	5.7481604
1196	139	5.7112384
1196	175	5.561715
1196	25	5.466971
1196	68	5.42427
1196	47	5.301271
1196	157	5.2834454
1197	47	3.7646148
1197	164	3.6109
1197	175	3.5909822
1197	58	3.443954
1197	59	3.4065452
1197	139	3.3491335
1197	123	3.328922
1197	25	3.2490015
1197	10	3.213096
1197	53	3.2088683
1198	148	6.8825407
1198	157	6.3230796
1198	53	6.311549
1198	151	6.290671
1198	139	5.801089
1198	36	5.775861
1198	48	5.4531946
1198	71	5.3475604
1198	381	5.045588
1198	25	5.0054226
1199	53	3.6572118
1199	48	3.4574237
1199	373	3.3544042
1199	58	3.2274659
1199	47	3.182383
1199	151	3.1638455
1199	163	3.0292046
1199	36	3.0232537
1199	625	2.9935136
1199	246	2.988939
1200	53	7.617989
1200	36	7.2074327
1200	59	6.827012
1200	66	6.768177
1200	68	6.645693
1200	148	6.6147757
1200	139	6.5864897
1200	47	6.450592
1200	175	6.044114
1200	25	6.0294495
1201	775	4.630619
1201	783	4.5844374
1201	422	4.4467216
1201	104	4.365276
1201	612	4.354999
1201	134	4.3201866
1201	398	4.2196937
1201	394	3.9839487
1201	98	3.8422444
1201	865	3.620159
1202	36	4.2054186
1202	175	3.972528
1202	345	3.9406018
1202	58	3.837129
1202	226	3.5895576
1202	67	3.5532973
1202	53	3.5504627
1202	139	3.3160422
1202	269	3.1498954
1202	286	3.1429482
1203	53	7.9776225
1203	36	7.2759156
1203	68	6.5850086
1203	66	6.416376
1203	148	6.353734
1203	157	5.9329224
1203	103	5.6984076
1203	164	5.62402
1203	221	5.605962
1203	151	5.5843463
1204	58	4.5503964
1204	326	4.4591994
1204	368	4.4232383
1204	219	4.319358
1204	142	4.295579
1204	290	4.288779
1204	365	4.0867686
1204	318	3.7689486
1204	822	3.583384
1204	36	3.5828798
1205	66	6.5053554
1205	36	6.3864026
1205	59	6.1065865
1205	68	6.019284
1205	151	5.78183
1205	139	5.51247
1205	25	5.2715173
1205	129	5.214017
1205	256	5.21368
1205	72	4.912424
1206	74	4.0593576
1206	36	4.032947
1206	23	3.851239
1206	258	3.7749078
1206	119	3.5137548
1206	194	3.4564438
1206	564	3.4019344
1206	67	3.386407
1206	53	3.2159557
1206	269	3.1611226
1207	59	3.8890238
1207	36	3.81183
1207	256	3.4292264
1207	129	3.3648193
1207	53	3.2629807
1207	68	3.2226198
1207	67	3.175512
1207	25	3.0665123
1207	139	3.0520356
1207	221	3.030878
1208	452	4.909692
1208	209	4.594081
1208	394	4.552439
1208	1188	4.428542
1208	769	4.422849
1208	408	4.410705
1208	398	4.247075
1208	1135	4.1902823
1208	104	4.174927
1208	172	3.9484625
1209	53	7.4007745
1209	68	6.707857
1209	139	6.662933
1209	36	6.506781
1209	48	5.8936787
1209	103	5.8670273
1209	59	5.672253
1209	25	5.590289
1209	381	5.536222
1209	175	5.4222894
1210	66	7.273157
1210	68	7.1172495
1210	157	6.836757
1210	381	6.191699
1210	25	6.1424303
1210	48	6.099307
1210	72	5.774183
1210	47	5.7463875
1210	175	5.705085
1210	42	5.591203
1211	59	4.0691547
1211	67	3.8507771
1211	25	3.8466399
1211	68	3.8003995
1211	139	3.7975895
1211	148	3.711235
1211	47	3.7005882
1211	66	3.6807024
1211	842	3.6555092
1211	74	3.614202
1212	36	5.9667373
1212	59	5.0132065
1212	66	4.718912
1212	53	4.660181
1212	25	4.648106
1212	47	4.6312027
1212	139	4.547774
1212	58	4.488971
1212	175	4.4614453
1212	68	4.3759394
1213	909	5.998789
1213	181	5.8019147
1213	400	5.016546
1213	359	4.8765826
1213	482	4.841168
1213	314	4.8354626
1213	343	4.5602827
1213	292	4.485672
1213	317	4.2053647
1213	1260	4.1981688
1214	53	5.521218
1214	139	5.0751905
1214	47	4.706518
1214	148	4.6616693
1214	68	4.636257
1214	36	4.15733
1214	25	4.038138
1214	59	3.926803
1214	163	3.925786
1214	48	3.9126704
1215	53	6.408273
1215	148	5.8523912
1215	66	5.5543156
1215	157	5.24472
1215	151	5.143883
1215	103	4.6339006
1215	47	4.558217
1215	25	4.552649
1215	59	4.4933586
1215	381	4.330591
1216	12	3.5952556
1216	785	3.5670736
1216	53	3.2489548
1216	36	2.9668195
1216	148	2.8550065
1216	123	2.7943013
1216	409	2.7288072
1216	638	2.6662512
1216	66	2.6485648
1216	139	2.5605412
1217	36	6.723232
1217	53	5.6163983
1217	139	5.2311296
1217	175	5.2245474
1217	47	5.2196703
1217	74	4.8712196
1217	157	4.8477316
1217	151	4.8117113
1217	129	4.6074443
1217	64	4.6020117
1218	36	8.22066
1218	66	6.829724
1218	139	6.698156
1218	175	6.571575
1218	164	5.96862
1218	151	5.8587174
1218	48	5.6266747
1218	256	5.6027822
1218	64	5.5924096
1218	273	5.5352674
1219	119	2.943525
1219	2	2.7469766
1219	778	2.5278382
1219	911	2.4725428
1219	1343	2.4621553
1219	1340	2.4473367
1219	908	2.3893106
1219	257	2.2645798
1219	652	2.2352192
1219	640	2.205144
1220	36	5.3702273
1220	58	4.2683635
1220	175	4.2308145
1220	67	4.184516
1220	123	4.0533013
1220	66	3.8666997
1220	47	3.8586257
1220	139	3.8054788
1220	163	3.801137
1220	164	3.697837
1221	367	2.2907176
1221	763	2.2598069
1221	371	2.1137507
1221	740	2.05031
1221	352	1.8250439
1221	690	1.802133
1221	473	1.7786448
1221	123	1.707645
1221	370	1.6892893
1221	803	1.6779209
1222	53	5.223826
1222	175	4.201728
1222	164	4.160687
1222	47	4.11806
1222	139	4.0161114
1222	36	4.0012693
1222	67	3.7733676
1222	59	3.677489
1222	68	3.6488335
1222	216	3.6221516
1223	129	3.907552
1223	408	3.7904015
1223	453	3.6928968
1223	53	3.5073838
1223	452	3.3994503
1223	225	3.310663
1223	104	3.2827432
1223	1188	3.2165182
1223	109	3.2010314
1223	103	3.1377285
1224	36	5.0545006
1224	58	4.689011
1224	74	4.203806
1224	175	4.134919
1224	47	4.1322403
1224	67	4.121034
1224	66	4.0721774
1224	53	4.026729
1224	148	3.9661074
1224	123	3.9443955
1225	66	7.439496
1225	68	6.5891
1225	53	6.4926105
1225	139	6.04914
1225	103	5.98155
1225	36	5.861608
1225	48	5.7941437
1225	71	5.4569335
1225	381	5.160689
1225	59	5.0668983
1226	53	7.064856
1226	66	6.6490364
1226	59	6.6386504
1226	36	6.49104
1226	148	6.4264374
1226	68	6.358006
1226	139	6.090494
1226	157	5.9469733
1226	71	5.709777
1226	25	5.6759686
1227	68	7.0796194
1227	103	6.5187974
1227	48	6.0441637
1227	36	5.939875
1227	225	5.410837
1227	42	5.2076855
1227	70	5.1972613
1227	0	5.196157
1227	72	5.1746354
1227	59	5.103208
1228	36	5.758414
1228	66	5.0261345
1228	256	4.9122972
1228	68	4.5171385
1228	67	4.4372797
1228	148	4.4173822
1228	269	4.3786035
1228	74	4.2840347
1228	769	4.267682
1228	25	4.233036
1229	53	3.0524056
1229	175	3.040953
1229	36	2.9707778
1229	123	2.876543
1229	66	2.825277
1229	139	2.8110232
1229	1391	2.7724938
1229	345	2.7007236
1229	17	2.6895158
1229	166	2.6300507
1230	74	5.3679833
1230	36	4.780953
1230	194	4.6341987
1230	256	4.2713337
1230	769	4.205307
1230	15	4.199246
1230	209	4.146755
1230	59	4.1287026
1230	378	4.0100036
1230	198	3.982062
1231	257	4.8018107
1231	74	4.5526266
1231	36	4.457207
1231	15	4.3028626
1231	164	4.1145535
1231	2	4.0346375
1231	67	3.9791605
1231	10	3.8811796
1231	12	3.744064
1231	314	3.7296665
1232	66	7.13441
1232	53	6.41357
1232	68	6.3677754
1232	151	6.167921
1232	139	6.0210934
1232	103	5.581625
1232	48	5.5095916
1232	71	5.419948
1232	59	5.214839
1232	25	5.1665883
1233	53	7.486774
1233	66	7.4443135
1233	103	6.473685
1233	36	6.2699175
1233	48	6.032185
1233	59	5.5140333
1233	225	5.415575
1233	0	5.413865
1233	72	5.3881025
1233	42	5.3607907
1234	36	5.1770473
1234	58	4.004426
1234	139	3.9516418
1234	175	3.5522206
1234	148	3.53407
1234	66	3.523624
1234	163	3.5217752
1234	74	3.501999
1234	68	3.444839
1234	48	3.4188755
1235	53	3.5109303
1235	157	3.4228697
1235	148	3.295934
1235	625	3.270171
1235	151	3.1939843
1235	103	3.1498482
1235	71	3.1109884
1235	68	3.0880477
1235	139	3.0843039
1235	48	3.0323567
1236	904	2.358336
1236	194	2.2758577
1236	923	2.2486303
1236	360	2.2092059
1236	24	2.0958638
1236	948	2.068055
1236	149	1.7426158
1236	960	1.7191348
1236	1286	1.7146968
1236	1487	1.709366
1237	36	8.725365
1237	53	7.613003
1237	59	7.3831544
1237	66	7.0503135
1237	175	6.980914
1237	148	6.6551576
1237	164	6.6161494
1237	139	6.585726
1237	47	6.5182934
1237	25	6.4976344
1238	256	3.6707656
1238	36	3.4006772
1238	59	3.2353935
1238	66	3.162884
1238	62	3.0200737
1238	108	2.9893823
1238	129	2.889244
1238	67	2.8656106
1238	53	2.7542846
1238	273	2.7435637
1239	53	5.250747
1239	10	4.67537
1239	216	4.5943036
1239	36	4.4862895
1239	67	4.3555775
1239	59	4.200922
1239	66	4.1990037
1239	842	4.166901
1239	194	4.119356
1239	148	4.104577
1240	36	3.2776537
1240	59	2.817738
1240	74	2.5097764
1240	108	2.4970605
1240	256	2.4257524
1240	129	2.4056637
1240	64	2.3532138
1240	95	2.3263538
1240	164	2.3102148
1240	58	2.2767744
1241	53	7.9030104
1241	68	7.128705
1241	157	6.8727913
1241	139	6.8701477
1241	103	6.468536
1241	36	6.248351
1241	42	5.573359
1241	175	5.383879
1241	44	5.3774314
1241	719	5.350385
1242	53	7.7784686
1242	74	6.941385
1242	67	6.866213
1242	66	6.738509
1242	148	6.4960036
1242	47	6.3754077
1242	68	6.3600373
1242	139	6.332714
1242	216	6.201691
1242	108	5.9976497
1243	36	7.7354717
1243	59	6.653834
1243	66	6.221929
1243	53	6.165898
1243	139	6.01842
1243	148	5.9240265
1243	47	5.8094444
1243	71	5.797483
1243	67	5.787499
1243	175	5.7715764
1244	53	4.4988008
1244	66	4.093694
1244	74	4.0663924
1244	67	3.8035116
1244	148	3.7735434
1244	175	3.738959
1244	194	3.6995895
1244	842	3.5702767
1244	47	3.5576012
1244	139	3.5555818
1245	74	4.006914
1245	216	3.4122837
1245	2	3.1993089
1245	257	3.112628
1245	164	2.9730973
1245	414	2.9715197
1245	36	2.8956542
1245	344	2.8070192
1245	119	2.8068008
1245	108	2.7864485
1246	181	4.0810237
1246	15	3.7125347
1246	314	3.7109318
1246	121	3.648711
1246	408	3.5278916
1246	908	3.511792
1246	909	3.501351
1246	257	3.4832933
1246	74	3.410461
1246	118	3.3999956
1247	36	6.31043
1247	175	5.192949
1247	59	4.954202
1247	58	4.8801365
1247	47	4.8786006
1247	163	4.5298023
1247	53	4.5137
1247	139	4.5051947
1247	226	4.2937417
1247	345	4.2709317
1248	148	8.690695
1248	68	8.506462
1248	139	8.332108
1248	48	7.3783226
1248	59	7.306065
1248	36	7.2840867
1248	47	6.7338223
1248	109	5.9946976
1248	784	5.9883575
1248	29	5.8109903
1249	58	6.735404
1249	123	5.9365206
1249	36	5.864738
1249	334	5.0933347
1249	345	5.0712404
1249	379	5.032628
1249	10	4.970796
1249	384	4.9681835
1249	163	4.7626886
1249	286	4.7622786
1250	36	5.989471
1250	53	5.3670444
1250	67	5.1768126
1250	74	5.0781593
1250	59	4.9646206
1250	175	4.8314543
1250	164	4.7626395
1250	257	4.7622995
1250	216	4.5584455
1250	129	4.4428706
1251	769	5.0209727
1251	408	4.586282
1251	104	4.2889996
1251	452	4.2327833
1251	453	4.1876464
1251	118	4.174426
1251	209	4.002841
1251	394	3.9730434
1251	398	3.8390932
1251	783	3.8126824
1252	36	6.3925033
1252	10	5.1728926
1252	67	5.1311383
1252	58	5.102032
1252	164	5.000263
1252	378	4.922285
1252	175	4.7303014
1252	379	4.688399
1252	970	4.683265
1252	108	4.633604
1253	298	3.7087028
1253	343	3.3548813
1253	314	3.191718
1253	83	3.1582196
1253	433	3.1553617
1253	139	2.997139
1253	909	2.9923851
1253	482	2.9807236
1253	148	2.8795729
1253	48	2.8644614
1254	58	5.9388514
1254	36	5.718693
1254	226	5.2947884
1254	166	4.984072
1254	149	4.912834
1254	286	4.8694086
1254	74	4.864139
1254	345	4.8499336
1254	379	4.696803
1254	175	4.516808
1255	53	7.533963
1255	66	7.1960874
1255	148	7.138068
1255	139	6.6837797
1255	157	6.519153
1255	59	6.1749053
1255	25	5.9658084
1255	103	5.959259
1255	48	5.8844614
1255	67	5.756396
1256	58	5.923283
1256	36	5.0033164
1256	59	4.959842
1256	123	4.705714
1256	286	4.599904
1256	175	4.5265036
1256	66	4.4932213
1256	326	4.448768
1256	148	4.424089
1256	53	4.1707597
1257	36	6.5176444
1257	53	6.0959105
1257	175	5.9542484
1257	47	5.9024014
1257	59	5.8921022
1257	164	5.323414
1257	139	5.3075113
1257	67	5.2496405
1257	256	4.9252553
1257	25	4.9177136
1258	36	4.428142
1258	345	4.3645816
1258	286	4.275972
1258	163	4.2075133
1258	166	3.9841783
1258	377	3.8059924
1258	226	3.7781043
1258	326	3.6159565
1258	384	3.5994024
1258	175	3.5977051
1259	909	7.9398036
1259	314	7.764499
1259	482	7.3920164
1259	194	6.82744
1259	359	6.609934
1259	317	6.052221
1259	298	5.2309794
1259	408	5.06959
1259	343	4.962261
1259	959	3.501345
1260	2	3.38027
1260	344	3.1222072
1260	257	3.0596783
1260	306	3.0017433
1260	119	2.995934
1260	314	2.6646395
1260	347	2.6640003
1260	149	2.596578
1260	137	2.5804014
1260	652	2.5488818
1261	1392	7.0369787
1261	1570	5.4767785
1261	302	5.4113107
1261	1339	5.287176
1261	1143	5.113083
1261	1626	5.063226
1261	229	4.4121394
1261	668	4.3451476
1261	231	4.2184367
1261	1291	4.1117954
1262	36	7.066904
1262	59	6.3808703
1262	175	5.9529963
1262	74	5.762528
1262	67	5.735455
1262	47	5.5999475
1262	164	5.5451565
1262	25	5.5223384
1262	139	5.4665995
1262	66	5.42695
1263	36	7.305778
1263	66	5.8343644
1263	67	5.813488
1263	53	5.6929455
1263	175	5.5460696
1263	148	5.5362186
1263	47	5.4657326
1263	68	5.4022584
1263	273	5.3873553
1263	139	5.2527566
1264	58	2.2655354
1264	252	2.207391
1264	36	2.1134832
1264	59	2.0837111
1264	326	2.0039017
1264	132	1.9738178
1264	149	1.9525676
1264	292	1.9400482
1264	318	1.8730136
1264	74	1.8042411
1265	58	6.9391093
1265	123	5.511198
1265	286	5.121117
1265	384	4.8799334
1265	290	4.7229366
1265	163	4.6608095
1265	334	4.652234
1265	345	4.6098037
1265	379	4.5233164
1265	318	4.497677
1266	555	5.006149
1266	1193	3.9495559
1266	257	3.9341779
1266	75	3.8092701
1266	121	3.7885044
1266	18	3.53918
1266	419	3.4945474
1266	908	3.2423537
1266	118	3.0434182
1266	432	2.9898582
1267	257	3.9331646
1267	22	3.8841548
1267	74	3.8163955
1267	14	3.748105
1267	119	3.6467097
1267	811	3.6280742
1267	75	3.6155002
1267	908	3.5561028
1267	20	3.37685
1267	1193	3.3665628
1268	36	5.8539715
1268	59	5.2214007
1268	139	4.913663
1268	175	4.785179
1268	66	4.765848
1268	67	4.7081065
1268	148	4.5906963
1268	68	4.548226
1268	163	4.381893
1268	47	4.3685994
1269	1067	8.483264
1269	1392	6.970809
1269	982	6.3263288
1269	1570	6.1906834
1269	1143	5.58712
1269	302	4.825797
1269	1339	4.763148
1269	1291	4.672466
1269	836	4.4288797
1269	668	4.0468683
1270	74	4.064655
1270	164	3.875959
1270	36	3.84303
1270	12	3.798122
1270	908	3.6213756
1270	111	3.5332274
1270	811	3.3942814
1270	67	3.3098743
1270	123	3.3022614
1270	25	3.2956543
1271	148	5.322309
1271	36	5.2655344
1271	66	5.2349997
1271	47	4.8554235
1271	157	4.8349314
1271	68	4.799142
1271	25	4.530866
1271	151	4.527049
1271	67	4.5250797
1271	59	4.469872
1272	36	6.27636
1272	53	5.849043
1272	74	5.5207334
1272	59	5.4136558
1272	67	5.3344774
1272	129	5.124821
1272	148	4.9945793
1272	71	4.9554205
1272	66	4.912962
1272	68	4.9038477
1273	36	6.0811834
1273	59	5.3594003
1273	66	4.976794
1273	53	4.860394
1273	74	4.785356
1273	256	4.721234
1273	68	4.702102
1273	67	4.6625857
1273	148	4.556158
1273	25	4.3324194
1274	148	8.522676
1274	139	8.195909
1274	157	7.959994
1274	59	7.3867483
1274	72	6.8506327
1274	47	6.618625
1274	273	6.5778403
1274	225	6.3777966
1274	144	6.1865296
1274	105	6.0769935
1275	209	3.9045467
1275	394	3.3822591
1275	453	3.2453856
1275	129	3.167046
1275	769	3.1505423
1275	452	3.1487262
1275	104	3.1042593
1275	1533	3.032924
1275	398	2.9361317
1275	105	2.8863575
1276	74	3.8191705
1276	198	3.728519
1276	115	3.7031357
1276	2	3.6891193
1276	306	3.4190824
1276	108	3.3367682
1276	149	3.1268866
1276	67	3.111469
1276	36	3.1002007
1276	119	3.0603619
1277	58	6.3025727
1277	123	4.821193
1277	326	4.8093023
1277	298	4.474322
1277	314	4.4073143
1277	290	4.3205123
1277	345	4.2885857
1277	94	4.0399456
1277	283	3.9664881
1277	774	3.8403077
1278	148	4.2329144
1278	68	3.9915845
1278	157	3.817126
1278	625	3.807098
1278	139	3.795797
1278	48	3.6646607
1278	373	3.640482
1278	151	3.575891
1278	66	3.538697
1278	103	3.535756
1279	36	6.558346
1279	53	5.0291357
1279	67	4.983442
1279	59	4.874873
1279	148	4.683126
1279	58	4.671439
1279	226	4.6686525
1279	164	4.663355
1279	47	4.655751
1279	345	4.6473947
1280	346	5.0777082
1280	596	4.035732
1280	994	3.893956
1280	59	3.8247907
1280	36	3.8180041
1280	286	3.7819328
1280	256	3.6060004
1280	62	3.4928715
1280	1201	3.4392037
1280	874	3.418991
1281	53	7.5270486
1281	36	7.000797
1281	148	6.4484906
1281	59	6.337089
1281	68	6.196577
1281	139	6.1681166
1281	175	6.021658
1281	71	5.8591886
1281	157	5.7832394
1281	25	5.759011
1282	58	4.9888406
1282	318	4.8972554
1282	326	4.6881437
1282	142	4.3410797
1282	226	4.241203
1282	334	3.9520159
1282	290	3.847316
1282	94	3.5266004
1282	143	3.489843
1282	323	3.4732347
1283	58	4.3622375
1283	226	4.1078386
1283	326	3.7855246
1283	123	3.5462337
1283	132	3.4767404
1283	142	3.2563322
1283	290	3.2029097
1283	318	3.1511376
1283	334	3.057266
1283	166	3.0100255
1284	36	7.105051
1284	66	6.943186
1284	148	6.9134216
1284	68	6.6883497
1284	139	6.628561
1284	59	6.3384976
1284	157	6.244886
1284	175	6.1459613
1284	25	6.1058
1284	151	6.0554876
1285	36	4.5694532
1285	59	4.100962
1285	67	3.990309
1285	53	3.865312
1285	74	3.8147893
1285	47	3.6641245
1285	139	3.571201
1285	256	3.4235604
1285	164	3.4213648
1285	108	3.3039722
1286	36	5.5391626
1286	74	4.691853
1286	66	4.661418
1286	67	4.5989957
1286	53	4.402566
1286	148	4.347739
1286	129	4.2223196
1286	68	4.165028
1286	59	4.145551
1286	164	3.9676156
1287	36	4.196826
1287	53	3.8897638
1287	47	3.3491254
1287	67	3.2197604
1287	59	3.1740592
1287	74	2.964902
1287	10	2.8422296
1287	123	2.7683933
1287	163	2.7549598
1287	381	2.7475917
1288	314	4.5104246
1288	117	3.7969258
1288	257	3.7847223
1288	13	3.269634
1288	181	3.2628367
1288	194	3.2123861
1288	909	3.191433
1288	317	2.9503648
1288	23	2.9081502
1288	119	2.8597715
1289	139	3.7576911
1289	123	3.5691926
1289	25	3.2933252
1289	314	3.2811155
1289	148	3.2342477
1289	68	3.1991546
1289	47	3.1941464
1289	157	3.147693
1289	59	3.0941763
1289	163	2.9718118
1290	53	7.122247
1290	148	7.038298
1290	36	6.795783
1290	68	6.456707
1290	139	6.339632
1290	157	6.3068376
1290	59	6.2424803
1290	48	5.893842
1290	103	5.646399
1290	25	5.4703064
1291	36	6.8734384
1291	58	6.568863
1291	175	5.8153925
1291	123	5.7086062
1291	59	5.569176
1291	10	5.5501
1291	286	5.465594
1291	47	5.359757
1291	53	5.359634
1291	345	5.3556733
1292	139	6.517875
1292	66	6.4713335
1292	148	6.449039
1292	25	6.0879407
1292	59	6.034579
1292	71	5.9662814
1292	175	5.916809
1292	157	5.876446
1292	47	5.8041735
1292	103	5.5702024
1293	59	3.7741811
1293	290	3.6591516
1293	43	3.4950294
1293	58	3.480174
1293	139	3.4502225
1293	286	3.4361818
1293	47	3.3599062
1293	345	3.3485138
1293	54	3.2152941
1293	175	3.2006207
1294	157	6.318072
1294	151	6.2553077
1294	175	6.236435
1294	273	5.7050605
1294	71	5.427591
1294	64	5.3329496
1294	381	5.096346
1294	0	5.000551
1294	547	4.958203
1294	383	4.926498
1295	53	7.864758
1295	148	7.301493
1295	71	6.4135027
1295	36	6.230246
1295	48	6.1133766
1295	59	5.839365
1295	42	5.5161705
1295	225	5.511563
1295	70	5.442868
1295	273	5.3948007
1296	36	6.5209794
1296	58	6.0019407
1296	175	5.652214
1296	47	5.4302144
1296	286	5.2671094
1296	123	5.25238
1296	163	5.2073283
1296	59	5.099098
1296	226	5.038302
1296	53	4.9792275
1297	58	4.8181515
1297	286	3.6860802
1297	166	3.5370615
1297	345	3.4928784
1297	141	3.4192612
1297	1001	3.3009627
1297	226	3.2891884
1297	384	3.1979723
1297	326	3.1600704
1297	371	3.1467516
1298	12	5.207666
1298	75	3.90918
1298	74	3.7995648
1298	1193	3.6578703
1298	119	3.6578696
1298	257	3.6084335
1298	216	3.5740378
1298	22	3.5439372
1298	15	3.4914544
1298	811	3.4509428
1299	346	4.4688964
1299	822	4.4657655
1299	36	3.9586966
1299	269	3.8263164
1299	59	3.5425894
1299	994	3.5333385
1299	596	3.516143
1299	681	3.2963905
1299	26	3.2124527
1299	256	3.2080204
1300	67	5.066241
1300	59	4.9340444
1300	175	4.7846274
1300	66	4.733323
1300	139	4.607198
1300	148	4.495454
1300	71	4.4473968
1300	47	4.4426093
1300	25	4.432256
1300	68	4.429957
1301	53	4.358213
1301	68	3.7903879
1301	47	3.6677155
1301	36	3.6229758
1301	71	3.4918797
1301	175	3.2882364
1301	25	3.2065244
1301	157	3.1840634
1301	0	3.1820173
1301	163	3.0262418
1302	36	5.096808
1302	123	4.394244
1302	53	4.2972116
1302	164	4.1660953
1302	25	4.1174045
1302	59	4.02549
1302	10	4.0102596
1302	67	4.0069137
1302	66	3.9367292
1302	74	3.8074741
1303	88	2.7332487
1303	474	2.6290388
1303	437	2.053505
1303	298	2.0158343
1303	277	1.985506
1303	311	1.9224598
1303	58	1.8667896
1303	66	1.7994021
1303	498	1.7396305
1303	345	1.7097173
1304	453	7.18323
1304	398	7.1701126
1304	394	6.899232
1304	134	6.742617
1304	612	6.733572
1304	769	6.6303377
1304	865	6.4725394
1304	209	6.0803986
1304	408	6.0692396
1304	98	5.9843693
1305	59	6.356192
1305	53	6.054169
1305	175	5.8470635
1305	67	5.7070193
1305	47	5.6345196
1305	25	5.5262933
1305	74	5.474682
1305	139	5.4086375
1305	66	5.4034038
1305	256	5.1740737
1306	466	6.3019247
1306	456	5.7184577
1306	460	5.665263
1306	457	4.9723372
1306	66	4.465824
1306	148	4.1755533
1306	461	4.1241465
1306	36	3.837323
1306	175	3.8166869
1306	53	3.672629
1307	66	4.1779647
1307	148	4.1571584
1307	68	4.089859
1307	36	3.6827419
1307	151	3.6617098
1307	139	3.6452732
1307	103	3.547442
1307	225	3.4864674
1307	53	3.3219788
1307	71	3.1393216
1308	53	4.679942
1308	66	4.2466135
1308	148	4.172761
1308	68	4.026591
1308	157	3.888061
1308	139	3.841306
1308	103	3.7668786
1308	151	3.6049063
1308	48	3.3264947
1308	71	3.0905085
1309	314	4.431901
1309	194	4.3543644
1309	226	4.310064
1309	181	4.250465
1309	317	3.5648327
1309	909	3.3938897
1309	10	3.3896723
1309	292	3.3247957
1309	286	3.3221862
1309	298	3.2602017
1310	74	3.7344959
1310	123	3.5030584
1310	67	3.411326
1310	226	3.361712
1310	108	3.3504233
1310	47	3.3011267
1310	345	3.2866087
1310	163	3.2400033
1310	162	3.190475
1310	344	3.189099
1311	53	4.829242
1311	164	4.1114173
1311	47	4.026199
1311	74	3.958219
1311	175	3.8537307
1311	139	3.781755
1311	25	3.7274873
1311	67	3.651563
1311	216	3.634463
1311	314	3.5770624
1312	36	6.0471354
1312	74	5.4536414
1312	53	4.909005
1312	164	4.8988214
1312	67	4.858528
1312	59	4.8419485
1312	25	4.51175
1312	175	4.506894
1312	10	4.4825196
1312	194	4.4595184
1313	53	5.5088444
1313	257	5.1086674
1313	36	5.0964985
1313	129	4.773618
1313	164	4.7352905
1313	216	4.7275925
1313	119	4.6418824
1313	269	4.560534
1313	15	4.51979
1313	1193	4.4828978
1314	53	9.204038
1314	66	7.73737
1314	148	7.6448307
1314	36	7.611155
1314	139	7.5934787
1314	68	7.4262547
1314	59	7.2640414
1314	71	7.1945443
1314	157	7.003942
1314	25	6.995352
1315	119	3.0883458
1315	1064	2.850664
1315	230	2.740008
1315	121	2.580246
1315	329	2.506718
1315	20	2.4253123
1315	75	2.390325
1315	8	2.292193
1315	778	2.2832737
1315	245	2.1305425
1316	53	7.993247
1316	66	7.3176317
1316	148	7.2927084
1316	139	7.2439036
1316	157	6.8053184
1316	71	6.613999
1316	151	6.6076126
1316	59	6.600842
1316	25	6.303279
1316	103	6.2467995
1317	59	7.1399055
1317	67	6.756719
1317	66	6.2732844
1317	68	6.096062
1317	74	6.0661306
1317	256	5.8244734
1317	64	5.7436194
1317	269	5.693991
1317	157	5.5238433
1317	273	5.5074153
1318	769	4.20631
1318	118	3.9405673
1318	1193	3.890567
1318	21	3.7478995
1318	74	3.5328445
1318	269	3.4825757
1318	453	3.3740883
1318	408	3.3198957
1318	36	3.2151902
1318	61	3.1630466
1319	194	3.8176
1319	964	3.2493489
1319	119	2.6699867
1319	908	2.5081005
1319	24	2.2718372
1319	10	2.2653933
1319	110	2.2429538
1319	181	2.2220087
1319	193	2.1854124
1319	915	2.1797757
1320	36	7.2175627
1320	53	7.0450087
1320	59	6.437441
1320	68	6.3530645
1320	67	6.3301854
1320	148	6.3083515
1320	66	6.297672
1320	175	6.204331
1320	139	6.1329856
1320	25	6.110975
1321	909	7.567675
1321	314	7.279769
1321	482	6.97889
1321	400	6.4793096
1321	359	6.3181458
1321	194	6.075579
1321	317	5.7318225
1321	298	4.950102
1321	343	4.8768897
1321	209	4.5746217
1322	34	5.309582
1322	441	5.288468
1322	445	4.971158
1322	53	4.9270453
1322	440	4.827448
1322	59	4.823514
1322	447	4.679772
1322	68	4.3070717
1322	148	4.2884693
1322	439	4.1911173
1323	36	5.4464436
1323	67	5.0573974
1323	53	4.8631983
1323	74	4.757195
1323	59	4.646855
1323	175	4.5519743
1323	164	4.3337545
1323	66	4.238346
1323	148	4.2336307
1323	123	4.190677
1324	344	3.5634348
1324	257	3.2963665
1324	2	3.1763227
1324	306	3.1332736
1324	378	3.0940888
1324	13	2.9977937
1324	117	2.9224217
1324	149	2.883383
1324	74	2.8412452
1324	75	2.8294647
1325	1230	3.9084191
1325	514	2.9913003
1325	902	2.7671018
1325	561	2.651395
1325	703	2.5363078
1325	114	2.536242
1325	738	2.5262156
1325	625	2.5059347
1325	827	2.4928813
1325	785	2.4708383
1326	314	5.5433154
1326	257	4.895051
1326	36	4.8230495
1326	10	4.813586
1326	194	4.4942713
1326	75	4.267118
1326	67	4.264132
1326	12	4.246718
1326	15	4.2255855
1326	347	4.1505356
1327	66	8.43074
1327	68	8.199107
1327	36	7.045341
1327	25	6.883128
1327	42	6.4223804
1327	273	6.395059
1327	44	6.143428
1327	144	6.140682
1327	105	6.038588
1327	221	5.7198167
1328	53	9.32062
1328	66	7.8190575
1328	148	7.7971864
1328	36	7.451542
1328	71	7.3910885
1328	59	7.2658486
1328	157	7.1788254
1328	25	7.009638
1328	151	6.9743896
1328	103	6.870113
1329	432	3.968466
1329	53	3.7184787
1329	10	3.6990752
1329	36	3.467246
1329	164	3.2972035
1329	8	3.2612908
1329	149	3.1908274
1329	908	3.1600904
1329	226	3.157017
1329	177	3.142116
1330	59	7.088555
1330	139	6.439266
1330	175	6.1913223
1330	67	5.9795465
1330	273	5.7586946
1330	71	5.642547
1330	225	5.367636
1330	0	5.3446584
1330	64	5.2726645
1330	381	5.217415
1331	53	3.353037
1331	625	3.2763364
1331	902	3.0675051
1331	139	2.7826514
1331	182	2.7643642
1331	10	2.612778
1331	226	2.5900471
1331	8	2.5075684
1331	1391	2.4356396
1331	163	2.393387
1332	36	5.5158787
1332	58	5.0737143
1332	74	4.9279265
1332	123	4.4153714
1332	163	4.258692
1332	59	4.1804776
1332	47	4.092191
1332	164	4.0508103
1332	94	4.046103
1332	175	4.0420895
1333	714	2.7882884
1333	1067	2.670061
1333	1320	2.3139317
1333	194	2.1404772
1333	982	2.1332815
1333	229	2.099551
1333	339	1.9939852
1333	419	1.9884784
1333	1339	1.9654208
1333	1082	1.9524517
1334	148	4.946522
1334	66	4.7282877
1334	68	4.7126317
1334	157	4.608022
1334	151	4.569259
1334	59	4.504195
1334	225	4.4899344
1334	103	4.3827605
1334	36	4.312994
1334	129	4.2988706
1335	36	4.371798
1335	58	4.207132
1335	226	3.9913342
1335	175	3.857832
1335	88	3.8058772
1335	66	3.7880666
1335	59	3.7358449
1335	148	3.7073987
1335	139	3.525071
1335	286	3.5151906
1336	36	6.5261135
1336	58	5.7937093
1336	53	5.508437
1336	175	5.4118943
1336	67	5.241935
1336	164	5.197797
1336	74	5.1805077
1336	123	4.9552827
1336	59	4.9227476
1336	10	4.886921
1337	1032	3.2970576
1337	148	3.1106367
1337	157	2.925773
1337	68	2.7985888
1337	48	2.7895565
1337	139	2.7890954
1337	625	2.788498
1337	151	2.7056642
1337	66	2.6027358
1337	1282	2.4914284
1338	59	3.7109537
1338	175	3.703613
1338	36	3.6648068
1338	53	3.5131881
1338	256	3.4562247
1338	25	3.1074758
1338	64	3.1054566
1338	47	3.0843015
1338	163	2.9357367
1338	68	2.8143616
1339	53	6.4511256
1339	36	6.17371
1339	139	5.773743
1339	68	5.5585766
1339	148	5.532665
1339	59	5.418842
1339	67	5.3973646
1339	25	5.2426033
1339	71	5.2247825
1339	66	5.147884
1340	175	5.906731
1340	53	5.843503
1340	67	5.748411
1340	59	5.5904365
1340	66	5.435024
1340	139	5.4197893
1340	47	5.3994284
1340	148	5.3403554
1340	25	5.2261004
1340	58	5.151927
1341	769	8.726116
1341	408	7.973991
1341	453	7.5740614
1341	98	7.295593
1341	612	6.9507375
1341	394	6.9202967
1341	398	6.727528
1341	15	5.740199
1341	118	5.626283
1341	1520	4.6153703
1342	67	4.817036
1342	53	4.7964196
1342	36	4.588198
1342	59	4.135631
1342	71	4.0221786
1342	256	3.9990578
1342	175	3.9971452
1342	129	3.9489496
1342	139	3.9430277
1342	47	3.9428186
1343	181	6.7533007
1343	314	6.0328765
1343	406	5.0204377
1343	359	4.9415355
1343	292	4.7142277
1343	298	4.5775785
1343	400	4.5509434
1343	343	4.4085903
1343	1260	4.0823116
1343	117	2.9888015
1344	408	4.418789
1344	769	3.5404372
1344	452	3.508227
1344	256	3.375814
1344	15	3.274692
1344	74	3.2606258
1344	209	3.2300048
1344	59	3.21237
1344	66	3.2077904
1344	67	3.1248815
1345	36	6.0662403
1345	74	5.7500787
1345	59	5.0467057
1345	164	4.6878858
1345	269	4.58448
1345	175	4.4340415
1345	43	4.363286
1345	129	4.2985005
1345	108	4.189354
1345	47	4.1553316
1346	466	5.567036
1346	460	4.8169813
1346	459	4.2990584
1346	455	3.9312997
1346	66	3.4447575
1346	461	3.4275284
1346	148	3.1860075
1346	151	2.6686735
1346	48	2.600187
1346	1194	2.5640802
1347	148	7.130664
1347	66	7.093335
1347	157	6.6514974
1347	151	6.525492
1347	103	6.2571907
1347	36	5.9985
1347	381	5.9218993
1347	25	5.6167474
1347	59	5.5547886
1347	0	5.4051185
1348	2	4.165462
1348	75	3.949384
1348	908	3.4373379
1348	61	3.4370542
1348	1193	3.414708
1348	74	3.3914945
1348	778	3.2914693
1348	23	3.254427
1348	964	3.013138
1348	137	2.9770825
1349	286	5.992288
1349	58	5.968302
1349	36	5.805274
1349	175	5.4155607
1349	59	5.2348523
1349	326	4.9820013
1349	139	4.87078
1349	226	4.591139
1349	345	4.4310923
1349	123	4.4268117
1350	58	4.0579176
1350	344	3.9151106
1350	123	3.5679934
1350	149	3.4956977
1350	94	3.2828496
1350	306	3.1510503
1350	378	3.1472976
1350	10	3.116508
1350	345	3.0501356
1350	290	3.0134661
1351	36	7.1994057
1351	53	6.972929
1351	66	6.329866
1351	139	6.08797
1351	148	6.065939
1351	59	5.971987
1351	25	5.8742914
1351	67	5.8439894
1351	157	5.6760297
1351	175	5.556294
1352	442	7.1983347
1352	441	6.8529873
1352	445	6.612141
1352	444	6.418959
1352	446	6.3793654
1352	767	5.752492
1352	438	5.181964
1352	34	4.8720255
1352	443	4.651955
1352	792	3.1337879
1353	36	6.819483
1353	175	6.263446
1353	68	6.190029
1353	148	6.061803
1353	66	6.015507
1353	47	6.005113
1353	59	5.983102
1353	157	5.583007
1353	25	5.519891
1353	151	5.302818
1354	53	8.739808
1354	157	7.4878836
1354	151	7.279309
1354	71	7.2179246
1354	381	6.8362536
1354	25	6.586942
1354	225	6.180653
1354	42	6.1047716
1354	175	5.720096
1354	67	5.712773
1355	36	6.910024
1355	59	5.791121
1355	47	5.7227173
1355	74	5.696895
1355	67	5.577675
1355	53	5.5096974
1355	175	5.461623
1355	256	5.4344273
1355	108	5.2855563
1355	25	5.1808753
1356	148	8.638604
1356	68	8.60568
1356	71	8.195773
1356	59	7.794098
1356	381	7.7555842
1356	36	7.732781
1356	67	6.8230534
1356	105	6.7718716
1356	225	6.76786
1356	44	6.6772213
1357	53	5.7789426
1357	59	5.749502
1357	66	5.490196
1357	148	5.278398
1357	67	5.268055
1357	68	5.218682
1357	256	5.077005
1357	139	5.038713
1357	164	5.0242844
1357	25	5.022084
1358	36	6.5669136
1358	53	6.0708737
1358	139	5.992021
1358	68	5.6264634
1358	175	5.5405827
1358	157	5.3248086
1358	47	5.166864
1358	48	5.144395
1358	151	5.0680985
1358	25	5.0385323
1359	36	9.513611
1359	47	7.969785
1359	67	7.5298986
1359	71	7.381828
1359	273	7.20658
1359	70	6.617827
1359	42	6.513282
1359	109	6.3310804
1359	163	6.281208
1359	383	6.1985807
1360	123	3.5517395
1360	58	3.5003433
1360	345	3.0140839
1360	36	2.91723
1360	384	2.6518025
1360	774	2.6402879
1360	166	2.5539489
1360	377	2.533223
1360	286	2.525087
1360	59	2.4689953
1361	175	2.7570965
1361	339	2.6829088
1361	1023	2.647521
1361	53	2.6136866
1361	226	2.6078382
1361	741	2.4385352
1361	115	2.4315896
1361	164	2.4171312
1361	198	2.3983362
1361	13	2.3952165
1362	74	5.174499
1362	257	5.0408597
1362	36	4.9913096
1362	15	4.8180676
1362	119	4.6966405
1362	164	4.514251
1362	269	4.488471
1362	67	4.3838544
1362	2	4.3514104
1362	118	4.338213
1363	36	4.126181
1363	66	4.0184717
1363	148	3.5182662
1363	123	3.5113869
1363	662	3.3436215
1363	339	3.2779694
1363	139	3.26192
1363	151	3.1876388
1363	163	3.1151261
1363	58	3.0531013
1364	53	4.4161034
1364	175	3.9552503
1364	36	3.8814888
1364	139	3.747449
1364	59	3.6196096
1364	148	3.5524454
1364	68	3.5330012
1364	47	3.5185416
1364	66	3.49555
1364	25	3.3952866
1365	36	6.524868
1365	53	6.473749
1365	59	5.817176
1365	175	5.763053
1365	66	5.67943
1365	139	5.634153
1365	47	5.462242
1365	68	5.429236
1365	25	5.422897
1365	157	5.0032544
1366	1615	5.7997875
1366	1435	4.1198206
1366	117	3.8468292
1366	28	3.376129
1366	819	3.0152214
1366	194	2.7127454
1366	379	2.7098432
1366	943	2.4931228
1366	259	2.44796
1366	408	2.403628
1367	53	5.192612
1367	71	4.502344
1367	381	4.1794252
1367	719	4.1715217
1367	59	4.1599836
1367	144	4.075789
1367	105	4.0557046
1367	139	4.045382
1367	129	3.970265
1367	68	3.96846
1368	36	5.9120693
1368	59	5.5165086
1368	66	5.4055586
1368	53	5.230013
1368	148	5.193238
1368	67	5.0717244
1368	256	4.897184
1368	74	4.7599473
1368	151	4.690335
1368	47	4.667004
1369	66	5.5474567
1369	71	5.3742304
1369	103	5.0221767
1369	36	5.001433
1369	148	4.983519
1369	216	4.9598856
1369	381	4.9283357
1369	139	4.8824725
1369	68	4.8338265
1369	59	4.794995
1370	53	8.011795
1370	139	6.9361267
1370	59	6.9169273
1370	66	6.8150706
1370	148	6.8008776
1370	68	6.775861
1370	47	6.5658627
1370	157	6.1901455
1370	67	6.1847367
1370	71	6.084491
1371	123	5.144149
1371	36	4.823166
1371	345	4.588318
1371	166	4.411451
1371	149	4.37308
1371	334	4.2853823
1371	59	4.121253
1371	175	4.087293
1371	163	3.977103
1371	94	3.9562624
1372	123	4.1896014
1372	326	4.0217
1372	286	3.6151705
1372	378	3.615048
1372	149	3.5020056
1372	345	3.474815
1372	895	3.4422574
1372	94	3.3796368
1372	379	3.285172
1372	249	3.2527544
1373	53	7.112042
1373	36	6.833655
1373	59	6.475428
1373	66	6.3024716
1373	148	6.256153
1373	67	6.1552057
1373	68	6.0258207
1373	25	5.912974
1373	71	5.82968
1373	129	5.792589
1374	442	7.309759
1374	447	6.5075874
1374	441	6.4783444
1374	445	6.2595177
1374	444	6.2406683
1374	767	5.666351
1374	31	4.9841733
1374	579	4.593563
1374	443	4.3623934
1374	34	3.8441997
1375	36	5.1552153
1375	59	4.922244
1375	66	4.4648924
1375	148	4.145315
1375	256	4.118399
1375	58	3.9910853
1375	273	3.7942483
1375	68	3.7799954
1375	139	3.7386203
1375	157	3.6671622
1376	36	6.5507655
1376	59	5.8673654
1376	53	5.7723293
1376	66	5.2963004
1376	175	5.235599
1376	256	5.2221212
1376	67	4.981251
1376	148	4.9636407
1376	139	4.7100224
1376	25	4.700121
1377	53	7.6256285
1377	36	6.67688
1377	59	6.45788
1377	68	6.309477
1377	139	6.241457
1377	148	6.207764
1377	71	6.202848
1377	66	6.1487837
1377	25	6.0610585
1377	67	5.95696
1378	157	6.185094
1378	151	6.173295
1378	68	6.0954075
1378	53	6.02873
1378	139	5.3757644
1378	48	5.321166
1378	36	5.279333
1378	71	5.020616
1378	381	4.802084
1378	225	4.7784653
1379	66	5.2534504
1379	36	5.1584554
1379	148	5.127558
1379	71	4.851715
1379	139	4.589678
1379	68	4.5664625
1379	157	4.53692
1379	67	4.4521666
1379	103	4.3760633
1379	25	4.372198
1380	26	4.7295623
1380	36	4.6880827
1380	129	4.359325
1380	74	4.138215
1380	256	4.074479
1380	67	3.9611926
1380	59	3.815848
1380	200	3.8117313
1380	68	3.7701452
1380	221	3.7206554
1381	36	3.4435663
1381	58	3.3142653
1381	123	3.2293239
1381	74	3.1793075
1381	345	2.9060977
1381	67	2.8570435
1381	149	2.8121545
1381	164	2.7640224
1381	269	2.7252898
1381	175	2.614334
1382	36	5.941844
1382	59	4.9895205
1382	256	4.725127
1382	769	4.559944
1382	463	4.5441246
1382	66	4.539293
1382	58	4.4853024
1382	408	4.3671913
1382	175	4.24978
1382	148	4.164289
1383	68	7.1577163
1383	59	5.508212
1383	42	5.470127
1383	225	5.4418845
1383	44	5.2708845
1383	273	5.262558
1383	67	5.1765385
1383	175	5.1647477
1383	144	5.004484
1383	105	4.915488
1384	66	6.768647
1384	148	6.6966267
1384	68	6.333957
1384	157	6.185884
1384	103	5.770407
1384	25	5.406238
1384	225	5.393109
1384	72	5.136429
1384	47	5.006615
1384	67	4.992814
1385	36	5.5275292
1385	139	5.5075793
1385	66	5.0630517
1385	148	5.017688
1385	157	4.914572
1385	175	4.8644915
1385	68	4.838232
1385	47	4.744576
1385	25	4.400286
1385	59	4.373424
1386	53	4.985544
1386	257	4.8200607
1386	75	4.6602707
1386	129	4.594566
1386	119	4.5642943
1386	1193	4.4587593
1386	121	4.323704
1386	67	4.262147
1386	164	4.1400166
1386	18	4.120744
1387	53	7.355348
1387	139	6.6331983
1387	175	6.4148765
1387	66	6.2644787
1387	59	6.262307
1387	68	6.2000704
1387	148	6.19441
1387	47	6.116261
1387	25	5.624305
1387	157	5.559815
1388	53	7.869938
1388	36	6.666818
1388	148	6.6365576
1388	66	6.620444
1388	157	6.145897
1388	25	6.094508
1388	381	5.9972954
1388	151	5.976568
1388	47	5.95914
1388	103	5.9364
1389	104	7.5313077
1389	394	7.1313076
1389	612	7.0472946
1389	452	6.753505
1389	1188	6.541022
1389	453	6.4763017
1389	98	6.1170287
1389	1135	6.0374064
1389	408	5.8102264
1389	209	5.7209835
1390	36	4.965613
1390	67	4.481503
1390	15	4.3863163
1390	164	4.292062
1390	257	4.156716
1390	769	4.081382
1390	59	3.919235
1390	256	3.8426068
1390	811	3.7688878
1390	129	3.7562006
1391	463	4.772975
1391	59	4.46485
1391	66	4.2741375
1391	286	4.1768208
1391	36	4.1014276
1391	148	4.0874505
1391	58	3.980972
1391	326	3.844871
1391	175	3.8096247
1391	157	3.715044
1392	36	9.991471
1392	53	8.780263
1392	59	8.465546
1392	139	7.9855814
1392	67	7.7846346
1392	64	6.9529495
1392	71	6.8638067
1392	157	6.743171
1392	74	6.669895
1392	163	6.487723
1393	148	6.930213
1393	53	6.469198
1393	157	6.389204
1393	151	6.348082
1393	139	5.8843184
1393	36	5.7397504
1393	48	5.570955
1393	71	5.2871833
1393	225	5.0746045
1393	381	5.0546308
1394	36	5.3009367
1394	59	5.026033
1394	226	4.864743
1394	175	4.787575
1394	142	4.761053
1394	334	4.6022677
1394	345	4.555397
1394	318	4.544985
1394	47	4.436262
1394	163	4.3858924
1395	36	6.808569
1395	139	6.030378
1395	66	5.8840094
1395	148	5.8465886
1395	68	5.593527
1395	53	5.5299926
1395	59	5.391718
1395	157	5.3410645
1395	151	5.2381597
1395	47	5.225753
1396	36	6.8096805
1396	53	6.663171
1396	67	6.328627
1396	74	6.1879153
1396	59	5.9137278
1396	66	5.6743755
1396	25	5.6591654
1396	164	5.581737
1396	148	5.5315685
1396	216	5.4785557
1397	53	8.17425
1397	139	7.3891153
1397	36	7.220744
1397	157	7.1098657
1397	151	6.901062
1397	59	6.892569
1397	71	6.4344277
1397	103	6.431836
1397	175	6.36626
1397	25	6.3625426
1398	66	6.255563
1398	53	5.920964
1398	139	5.595283
1398	68	5.5372796
1398	59	5.3834524
1398	48	5.0685415
1398	175	5.023278
1398	25	4.8399935
1398	47	4.7963567
1398	71	4.630159
1399	714	8.034204
1399	982	6.816263
1399	1547	6.358064
1399	1570	5.5661216
1399	1339	5.2396526
1399	1626	5.122782
1399	668	4.1489015
1399	229	4.0420504
1399	836	4.0008883
1399	231	3.9320753
1400	151	4.1656747
1400	148	4.1270423
1400	157	4.0851965
1400	68	4.0842824
1400	139	3.9839096
1400	48	3.692938
1400	59	3.197134
1400	71	3.1252835
1400	103	3.1221588
1400	0	3.03172
1401	344	4.183607
1401	58	3.4595294
1401	226	3.3594322
1401	74	3.3514833
1401	36	3.272245
1401	10	3.187747
1401	379	3.1146455
1401	13	3.1000333
1401	1023	3.064329
1401	257	3.0638504
1402	36	4.4841247
1402	344	4.177733
1402	162	3.97663
1402	58	3.9337325
1402	164	3.8345826
1402	379	3.8207152
1402	53	3.81827
1402	175	3.7533257
1402	149	3.7459114
1402	139	3.4796982
1403	1057	1.9178448
1403	874	1.8591998
1403	531	1.7890399
1403	264	1.7864085
1403	1609	1.779202
1403	1496	1.7475872
1403	1213	1.7372768
1403	581	1.7289479
1403	1565	1.7184879
1403	714	1.6914923
1404	58	4.637545
1404	379	4.3128257
1404	384	4.0674543
1404	249	3.784199
1404	344	3.5279007
1404	166	3.4012127
1404	167	3.3814492
1404	345	3.3642669
1404	141	3.2486
1404	306	3.0091262
1405	36	5.471957
1405	58	5.172486
1405	10	4.298351
1405	175	4.259104
1405	164	4.2056255
1405	149	4.085798
1405	47	4.0457015
1405	74	3.993635
1405	344	3.9866657
1405	379	3.9529555
1406	36	8.764509
1406	53	7.8936787
1406	139	7.079153
1406	47	6.9744253
1406	66	6.830598
1406	148	6.7072325
1406	68	6.4942536
1406	58	6.2525444
1406	64	5.959523
1406	157	5.9544153
1407	36	7.460368
1407	53	6.3817496
1407	66	6.3800282
1407	59	6.2136297
1407	148	6.0437145
1407	67	5.8081937
1407	68	5.768299
1407	139	5.6704354
1407	175	5.5682817
1407	25	5.549195
1408	181	5.5897813
1408	314	4.8152175
1408	482	3.9566474
1408	406	3.9091065
1408	1260	3.7801082
1408	400	3.5358558
1408	292	3.3901532
1408	298	3.3477087
1408	194	3.310519
1408	1358	3.2808635
1409	714	3.188505
1409	1067	3.186399
1409	247	2.896135
1409	175	2.831239
1409	25	2.8168645
1409	66	2.7478604
1409	625	2.7475555
1409	148	2.7291632
1409	68	2.6710002
1409	484	2.6647565
1410	66	7.021302
1410	53	6.998724
1410	139	6.4688134
1410	59	6.463712
1410	68	6.4132853
1410	25	5.822989
1410	175	5.8144116
1410	67	5.781237
1410	47	5.7197328
1410	71	5.5887976
1411	66	8.087755
1411	148	7.9202743
1411	53	7.7721744
1411	36	7.71551
1411	68	7.6928
1411	157	7.3736496
1411	139	7.2278094
1411	151	7.20452
1411	48	6.850552
1411	59	6.5435886
1412	323	4.8950195
1412	36	3.7079647
1412	286	3.4855788
1412	201	3.2548769
1412	822	2.991087
1412	59	2.9098313
1412	68	2.8426535
1412	47	2.8216102
1412	151	2.8214602
1412	290	2.77423
1413	59	5.2381206
1413	67	5.1425247
1413	139	5.030777
1413	71	4.9992437
1413	148	4.8434854
1413	68	4.7204447
1413	164	4.6085386
1413	74	4.5515428
1413	47	4.4939017
1413	72	4.4911966
1414	139	4.5212984
1414	36	4.478843
1414	175	4.3311257
1414	66	4.26359
1414	148	4.2184515
1414	68	3.8924556
1414	47	3.7025
1414	163	3.6651545
1414	59	3.5440483
1414	58	3.482842
1415	53	4.935686
1415	66	4.572045
1415	59	4.4264874
1415	25	4.354579
1415	67	4.3298793
1415	68	4.3016677
1415	148	4.211407
1415	175	4.138044
1415	139	4.0145984
1415	164	3.9147155
1416	59	6.182244
1416	53	6.0620713
1416	66	6.0541177
1416	139	5.9121695
1416	68	5.910152
1416	175	5.499924
1416	151	5.4334126
1416	157	5.4159603
1416	47	5.38587
1416	25	5.2016797
1417	36	6.665709
1417	59	6.064066
1417	53	6.0146
1417	175	5.717192
1417	139	5.4924
1417	47	5.3696175
1417	66	5.2071915
1417	148	5.199297
1417	164	5.093334
1417	25	4.987556
1418	36	7.195373
1418	175	5.922935
1418	59	5.8233557
1418	58	5.5335307
1418	47	5.5017524
1418	53	5.487816
1418	164	5.2741466
1418	10	5.273521
1418	123	5.24336
1418	67	5.154804
1419	36	4.540246
1419	53	4.4677763
1419	66	4.148148
1419	139	4.1315517
1419	148	3.9845173
1419	59	3.9757214
1419	71	3.781706
1419	157	3.6585479
1419	47	3.647607
1419	68	3.6083493
1420	74	4.9164844
1420	36	4.8869205
1420	149	4.71444
1420	10	4.584856
1420	175	4.5546083
1420	58	4.263242
1420	123	4.0463405
1420	226	4.0292773
1420	59	3.8270261
1420	166	3.7791827
1421	36	4.5446696
1421	123	4.2277317
1421	148	4.0689344
1421	66	3.9907098
1421	48	3.9063218
1421	59	3.8850083
1421	286	3.876144
1421	58	3.8310091
1421	157	3.7577868
1421	151	3.6895645
1422	53	5.0743947
1422	164	4.6461663
1422	2	4.5203
1422	175	4.3389792
1422	67	4.2714105
1422	10	4.2225986
1422	257	4.1773653
1422	18	4.1680713
1422	432	4.096403
1422	908	4.055594
1423	175	2.9840322
1423	67	2.8569405
1423	269	2.7162888
1423	53	2.6957362
1423	47	2.688737
1423	43	2.6712496
1423	139	2.5284586
1423	164	2.5203416
1423	168	2.516219
1423	163	2.5066934
1424	457	5.348659
1424	455	4.768459
1424	461	4.1509066
1424	66	3.564692
1424	148	3.2098608
1424	36	3.067856
1424	48	2.9994793
1424	151	2.7507808
1424	44	2.7188597
1424	58	2.709646
1425	59	6.8641014
1425	139	6.1840467
1425	67	5.8110247
1425	25	5.765367
1425	164	5.6427293
1425	66	5.5260153
1425	256	5.4430313
1425	68	5.441718
1425	148	5.430104
1425	64	5.2697015
1426	53	3.8257165
1426	18	3.6752641
1426	129	3.5989847
1426	216	3.361949
1426	15	3.3435743
1426	36	3.3349288
1426	108	3.1686482
1426	842	3.1647866
1426	784	3.11417
1426	230	3.047031
1427	59	5.1318083
1427	66	5.0671587
1427	53	5.051012
1427	148	4.760088
1427	36	4.493467
1427	175	4.396487
1427	139	4.362132
1427	151	4.1954923
1427	48	4.161542
1427	157	4.1606812
1428	53	5.553901
1428	66	5.1142592
1428	67	4.7413373
1428	148	4.6226873
1428	59	4.6112933
1428	139	4.5038543
1428	25	4.3868017
1428	157	4.3820095
1428	164	4.35517
1428	68	4.312135
1429	59	5.520975
1429	129	5.2850704
1429	36	5.1580086
1429	256	4.9595184
1429	269	4.685116
1429	66	4.5544944
1429	53	4.502644
1429	769	4.447452
1429	67	4.43254
1429	71	4.392058
1430	53	5.3858833
1430	47	5.1054215
1430	139	5.029951
1430	58	4.898282
1430	148	4.835
1430	68	4.656074
1430	164	4.595515
1430	123	4.49114
1430	157	4.357966
1430	64	4.340065
1431	58	4.8522286
1431	47	4.519932
1431	171	4.1922526
1431	36	3.8743575
1431	286	3.8645363
1431	326	3.8117797
1431	290	3.785932
1431	283	3.6364524
1431	10	3.6068652
1431	59	3.5861526
1432	36	4.826676
1432	74	4.2089725
1432	198	4.0703897
1432	314	3.9965684
1432	67	3.782443
1432	257	3.7427824
1432	164	3.675217
1432	119	3.6751547
1432	256	3.670061
1432	252	3.5695732
1433	53	7.795776
1433	36	7.327886
1433	66	7.070662
1433	139	6.861637
1433	148	6.8494105
1433	68	6.730171
1433	175	6.388689
1433	157	6.2967334
1433	48	6.242497
1433	151	6.239063
1434	66	4.6710114
1434	36	4.4394746
1434	148	4.3350067
1434	139	4.3187695
1434	59	4.309538
1434	68	4.2320943
1434	53	4.174708
1434	47	4.083531
1434	175	4.0249763
1434	286	3.7554357
1435	36	5.62232
1435	53	5.253686
1435	164	5.0225115
1435	59	4.732593
1435	129	4.4296575
1435	25	4.409477
1435	216	4.3256817
1435	35	4.2559624
1435	256	4.1720557
1435	175	4.1488
1436	53	9.874046
1436	103	8.0545025
1436	71	7.9388456
1436	36	7.4772863
1436	59	7.4186897
1436	273	6.883472
1436	175	6.724507
1436	70	6.654223
1436	719	6.5102296
1436	144	6.329904
1437	36	6.0214033
1437	139	5.4509883
1437	148	4.9680934
1437	59	4.6253614
1437	48	4.219343
1437	64	4.1691895
1437	379	4.007007
1437	162	3.9395413
1437	273	3.9234495
1437	29	3.9120727
1438	66	7.6467543
1438	59	7.1959786
1438	53	7.130516
1438	68	6.9318438
1438	157	6.6562266
1438	139	6.5517087
1438	175	6.1388545
1438	25	6.1059737
1438	273	5.965943
1438	71	5.911276
1439	148	6.0560975
1439	36	5.9712834
1439	59	5.8173
1439	53	5.752263
1439	151	5.508014
1439	68	5.255391
1439	157	5.2242613
1439	48	5.2020426
1439	139	5.1071625
1439	463	4.911847
1440	139	5.8167634
1440	59	5.3520403
1440	53	5.2705307
1440	58	5.226597
1440	66	5.147101
1440	175	5.1225314
1440	148	5.066001
1440	68	4.998202
1440	163	4.7567763
1440	157	4.7393537
1441	36	7.532567
1441	139	7.170133
1441	66	6.9274373
1441	148	6.8927617
1441	68	6.8083615
1441	47	6.3899217
1441	25	6.2766123
1441	157	6.2423463
1441	67	6.1659255
1441	151	6.1020846
1442	68	7.53164
1442	36	7.4470572
1442	59	7.2560525
1442	53	6.989841
1442	273	6.6503687
1442	139	6.575841
1442	129	6.4033732
1442	256	6.373989
1442	71	6.256738
1442	25	6.2230916
1443	453	5.802774
1443	104	5.7093205
1443	209	4.988132
1443	1188	4.903518
1443	612	4.8897367
1443	783	4.78783
1443	118	4.604135
1443	256	4.5804863
1443	398	4.5783896
1443	98	4.468352
1444	58	6.375947
1444	142	5.581236
1444	318	5.178546
1444	290	4.7962337
1444	123	4.591377
1444	175	4.519268
1444	226	4.443334
1444	283	4.4139175
1444	334	4.408337
1444	345	4.3703313
1445	67	6.0925426
1445	59	5.9279995
1445	53	5.868313
1445	66	5.774764
1445	148	5.675494
1445	139	5.6157727
1445	175	5.489568
1445	164	5.217517
1445	194	5.1995535
1445	25	5.19568
1446	58	3.8142085
1446	286	3.6495814
1446	194	3.5653696
1446	142	3.0706482
1446	171	2.9836555
1446	94	2.8673835
1446	283	2.8312607
1446	889	2.7753885
1446	56	2.7441015
1446	123	2.6863973
1447	53	6.5522466
1447	36	6.273499
1447	67	5.639587
1447	148	5.599171
1447	71	5.548968
1447	66	5.4897695
1447	59	5.431038
1447	68	5.336911
1447	139	5.180441
1447	164	5.1684246
1448	408	6.3057275
1448	769	6.208563
1448	104	5.735636
1448	452	5.643345
1448	453	5.566029
1448	1188	5.2973647
1448	209	5.184732
1448	1135	4.8124676
1448	118	4.759462
1448	394	4.7022824
1449	53	5.3764024
1449	175	5.354764
1449	47	5.209801
1449	67	4.609787
1449	25	4.4924855
1449	164	4.484834
1449	68	4.35285
1449	59	4.2881994
1449	162	4.0563893
1449	58	4.0305753
1450	257	4.648138
1450	993	3.320218
1450	1193	3.2042184
1450	75	3.1873953
1450	12	3.0721757
1450	908	3.0684402
1450	904	2.9550877
1450	137	2.876733
1450	8	2.856073
1450	306	2.6922886
1451	66	6.580932
1451	53	6.440893
1451	59	6.1237698
1451	139	5.77585
1451	67	5.5827937
1451	273	5.448391
1451	25	5.4279785
1451	129	5.3175545
1451	103	5.275115
1451	0	5.271599
1452	453	6.813712
1452	104	6.3106313
1452	15	6.1798124
1452	118	5.817028
1452	98	5.7283416
1452	1135	5.6327796
1452	394	5.506294
1452	783	5.29854
1452	612	5.279831
1452	865	5.1904774
1453	118	5.730391
1453	769	5.6310763
1453	408	5.1246724
1453	394	4.9327464
1453	125	4.8411736
1453	21	4.749794
1453	612	4.6433134
1453	257	4.6230407
1453	783	4.529238
1453	452	4.3806343
1454	58	4.8312483
1454	306	3.8927934
1454	378	3.8450742
1454	286	3.7684908
1454	970	3.6522849
1454	123	3.3930376
1454	1023	3.3770492
1454	334	3.2524803
1454	149	3.2522755
1454	36	3.2154856
1455	36	7.469928
1455	53	7.09264
1455	66	7.029756
1455	148	6.819528
1455	139	6.4916015
1455	59	5.908465
1455	175	5.8319044
1455	48	5.7323055
1455	67	5.609216
1455	381	5.142071
1456	66	6.521205
1456	36	6.4151196
1456	139	6.2813673
1456	148	6.1744285
1456	68	6.151843
1456	157	5.9505925
1456	59	5.9055376
1456	71	5.79723
1456	151	5.650303
1456	25	5.5569134
1457	53	5.5939765
1457	36	5.313133
1457	148	5.250217
1457	66	5.2337003
1457	256	5.16005
1457	67	5.0940757
1457	68	4.9648957
1457	129	4.9210434
1457	71	4.859826
1457	273	4.7435465
1458	151	6.9816446
1458	36	6.7636757
1458	71	6.7308803
1458	103	6.573994
1458	25	6.2444744
1458	175	6.1822796
1458	47	5.943121
1458	0	5.818039
1458	225	5.6655717
1458	44	5.6578565
1459	36	6.229301
1459	123	5.9856606
1459	58	5.705526
1459	226	5.5385113
1459	175	5.2740507
1459	379	5.152222
1459	314	5.0109105
1459	149	4.945324
1459	286	4.8894367
1459	166	4.859713
1460	74	6.2006364
1460	53	5.931217
1460	164	5.3513093
1460	67	5.175433
1460	10	4.9193463
1460	257	4.8181677
1460	25	4.6858044
1460	75	4.6723785
1460	149	4.6360555
1460	59	4.5965242
1461	319	2.6109686
1461	322	2.484403
1461	84	2.4379725
1461	226	2.2449975
1461	690	2.2300637
1461	58	2.219474
1461	870	2.211063
1461	339	2.1644087
1461	1321	2.0832412
1461	335	2.0025213
1462	636	2.6888425
1462	1474	2.6588612
1462	1225	2.5266235
1462	817	2.4561372
1462	1481	2.3976378
1462	1608	2.306446
1462	1374	2.2362428
1462	686	2.2306983
1462	507	2.2141976
1462	1417	2.2033756
1463	1508	6.7242856
1463	560	6.2269745
1463	1495	6.0154424
1463	1577	5.2703514
1463	236	4.657864
1463	958	4.54007
1463	1474	4.512458
1463	1481	4.208396
1463	1178	4.085297
1463	1589	4.0165377
1464	59	6.8732095
1464	175	6.5239716
1464	53	5.966095
1464	66	5.8456373
1464	68	5.5298386
1464	67	5.416231
1464	326	5.315839
1464	157	5.2412176
1464	64	5.23147
1464	151	5.041597
1465	36	6.340722
1465	53	5.92623
1465	59	5.6865473
1465	66	5.238411
1465	148	5.1442995
1465	175	5.101647
1465	47	5.0592194
1465	164	5.0071554
1465	139	4.948114
1465	68	4.924178
1466	59	5.3152733
1466	269	4.6526847
1466	68	4.6332955
1466	256	4.6149464
1466	53	4.5634403
1466	66	4.5199385
1466	71	4.5017824
1466	148	4.2856383
1466	129	4.28283
1466	139	4.2476377
1467	66	6.2853746
1467	148	6.0495706
1467	68	6.0333033
1467	129	6.0282316
1467	59	6.0228167
1467	225	5.738761
1467	139	5.6329026
1467	157	5.551981
1467	151	5.355243
1467	381	5.3059115
1468	36	6.985743
1468	59	6.340909
1468	66	6.0590014
1468	148	5.9208555
1468	175	5.8372726
1468	139	5.7043204
1468	67	5.598595
1468	68	5.455724
1468	25	5.4540014
1468	157	5.2570124
1469	66	6.4114504
1469	36	6.220237
1469	68	6.065545
1469	148	6.060093
1469	139	5.816139
1469	59	5.768474
1469	151	5.564028
1469	157	5.5013633
1469	48	5.326233
1469	225	5.3176737
1470	769	7.029338
1470	394	6.460281
1470	1135	6.398059
1470	398	6.304893
1470	783	6.212193
1470	98	6.064978
1470	775	6.056825
1470	422	5.6397147
1470	15	5.3929753
1470	118	5.3858604
1471	286	3.4167783
1471	58	3.1426828
1471	429	3.1330376
1471	374	3.1098754
1471	290	3.0628166
1471	1067	2.9019156
1471	232	2.8167841
1471	714	2.766512
1471	326	2.6902835
1471	143	2.6783476
1472	118	6.7414026
1472	257	6.1808724
1472	408	5.571629
1472	104	5.4997416
1472	74	5.3935714
1472	129	5.3317842
1472	125	5.0399737
1472	453	4.5767484
1472	119	4.533857
1472	98	4.4906116
1473	36	4.7719383
1473	66	4.600373
1473	148	4.4350524
1473	68	4.4337068
1473	139	4.385214
1473	47	4.345424
1473	59	4.251627
1473	151	4.076363
1473	157	3.9607317
1473	175	3.8867638
1474	66	3.4847052
1474	25	3.4586353
1474	71	3.3511107
1474	164	3.3063352
1474	148	3.2619042
1474	175	3.2574399
1474	47	3.2497199
1474	157	3.1615922
1474	74	3.0043266
1474	108	2.9945397
1475	53	6.287673
1475	36	6.2178087
1475	68	5.6841097
1475	59	5.6082478
1475	139	5.5805926
1475	67	5.1800094
1475	175	5.1426377
1475	48	5.0852447
1475	47	4.969732
1475	25	4.843998
1476	53	8.042745
1476	36	7.9918184
1476	67	6.8902225
1476	74	6.6440024
1476	71	6.547716
1476	68	6.5270085
1476	148	6.4229035
1476	47	6.2753153
1476	164	6.2347755
1476	72	6.230928
1477	407	3.050295
1477	98	2.2300634
1477	56	1.9580436
1477	889	1.8825723
1477	104	1.8209038
1477	1386	1.8148863
1477	1086	1.7956682
1477	453	1.7489656
1477	858	1.7116816
1477	452	1.6835403
1478	36	5.2000327
1478	175	4.9022946
1478	139	4.7681584
1478	53	4.7126746
1478	47	4.6479654
1478	58	4.2354565
1478	67	4.135042
1478	25	4.085408
1478	43	4.082642
1478	163	4.081832
1479	1067	2.8362756
1479	982	2.7491465
1479	714	2.7237716
1479	429	2.5384562
1479	835	2.52857
1479	834	2.4107816
1479	632	2.3491626
1479	1547	2.29306
1479	433	2.2744946
1479	740	2.224517
1480	148	6.8069916
1480	157	6.236217
1480	151	6.1954703
1480	139	5.911875
1480	36	5.805834
1480	103	5.786447
1480	48	5.4681897
1480	71	5.3735814
1480	381	5.071362
1480	25	5.07034
1481	121	5.1124177
1481	74	4.2618084
1481	53	4.146946
1481	47	3.8606398
1481	216	3.6548905
1481	811	3.6305459
1481	10	3.6041918
1481	414	3.5694978
1481	36	3.5634687
1481	22	3.5278823
1482	53	4.4527845
1482	18	3.7584033
1482	164	3.6079738
1482	2	3.5922496
1482	74	3.3638132
1482	139	3.3161602
1482	75	3.3111432
1482	842	3.2561615
1482	216	3.2455277
1482	25	3.2311847
1483	35	3.3228326
1483	464	2.654508
1483	56	2.6329317
1483	889	2.5532606
1483	1172	2.4970345
1483	53	2.4917192
1483	1357	2.3813994
1483	168	2.3555448
1483	40	2.3270779
1483	904	2.2640264
1484	1177	7.536918
1484	1474	7.5137515
1484	1184	6.113405
1484	1361	6.0905194
1484	1513	5.761411
1484	1303	5.751087
1484	236	5.7029
1484	426	5.2678323
1484	1323	5.201249
1484	1488	5.0201435
1485	1067	5.0423756
1485	982	3.8754127
1485	484	3.375222
1485	9	3.244479
1485	302	3.1189942
1485	835	3.023767
1485	1339	2.9864743
1485	433	2.8736243
1485	246	2.8720055
1485	374	2.851755
1486	15	2.8874881
1486	129	2.7841892
1486	786	2.6719515
1486	339	2.6254904
1486	1098	2.5926104
1486	118	2.5273094
1486	677	2.49733
1486	61	2.470678
1486	92	2.4148471
1486	463	2.2760108
1487	48	3.8299093
1487	373	3.6681504
1487	286	3.535604
1487	625	3.5294437
1487	231	3.2819483
1487	151	3.2334125
1487	66	3.2304127
1487	437	3.1965384
1487	277	3.095919
1487	318	3.0697582
1488	66	5.9221253
1488	129	5.7012672
1488	148	5.5748024
1488	59	5.421901
1488	68	5.294526
1488	53	5.2353463
1488	225	5.1601586
1488	769	5.1379027
1488	36	5.1325717
1488	151	4.98976
1489	778	4.244162
1489	257	4.1163125
1489	74	3.8591678
1489	67	3.789162
1489	53	3.4519231
1489	216	3.445002
1489	10	3.394554
1489	164	3.3828855
1489	75	3.3191984
1489	123	3.273361
1490	909	7.4480224
1490	317	6.691363
1490	406	6.497928
1490	1260	5.157393
1490	343	5.0857
1490	117	4.774627
1490	408	4.715662
1490	257	4.418828
1490	54	4.368249
1490	10	4.3155527
1491	36	6.859084
1491	66	6.1359468
1491	53	6.0357556
1491	59	5.884549
1491	139	5.8052797
1491	68	5.3451552
1491	157	5.2513747
1491	151	5.1524944
1491	47	5.113751
1491	67	5.030591
1492	79	3.2490234
1492	80	3.1982052
1492	84	2.8033307
1492	598	2.7341688
1492	2	2.6130836
1492	620	2.5002906
1492	1079	2.3494842
1492	1203	2.2433605
1492	896	2.1827776
1492	1246	1.8756781
1493	36	6.6703606
1493	139	6.2457237
1493	59	6.0312414
1493	175	5.9988384
1493	68	5.9473476
1493	66	5.843861
1493	148	5.7555223
1493	47	5.6477523
1493	25	5.2928967
1493	157	5.280177
1494	23	4.8519244
1494	67	4.45402
1494	164	4.1702743
1494	194	3.9545295
1494	175	3.9439955
1494	92	3.9394307
1494	59	3.8326058
1494	53	3.79163
1494	163	3.7149975
1494	25	3.634844
1495	286	5.746099
1495	36	5.474919
1495	58	5.426766
1495	139	5.2891397
1495	175	5.1123066
1495	59	4.8867836
1495	148	4.8548713
1495	66	4.7924466
1495	326	4.6886997
1495	53	4.6640086
1496	257	4.6075673
1496	53	4.3454704
1496	119	4.2733674
1496	18	4.1349373
1496	432	3.880864
1496	75	3.873475
1496	216	3.798574
1496	12	3.7576656
1496	194	3.7300916
1496	2	3.7237992
1497	452	3.3980365
1497	1188	3.3905795
1497	453	2.981131
1497	1135	2.8973846
1497	408	2.881172
1497	752	2.750387
1497	865	2.7028122
1497	404	2.6894407
1497	172	2.6656854
1497	889	2.5704122
1498	66	7.307678
1498	53	6.8492646
1498	157	6.569564
1498	151	6.5341883
1498	139	6.1436677
1498	48	5.7976418
1498	36	5.709361
1498	71	5.671193
1498	381	5.377181
1498	225	5.1733675
1499	36	2.5679362
1499	68	2.1615818
1499	256	2.1454046
1499	148	2.114933
1499	129	2.0688055
1499	108	2.0355976
1499	71	2.0138998
1499	103	2.0082626
1499	273	2.0008802
1499	66	1.9618099
1500	53	4.4940944
1500	66	4.257357
1500	59	4.181484
1500	148	4.093066
1500	10	4.0245113
1500	25	3.9174805
1500	67	3.9129558
1500	139	3.9086127
1500	164	3.8986943
1500	47	3.8515503
1501	378	2.866127
1501	306	2.6385853
1501	902	2.4937582
1501	970	2.3674011
1501	1113	2.3466046
1501	625	2.2016048
1501	249	2.0943086
1501	149	2.0669174
1501	1072	2.0474267
1501	730	1.9786137
1502	889	5.006365
1502	769	4.8568354
1502	453	4.7346787
1502	1188	4.5094495
1502	408	4.4613943
1502	104	4.3168173
1502	775	4.216223
1502	865	4.144614
1502	783	4.1395926
1502	394	4.1212683
1503	148	8.415032
1503	68	8.21333
1503	139	8.078147
1503	48	7.1103835
1503	59	6.979862
1503	72	6.927198
1503	144	6.503743
1503	105	6.437904
1503	67	6.4111166
1503	47	6.385367
1504	53	9.076479
1504	148	8.380519
1504	68	7.796283
1504	157	7.5505614
1504	59	7.512703
1504	151	7.424776
1504	175	6.982718
1504	103	6.931649
1504	71	6.92718
1504	67	6.7980795
1505	66	7.039621
1505	103	5.857879
1505	48	5.747617
1505	36	5.6050897
1505	71	5.514011
1505	381	5.199315
1505	25	5.023014
1505	225	4.9773374
1505	59	4.8784337
1505	0	4.8580203
1506	66	2.6469383
1506	148	2.5993361
1506	157	2.4037519
1506	484	2.403669
1506	53	2.3564937
1506	18	2.2826767
1506	103	2.2242112
1506	36	2.1984398
1506	151	2.190928
1506	487	2.0969696
1507	59	3.9354463
1507	36	3.9170818
1507	53	3.618066
1507	68	3.5800672
1507	66	3.5712926
1507	48	3.442092
1507	47	3.401751
1507	389	3.3816206
1507	463	3.3603835
1507	148	3.2609477
1508	123	4.8417916
1508	58	4.8200946
1508	149	4.738815
1508	970	4.6526227
1508	379	4.6193967
1508	378	4.428781
1508	36	4.3106575
1508	10	4.244411
1508	226	4.225972
1508	286	3.9877753
1509	148	5.3021255
1509	53	5.299311
1509	66	5.201376
1509	68	5.162078
1509	103	5.013934
1509	71	4.9907293
1509	151	4.905629
1509	157	4.813544
1509	139	4.6499324
1509	381	4.5315366
1510	36	6.617701
1510	59	6.420519
1510	53	6.237823
1510	68	5.935975
1510	148	5.7826667
1510	66	5.6842585
1510	139	5.545484
1510	47	5.466861
1510	151	5.4240193
1510	67	5.4082575
1511	58	6.23132
1511	334	4.796772
1511	286	4.5707994
1511	384	4.450704
1511	326	4.3576694
1511	132	4.218135
1511	94	4.2086687
1511	345	4.092007
1511	166	4.002084
1511	290	3.994518
1512	795	4.2564373
1512	1032	3.8257551
1512	1067	3.6198654
1512	1265	3.5651698
1512	902	3.4589417
1512	1572	3.261405
1512	1547	3.2509623
1512	549	3.2097874
1512	982	3.187564
1512	1396	3.1869843
1513	181	5.426362
1513	482	5.0868025
1513	909	5.006494
1513	194	4.748348
1513	406	4.6110907
1513	359	4.550225
1513	317	4.285467
1513	1260	4.0738554
1513	343	3.9955645
1513	36	2.7272754
1514	53	8.828557
1514	66	7.8361897
1514	157	7.3407083
1514	71	7.1158338
1514	48	6.6971703
1514	72	6.3409047
1514	47	6.29715
1514	175	6.1519065
1514	67	6.0392203
1514	719	6.000708
1515	15	6.2880692
1515	36	5.1051164
1515	769	5.0687137
1515	21	5.0324593
1515	1193	4.846879
1515	53	4.735035
1515	59	4.6828666
1515	408	4.6219997
1515	61	4.6104727
1515	74	4.599459
1516	1508	4.1198125
1516	1260	3.953769
1516	909	3.9436562
1516	181	3.7979622
1516	482	3.7675436
1516	426	3.7356286
1516	406	3.6823692
1516	314	3.5970948
1516	1561	3.5661252
1516	359	3.41795
1517	53	6.7874255
1517	36	6.046879
1517	148	5.857939
1517	66	5.6741543
1517	139	5.661996
1517	47	5.400946
1517	175	5.3108506
1517	59	5.2559233
1517	48	5.0475082
1517	151	5.0119305
1518	71	3.4230416
1518	36	3.3430464
1518	216	3.10271
1518	67	3.0171607
1518	269	2.9863591
1518	144	2.9291322
1518	47	2.8235307
1518	129	2.8086927
1518	18	2.778306
1518	109	2.774319
1519	36	5.929476
1519	74	5.8812895
1519	10	5.493886
1519	257	5.029351
1519	53	4.981111
1519	67	4.940788
1519	175	4.935723
1519	58	4.899764
1519	378	4.854072
1519	379	4.674706
1520	123	3.3658419
1520	286	3.0003114
1520	326	2.8635957
1520	384	2.8072824
1520	141	2.8004158
1520	945	2.6092813
1520	430	2.5617392
1520	1001	2.554874
1520	132	2.5532553
1520	58	2.5264866
1521	58	4.956657
1521	66	4.908383
1521	148	4.8350134
1521	48	4.7266383
1521	175	4.7250338
1521	286	4.4866853
1521	157	4.3581376
1521	36	4.3009396
1521	53	4.2961516
1521	68	4.2618256
1522	53	5.369435
1522	36	5.19664
1522	67	4.418521
1522	164	4.202611
1522	66	4.1547284
1522	71	4.144654
1522	139	4.1310263
1522	25	4.0512075
1522	74	4.009781
1522	175	3.912126
1523	194	3.3698776
1523	345	3.2078178
1523	292	3.1802235
1523	298	3.173766
1523	181	3.1487074
1523	359	3.063155
1523	226	3.042469
1523	123	3.0097795
1523	379	2.9803364
1523	175	2.9159079
1524	58	5.0719166
1524	175	4.515128
1524	10	4.457031
1524	163	4.3156676
1524	226	4.2270117
1524	168	4.177654
1524	345	4.1750374
1524	384	4.145451
1524	53	4.067217
1524	47	4.05339
1525	53	7.5662403
1525	66	6.9809775
1525	36	6.951671
1525	148	6.9185596
1525	68	6.7227774
1525	139	6.68196
1525	59	6.4384384
1525	157	6.3940425
1525	151	6.2418976
1525	25	6.113324
1526	1193	4.580829
1526	121	4.5419555
1526	119	4.496295
1526	1064	4.49021
1526	74	4.442484
1526	75	4.4313426
1526	15	4.1983085
1526	216	4.119493
1526	118	4.021666
1526	2	3.987826
1527	209	3.1630867
1527	408	2.8408055
1527	1533	2.5569232
1527	398	2.3933234
1527	118	2.3658051
1527	1188	2.363924
1527	1135	2.238262
1527	775	2.2092187
1527	452	2.1957436
1527	15	2.160761
1528	432	3.2103524
1528	177	3.1067088
1528	638	3.0976527
1528	53	2.8678977
1528	409	2.8030565
1528	738	2.7218528
1528	139	2.6889317
1528	417	2.6886027
1528	111	2.6106677
1528	8	2.600069
1529	36	6.6255693
1529	148	6.4354405
1529	59	6.258341
1529	48	5.5351467
1529	273	5.187903
1529	67	5.0755258
1529	225	4.8643985
1529	0	4.739728
1529	383	4.6401615
1529	64	4.6356916
1530	36	5.1130033
1530	286	4.3186526
1530	326	4.0006027
1530	123	3.9510787
1530	774	3.9283063
1530	269	3.908978
1530	256	3.7533875
1530	334	3.7338932
1530	62	3.6889813
1530	226	3.658173
1531	53	6.657276
1531	36	6.4863467
1531	66	6.3378825
1531	148	6.09317
1531	59	5.964766
1531	68	5.873661
1531	67	5.6559978
1531	139	5.6276164
1531	25	5.626695
1531	71	5.561441
1532	314	5.8293777
1532	298	4.817998
1532	53	4.2460027
1532	66	4.239336
1532	194	4.178599
1532	36	4.0064244
1532	292	3.9450188
1532	148	3.8580205
1532	909	3.8389332
1532	482	3.8241556
1533	1067	3.832189
1533	302	3.0104268
1533	714	2.996044
1533	484	2.9874067
1533	1292	2.9815698
1533	1392	2.9174638
1533	982	2.9108832
1533	231	2.9020455
1533	625	2.6059947
1533	1547	2.548968
1534	36	7.0216856
1534	59	6.616871
1534	66	5.8901553
1534	53	5.7547755
1534	148	5.7325726
1534	68	5.617266
1534	67	5.4952416
1534	139	5.3124256
1534	157	5.250723
1534	71	5.2349563
1535	1079	3.9043472
1535	1563	3.3932896
1535	874	3.163905
1535	1069	2.9426467
1535	1638	2.4649708
1535	189	2.4544358
1535	57	2.3182032
1535	1469	2.3007758
1535	1065	2.2721152
1535	1587	2.261741
1536	408	3.9428759
1536	414	3.8038623
1536	53	3.7198977
1536	66	3.441423
1536	129	3.388067
1536	74	3.3462195
1536	109	3.3258622
1536	68	3.319397
1536	216	3.2374141
1536	221	3.2291117
1537	163	3.6627698
1537	36	3.4771743
1537	226	3.4082093
1537	286	3.3263276
1537	123	3.3179533
1537	290	3.2761195
1537	175	3.192777
1537	168	3.0562847
1537	331	3.0376673
1537	111	3.0320935
1538	36	4.0955305
1538	139	3.8673143
1538	345	3.6177707
1538	83	3.4570487
1538	265	3.332896
1538	648	3.2963192
1538	53	3.2885153
1538	226	3.263185
1538	84	3.1967533
1538	10	3.1528149
1539	139	3.1258316
1539	175	3.0934422
1539	47	2.8667362
1539	36	2.8599324
1539	25	2.5493948
1539	71	2.5378618
1539	68	2.5337493
1539	67	2.4681714
1539	428	2.4555888
1539	195	2.4395206
1540	53	6.965412
1540	68	6.5156956
1540	148	6.476321
1540	66	6.376835
1540	139	6.041498
1540	36	5.860139
1540	59	5.8377266
1540	48	5.835854
1540	157	5.809162
1540	151	5.7813416
1541	1188	6.8924837
1541	209	6.8699594
1541	769	6.696785
1541	104	6.367704
1541	1135	6.3112993
1541	394	6.0401015
1541	98	5.8125405
1541	398	5.7554755
1541	612	5.5894384
1541	783	5.535122
1542	123	3.8947096
1542	164	3.4276166
1542	36	3.4180708
1542	74	3.4100997
1542	10	3.350446
1542	141	3.3491096
1542	345	3.2701256
1542	67	3.2359111
1542	149	3.1428862
1542	763	3.0356333
1543	59	6.0112524
1543	53	5.7891593
1543	66	5.694138
1543	67	5.6753087
1543	68	5.3735385
1543	148	5.323917
1543	256	5.1746984
1543	139	5.16097
1543	25	5.121103
1543	74	5.0072117
1544	104	4.1101565
1544	769	4.1005225
1544	98	4.0440397
1544	783	3.762581
1544	129	3.7213328
1544	612	3.67289
1544	453	3.539566
1544	775	3.4989414
1544	394	3.432911
1544	118	3.3307993
1545	36	7.658247
1545	53	6.7422557
1545	175	6.526299
1545	47	6.368939
1545	67	6.0480475
1545	59	5.8943634
1545	25	5.8722396
1545	68	5.7448707
1545	148	5.532829
1545	66	5.4281216
1546	25	5.1296434
1546	139	5.0669107
1546	71	5.041169
1546	67	4.9220657
1546	381	4.7422624
1546	103	4.601377
1546	47	4.5972147
1546	105	4.540646
1546	842	4.5125976
1546	74	4.4901013
1547	799	7.753229
1547	441	7.4956865
1547	444	6.9071293
1547	767	6.2596774
1547	34	5.612255
1547	792	3.8184853
1547	1356	3.2815711
1547	1618	3.2703214
1547	717	2.9459012
1547	1569	2.886585
1548	36	7.416986
1548	175	6.554999
1548	47	6.507745
1548	67	6.4976673
1548	139	6.2064877
1548	164	6.1546006
1548	25	6.1300406
1548	74	5.9522443
1548	68	5.832531
1548	66	5.783093
1549	9	3.1983452
1549	763	3.1412926
1549	734	2.9335055
1549	53	2.6854978
1549	306	2.6090481
1549	625	2.6076062
1549	182	2.5493784
1549	428	2.4932883
1549	835	2.4297435
1549	148	2.3952696
1550	53	7.7918577
1550	66	7.422832
1550	148	7.3730707
1550	36	7.2775416
1550	68	7.173815
1550	157	6.817083
1550	151	6.670853
1550	59	6.3562593
1550	47	6.2076974
1550	103	6.1785545
1551	74	3.2142913
1551	257	3.1969647
1551	75	3.1868303
1551	378	3.1301408
1551	58	3.1256685
1551	15	3.0373676
1551	298	3.0200622
1551	119	2.9590735
1551	314	2.9182148
1551	67	2.8913064
1552	181	6.7441144
1552	314	6.4747686
1552	909	6.3687506
1552	406	6.168941
1552	482	5.9149
1552	359	5.705576
1552	292	5.5240364
1552	317	5.210173
1552	298	4.652587
1552	1260	4.609938
1553	59	6.1086783
1553	53	6.0508757
1553	139	5.9294825
1553	48	5.5052767
1553	47	5.420961
1553	25	5.257312
1553	273	5.178903
1553	103	5.0701895
1553	71	4.826811
1553	72	4.685281
1554	36	5.6916785
1554	129	4.8915277
1554	15	4.8551016
1554	74	4.6533175
1554	59	4.4308743
1554	269	4.029059
1554	67	3.9928403
1554	47	3.9267433
1554	118	3.8637607
1554	43	3.8593912
1555	36	5.9469824
1555	59	4.91153
1555	139	4.838736
1555	53	4.819591
1555	67	4.696459
1555	47	4.5679984
1555	784	4.521507
1555	68	4.477512
1555	71	4.378478
1555	148	4.314204
1556	139	5.055117
1556	68	5.0108175
1556	71	4.6703606
1556	148	4.585069
1556	36	4.5809054
1556	381	4.5808687
1556	25	4.5263205
1556	59	4.437597
1556	47	4.382828
1556	157	4.3595567
1557	129	5.432933
1557	74	5.25782
1557	118	4.8751516
1557	216	4.693409
1557	257	4.6283474
1557	75	4.371432
1557	121	4.1869507
1557	21	4.1340957
1557	18	4.101147
1557	61	4.0013094
1558	36	6.7211576
1558	53	6.4100485
1558	59	6.2719297
1558	175	6.16692
1558	139	6.112928
1558	148	6.1014233
1558	66	6.05974
1558	68	5.8072233
1558	67	5.6699624
1558	47	5.5251794
1559	58	6.4572473
1559	66	5.707573
1559	123	5.5411615
1559	148	5.5196714
1559	59	5.4126444
1559	175	5.3887606
1559	163	5.319623
1559	139	5.302728
1559	48	5.02824
1559	68	5.02554
1560	579	4.4965405
1560	799	4.1239657
1560	447	4.0900745
1560	442	3.9782085
1560	439	3.9410741
1560	34	3.737006
1560	446	3.5785565
1560	767	3.4787726
1560	443	3.1280062
1560	438	2.8841877
1561	257	5.314166
1561	773	5.06248
1561	121	4.752052
1561	74	4.5644855
1561	117	4.44712
1561	194	4.398838
1561	2	4.391521
1561	22	4.307462
1561	10	4.276437
1561	785	4.2628746
1562	53	4.2754173
1562	66	4.0474977
1562	175	4.041876
1562	148	4.03752
1562	151	3.9142447
1562	139	3.8591888
1562	58	3.820535
1562	256	3.670753
1562	48	3.6456501
1562	157	3.6249545
1563	53	7.666754
1563	66	7.065934
1563	59	6.905515
1563	148	6.793667
1563	68	6.384188
1563	175	6.2297564
1563	139	6.1163654
1563	157	5.901719
1563	74	5.889372
1563	151	5.885365
1564	36	6.98163
1564	66	6.8841944
1564	148	6.818627
1564	59	6.505755
1564	157	6.2381067
1564	151	6.1927943
1564	103	5.706919
1564	71	5.553079
1564	0	5.314817
1564	273	5.2718625
1565	36	6.924363
1565	66	6.6743784
1565	148	6.4742346
1565	139	6.4655423
1565	68	6.422935
1565	175	6.025488
1565	157	5.9607854
1565	47	5.9325476
1565	151	5.9121337
1565	71	5.836046
1566	58	7.0573816
1566	36	5.505308
1566	123	5.1591797
1566	226	4.9693666
1566	379	4.9386826
1566	149	4.864541
1566	970	4.830191
1566	175	4.784151
1566	377	4.688815
1566	166	4.6552496
1567	175	5.175679
1567	139	5.119904
1567	74	5.102237
1567	66	4.954267
1567	67	4.941945
1567	148	4.782147
1567	59	4.6844015
1567	842	4.651309
1567	25	4.5709596
1567	164	4.5630555
1568	58	5.191298
1568	36	5.1774187
1568	286	5.0625315
1568	47	4.289816
1568	345	4.1917763
1568	53	4.1456456
1568	326	4.007873
1568	139	3.9365523
1568	256	3.9006958
1568	123	3.891103
1569	74	3.975409
1569	18	3.6172004
1569	432	3.3703644
1569	216	3.3304548
1569	8	3.325229
1569	53	3.237515
1569	915	3.2091959
1569	164	3.186087
1569	773	3.1543236
1569	908	3.1499605
1570	408	4.5010457
1570	769	4.4505353
1570	452	3.9838793
1570	104	3.8542416
1570	1188	3.6904984
1570	394	3.6130025
1570	15	3.6116285
1570	453	3.5856469
1570	118	3.5236664
1570	209	3.5154042
1571	123	5.340812
1571	58	5.0942874
1571	166	4.3277097
1571	171	3.7729795
1571	379	3.7513547
1571	334	3.623685
1571	141	3.5983524
1571	345	3.5765698
1571	132	3.5493147
1571	292	3.530452
1572	67	5.026181
1572	314	4.956219
1572	53	4.8608537
1572	175	4.7184067
1572	123	4.6421833
1572	164	4.612485
1572	10	4.5742884
1572	47	4.478623
1572	226	4.472208
1572	59	4.3857026
1573	286	5.457394
1573	123	5.0813212
1573	166	4.6611195
1573	326	4.5523663
1573	345	4.502776
1573	318	4.3941717
1573	226	4.223852
1573	377	4.2234187
1573	143	4.0740533
1573	163	3.8908715
1574	286	6.031133
1574	345	5.110664
1574	226	5.066854
1574	175	5.055143
1574	326	5.0324287
1574	163	4.8114076
1574	334	4.5967655
1574	148	4.5892453
1574	318	4.4821186
1574	283	4.4405394
1575	148	3.4911275
1575	66	3.3897552
1575	48	3.3449776
1575	53	3.1410792
1575	151	3.0881252
1575	466	3.0785155
1575	157	2.999525
1575	42	2.9885447
1575	103	2.9412386
1575	71	2.8057885
1576	329	2.675473
1576	1557	2.529248
1576	825	2.349646
1576	1098	2.2915921
1576	17	2.2890189
1576	899	1.991753
1576	763	1.9714904
1576	1072	1.8290298
1576	1064	1.8252144
1576	435	1.8182087
1577	368	3.7461245
1577	219	3.731206
1577	365	3.549309
1577	346	2.9984787
1577	822	2.7187543
1577	290	2.637517
1577	994	2.5968566
1577	314	2.5852497
1577	518	2.5004828
1577	286	2.4893262
1578	4	2.9517474
1578	252	2.1420567
1578	773	2.0594594
1578	116	1.9435923
1578	650	1.8919672
1578	323	1.8822597
1578	36	1.8783875
1578	1083	1.8475522
1578	10	1.778797
1578	40	1.732376
1579	36	6.7481813
1579	59	6.3096967
1579	175	6.176248
1579	139	6.1751385
1579	66	6.144482
1579	148	6.105756
1579	68	5.9444838
1579	47	5.8098807
1579	48	5.6600695
1579	58	5.6197453
1580	58	4.251433
1580	74	3.8242428
1580	226	3.5596566
1580	10	3.4617453
1580	286	3.4327083
1580	306	3.415703
1580	970	3.3892765
1580	175	3.3402948
1580	200	3.2930684
1580	148	3.2928014
1581	36	6.384424
1581	53	6.0191054
1581	59	5.771685
1581	139	5.696194
1581	148	5.5289335
1581	68	5.523313
1581	47	5.453369
1581	175	5.2346897
1581	25	5.181615
1581	157	5.03269
1582	769	8.349347
1582	408	8.084702
1582	452	7.4574475
1582	394	7.4482017
1582	783	7.4297686
1582	775	7.199583
1582	1188	7.1021028
1582	98	6.8766894
1582	118	6.6546326
1582	1135	6.5227547
1583	59	6.2903485
1583	129	5.9127593
1583	53	5.76185
1583	74	5.709193
1583	66	5.5779657
1583	25	5.3570504
1583	67	5.2871814
1583	256	5.2774353
1583	148	5.24592
1583	164	5.2015057
1584	408	6.5134
1584	452	6.2804885
1584	398	6.262065
1584	453	5.986142
1584	769	5.9683585
1584	1188	5.9597983
1584	612	5.7104154
1584	1135	5.6731725
1584	865	5.589057
1584	783	5.478561
1585	53	7.414741
1585	59	6.241222
1585	25	5.8555765
1585	68	5.8468637
1585	71	5.7819314
1585	74	5.732327
1585	103	5.6152096
1585	72	5.5517893
1585	139	5.53426
1585	842	5.4819565
1586	66	5.666416
1586	53	5.403219
1586	59	5.2847056
1586	148	5.1921124
1586	67	5.003525
1586	68	4.7837467
1586	25	4.760014
1586	157	4.7325516
1586	139	4.7226176
1586	151	4.552504
1587	579	4.642943
1587	442	4.050057
1587	447	4.0465503
1587	439	4.026841
1587	175	3.7767215
1587	446	3.6393957
1587	256	3.58935
1587	59	3.5828943
1587	163	3.5405502
1587	53	3.4598885
1588	579	3.1251054
1588	53	3.0586271
1588	129	3.0261605
1588	71	2.9570713
1588	555	2.9011405
1588	59	2.8684072
1588	221	2.764098
1588	0	2.6980624
1588	381	2.6277544
1588	68	2.5670075
1589	53	4.902922
1589	71	4.6283536
1589	103	4.4580765
1589	148	4.2416945
1589	381	4.201203
1589	66	4.1311364
1589	68	4.1051283
1589	157	3.9694088
1589	139	3.9377792
1589	719	3.852937
1590	148	6.288388
1590	139	5.8339987
1590	157	5.711562
1590	151	5.5549445
1590	59	5.3907423
1590	175	5.364582
1590	67	5.2894583
1590	48	5.2274
1590	25	5.1615868
1590	47	5.0007596
1591	36	3.96953
1591	59	3.5766075
1591	269	3.5716763
1591	47	3.5099406
1591	71	3.5027893
1591	25	3.1916232
1591	331	3.1754434
1591	53	3.1689596
1591	139	3.1677635
1591	365	3.1041458
1592	318	4.1257725
1592	58	4.089951
1592	139	3.7343829
1592	142	3.569524
1592	232	3.4985123
1592	48	3.3905728
1592	94	3.2600193
1592	373	3.2035534
1592	148	3.1518638
1592	157	3.133864
1593	769	5.401942
1593	453	4.75535
1593	408	4.708633
1593	1188	4.5994396
1593	452	4.3642716
1593	104	4.3524795
1593	783	4.060583
1593	612	3.9745007
1593	775	3.9019573
1593	398	3.7967412
1594	1392	6.7543397
1594	982	6.0052323
1594	1570	5.2675605
1594	1626	5.0917034
1594	302	4.993324
1594	1143	4.958361
1594	1339	4.6777096
1594	429	4.1787753
1594	668	4.058879
1594	231	3.7808976
1595	148	6.7247915
1595	68	6.1864796
1595	53	6.1622825
1595	157	6.125766
1595	139	5.493495
1595	48	5.3962903
1595	36	5.322844
1595	71	5.1424623
1595	381	4.966117
1595	225	4.793274
1596	714	7.5361795
1596	1547	6.0702143
1596	1143	5.278097
1596	1570	5.132446
1596	302	5.130097
1596	1339	4.8771863
1596	1626	4.804426
1596	668	4.01207
1596	429	3.872519
1596	836	3.7981203
1597	53	7.2129273
1597	139	6.370921
1597	157	6.299923
1597	36	6.113658
1597	103	5.832821
1597	48	5.6605883
1597	71	5.645044
1597	59	5.5399456
1597	25	5.455402
1597	47	5.3387847
1598	104	3.8017814
1598	408	3.2183173
1598	769	3.1538696
1598	204	3.0969896
1598	453	2.8004868
1598	118	2.7710364
1598	783	2.7236094
1598	452	2.6844466
1598	15	2.6653645
1598	1188	2.6240644
1599	36	6.4068456
1599	139	6.374659
1599	68	6.036036
1599	53	5.636234
1599	59	5.392524
1599	48	5.1096783
1599	175	5.045535
1599	47	5.0200095
1599	71	4.8833427
1599	25	4.7149386
1600	104	7.3769717
1600	769	6.956822
1600	408	6.766889
1600	453	6.535574
1600	452	6.517997
1600	783	6.4416356
1600	612	6.2596617
1600	1188	6.2434564
1600	775	6.0528903
1600	209	5.777898
1601	36	5.9111443
1601	148	5.89981
1601	59	5.4793415
1601	68	5.378465
1601	129	5.2729607
1601	71	5.2677035
1601	151	5.2366443
1601	157	5.2002788
1601	103	5.1767225
1601	67	5.0667953
1602	326	3.7543347
1602	58	3.6345491
1602	895	3.5821517
1602	286	3.459745
1602	463	3.3704643
1602	73	3.3246844
1602	298	2.9935613
1602	142	2.8892617
1602	123	2.8308337
1602	314	2.825574
1603	53	5.7640066
1603	74	5.29107
1603	36	5.0337653
1603	67	4.6047735
1603	164	4.495449
1603	221	4.4861817
1603	59	4.4267507
1603	414	4.304831
1603	129	4.2132764
1603	25	4.1943707
1604	53	5.91091
1604	58	5.5845895
1604	47	5.5475006
1604	66	5.5329766
1604	148	5.46293
1604	67	5.354852
1604	123	5.254658
1604	345	5.1697583
1604	68	5.097631
1604	226	5.0755563
1605	36	5.6214457
1605	175	4.5791
1605	139	4.5509195
1605	59	4.4372125
1605	53	4.422117
1605	47	4.4208493
1605	286	4.356403
1605	58	4.306651
1605	67	4.214602
1605	25	4.104421
1606	36	5.9370227
1606	58	5.3110614
1606	10	5.0655217
1606	67	5.0176487
1606	74	5.0133266
1606	164	4.9967647
1606	175	4.912568
1606	345	4.8986936
1606	166	4.8314934
1606	53	4.637371
1607	53	6.138747
1607	103	5.0483856
1607	71	5.0305924
1607	157	4.92258
1607	68	4.849218
1607	381	4.628847
1607	139	4.460238
1607	72	4.1265235
1607	25	4.1200604
1607	36	3.9766774
1608	58	4.7452197
1608	345	3.665697
1608	226	3.5792696
1608	163	3.459625
1608	286	3.3638325
1608	36	3.3483586
1608	326	3.284575
1608	384	3.2270331
1608	166	3.1560562
1608	141	3.1509967
1609	466	6.6121607
1609	456	6.244848
1609	459	5.441684
1609	455	4.7763505
1609	461	4.3301554
1609	66	3.9262214
1609	148	3.5713985
1609	36	3.2269516
1609	151	3.0418332
1609	48	2.8443763
1610	365	6.735057
1610	822	5.4158463
1610	507	3.3823519
1610	681	3.3278816
1610	872	3.1110198
1610	201	2.9695349
1610	468	2.721115
1610	290	2.6595767
1610	32	2.5666304
1610	357	2.562963
1611	53	7.4488525
1611	36	6.588303
1611	148	6.0293407
1611	139	6.0144825
1611	71	5.772984
1611	68	5.6802573
1611	25	5.665785
1611	59	5.6512938
1611	157	5.55869
1611	67	5.452924
1612	53	4.8888717
1612	216	4.316015
1612	67	4.2643986
1612	36	4.144764
1612	74	3.896937
1612	164	3.7710946
1612	119	3.755785
1612	72	3.6404006
1612	71	3.5996826
1612	25	3.5654192
1613	58	6.1991687
1613	123	5.8265715
1613	345	4.615406
1613	166	4.500695
1613	286	4.475852
1613	36	4.409249
1613	163	4.203534
1613	149	4.1814733
1613	379	4.1591663
1613	249	4.0732546
1614	36	6.333095
1614	175	5.418471
1614	67	5.2042294
1614	59	5.1851416
1614	164	4.9333615
1614	139	4.8330903
1614	66	4.732767
1614	10	4.5410414
1614	842	4.516698
1614	64	4.516237
1615	129	5.847146
1615	21	5.540278
1615	74	5.37451
1615	769	5.2918067
1615	121	5.0507817
1615	75	4.9902444
1615	216	4.8287354
1615	2	4.797864
1615	137	4.6954393
1615	104	4.6879115
1616	36	5.9322395
1616	59	5.5149174
1616	67	5.0532613
1616	129	5.012612
1616	53	5.0073276
1616	74	4.995413
1616	256	4.850395
1616	269	4.710743
1616	47	4.5837693
1616	784	4.4834976
1617	36	6.550098
1617	68	6.30598
1617	151	6.12978
1617	139	6.023827
1617	59	5.8621407
1617	103	5.7641726
1617	25	5.559641
1617	71	5.530365
1617	48	5.3433604
1617	67	5.3298006
1618	148	7.2870827
1618	151	6.651574
1618	53	6.623034
1618	139	6.126024
1618	36	5.8831124
1618	48	5.7431407
1618	71	5.5681753
1618	381	5.2676525
1618	225	5.1904263
1618	25	5.0931582
1619	53	9.770408
1619	148	8.584607
1619	71	7.741886
1619	36	7.5886345
1619	59	7.5268393
1619	48	7.4028373
1619	381	7.3259807
1619	25	7.2495155
1619	105	6.206922
1619	221	6.014754
1620	36	8.281492
1620	59	7.0882907
1620	58	6.8634663
1620	66	6.3380165
1620	148	6.3169827
1620	163	6.2425437
1620	25	6.130844
1620	68	6.127852
1620	286	5.869479
1620	164	5.821979
1621	53	5.34043
1621	36	5.2762904
1621	67	5.216216
1621	71	4.7806883
1621	59	4.771283
1621	148	4.70551
1621	175	4.7040696
1621	273	4.619392
1621	129	4.606903
1621	72	4.5330396
1622	769	6.607714
1622	408	6.1173706
1622	783	5.83769
1622	15	5.4414377
1622	98	5.4288616
1622	775	5.410322
1622	453	5.269878
1622	398	5.0260115
1622	452	5.0198154
1622	422	4.957134
1623	66	7.598147
1623	148	7.4920483
1623	139	6.960211
1623	157	6.949903
1623	151	6.8172503
1623	36	6.3670597
1623	48	6.365764
1623	71	6.3385415
1623	381	6.0774736
1623	25	6.007936
1624	121	5.6402197
1624	53	5.5249166
1624	36	5.5087137
1624	164	5.3959765
1624	75	5.2319007
1624	129	5.009918
1624	67	4.9959526
1624	842	4.9568233
1624	15	4.9201903
1624	119	4.8526564
1625	394	9.008363
1625	769	8.957501
1625	1135	8.597493
1625	98	7.5882893
1625	1533	6.5315394
1625	940	6.190522
1625	884	6.117005
1625	118	6.079437
1625	885	5.943295
1625	1520	5.845018
1626	36	4.7672334
1626	53	4.3755207
1626	67	4.085469
1626	226	3.9487712
1626	148	3.931787
1626	139	3.902052
1626	66	3.8986487
1626	59	3.869938
1626	175	3.822444
1626	10	3.8056738
1627	15	5.0516014
1627	769	4.6905775
1627	118	4.646282
1627	21	4.53658
1627	104	4.4444265
1627	422	4.425857
1627	775	4.418378
1627	257	4.320512
1627	783	4.2453294
1627	11	4.031779
1628	445	4.023513
1628	440	3.7394195
1628	31	3.6267498
1628	799	3.4969127
1628	579	3.2856376
1628	443	2.7311645
1628	438	2.5044744
1628	625	2.502206
1628	792	2.4988434
1628	1356	2.2692103
1629	257	5.829929
1629	74	4.9362836
1629	15	4.894809
1629	121	4.447977
1629	118	4.346288
1629	125	4.284757
1629	21	4.1083097
1629	61	3.9580576
1629	129	3.9015079
1629	216	3.703365
1630	36	7.11164
1630	175	6.257724
1630	139	6.12118
1630	47	5.986244
1630	66	5.9512568
1630	148	5.7861724
1630	25	5.703748
1630	68	5.5196915
1630	67	5.4885654
1630	71	5.474282
1631	53	7.9136167
1631	66	7.000236
1631	68	6.6542716
1631	139	6.4829235
1631	36	6.4518533
1631	157	6.3349466
1631	151	6.2553687
1631	71	5.991739
1631	103	5.938723
1631	48	5.8523073
1632	175	5.7932444
1632	123	5.7226324
1632	59	5.6529603
1632	163	5.586251
1632	286	5.437248
1632	47	5.193417
1632	166	5.058282
1632	139	4.9762464
1632	164	4.9542117
1632	74	4.8963943
1633	53	4.9528365
1633	47	4.691361
1633	66	4.5726237
1633	25	4.5517135
1633	129	4.503069
1633	139	4.4370418
1633	148	4.43336
1633	74	4.3749695
1633	256	4.3607683
1633	67	4.3277283
1634	36	6.7083735
1634	59	6.365421
1634	66	6.243835
1634	256	6.241425
1634	148	6.235393
1634	53	6.0107026
1634	68	5.9780955
1634	67	5.904645
1634	129	5.69158
1634	463	5.6558995
1635	66	4.706228
1635	148	4.265678
1635	157	4.137653
1635	68	4.1074667
1635	151	4.067907
1635	139	3.741946
1635	53	3.644345
1635	48	3.553965
1635	225	3.2929785
1635	71	3.1021285
1636	257	4.0499372
1636	74	3.8688614
1636	18	3.7701912
1636	119	3.654202
1636	10	3.6479425
1636	53	3.5658991
1636	164	3.5162764
1636	773	3.481253
1636	216	3.3484008
1636	8	3.3214781
1637	148	7.4506226
1637	66	7.4007063
1637	68	7.180239
1637	36	5.913371
1637	25	5.646268
1637	59	5.638612
1637	225	5.601185
1637	42	5.5359383
1637	0	5.525809
1637	72	5.5222282
1638	58	4.088903
1638	175	3.8825943
1638	166	3.8161814
1638	123	3.8052561
1638	149	3.5552824
1638	344	3.5236087
1638	306	3.4518049
1638	226	3.4326065
1638	345	3.4298146
1638	163	3.4039788
1639	257	3.4646869
1639	2	3.25069
1639	181	3.0742757
1639	908	3.060474
1639	10	3.0525928
1639	119	2.9760592
1639	432	2.9029717
1639	12	2.8339508
1639	785	2.7639475
1639	111	2.7298014
1640	53	6.47844
1640	36	6.4344044
1640	139	6.369309
1640	148	5.939097
1640	47	5.8224483
1640	66	5.7186704
1640	157	5.3456893
1640	151	5.3375416
1640	59	5.2679543
1640	175	5.217377
1641	58	4.7705836
1641	379	4.0218987
1641	36	3.8238032
1641	123	3.7854838
1641	166	3.714426
1641	168	3.6809902
1641	43	3.575094
1641	23	3.471325
1641	175	3.438459
1641	10	3.396851
1642	226	4.646811
1642	115	4.3970594
1642	58	4.3126516
1642	168	4.2992916
1642	286	4.019986
1642	175	3.9772172
1642	132	3.907105
1642	345	3.8725576
1642	123	3.8586392
1642	162	3.7226405
1643	58	6.857323
1643	36	6.4487343
1643	123	5.6745768
1643	59	5.658463
1643	175	5.4035234
1643	226	5.358057
1643	163	5.1652255
1643	66	4.8953648
1643	47	4.8090506
1643	139	4.7172885
1644	74	5.4896884
1644	769	5.1508813
1644	21	4.7635026
1644	1193	4.756005
1644	773	4.6753707
1644	257	4.6565905
1644	53	4.647528
1644	216	4.5601206
1644	36	4.4350333
1644	125	4.3627124
1645	194	2.7722342
1645	23	2.316579
1645	1137	2.2470138
1645	406	2.2005165
1645	738	2.1974816
1645	909	2.0185444
1645	785	1.9716058
1645	400	1.9466678
1645	1516	1.9276742
1645	343	1.8624132
1646	36	5.624949
1646	256	5.3660884
1646	66	5.3297377
1646	59	5.2594776
1646	148	4.89368
1646	68	4.715301
1646	151	4.521675
1646	62	4.463989
1646	157	4.456674
1646	67	4.4274745
1647	36	7.979982
1647	53	7.682613
1647	59	7.0824633
1647	47	6.8659625
1647	66	6.6168895
1647	68	6.5463142
1647	148	6.545466
1647	25	6.352995
1647	67	6.1797457
1647	157	6.0185733
1648	286	4.046537
1648	377	3.5925932
1648	345	3.387304
1648	123	3.263476
1648	94	3.2088232
1648	318	3.187999
1648	142	3.1076188
1648	166	3.1022003
1648	384	3.0977328
1648	326	3.0369
1649	104	5.3524995
1649	1188	5.309374
1649	453	5.1222568
1649	15	5.0885625
1649	118	5.0454473
1649	408	4.9602747
1649	452	4.957774
1649	783	4.916058
1649	398	4.860888
1649	775	4.8507414
1650	53	6.4430103
1650	66	6.1419144
1650	36	6.1110883
1650	139	5.681825
1650	157	5.4136515
1650	59	5.2401676
1650	151	5.158206
1650	25	5.062877
1650	48	5.013764
1650	47	4.980891
1651	391	2.4662998
1651	620	2.4586308
1651	964	2.3507493
1651	1590	1.985895
1651	1563	1.7847902
1651	899	1.7744482
1651	529	1.7252997
1651	1518	1.7103369
1651	2	1.7084305
1651	331	1.6996182
1652	36	7.3474917
1652	59	6.6615486
1652	47	6.4501
1652	139	6.3709965
1652	25	6.279646
1652	67	6.2061276
1652	164	5.978333
1652	148	5.9667306
1652	66	5.954531
1652	68	5.7932115
1653	123	5.3730845
1653	286	5.244883
1653	345	4.961187
1653	226	4.8958855
1653	175	4.5042925
1653	326	4.5025835
1653	59	4.4914017
1653	166	4.465787
1653	379	4.4155154
1653	163	4.404598
1654	432	4.162635
1654	908	4.1541467
1654	257	4.0725417
1654	74	3.8012908
1654	18	3.7845466
1654	915	3.7768154
1654	10	3.6898375
1654	12	3.4939487
1654	2	3.4101431
1654	75	3.3396304
1655	59	5.518595
1655	53	5.3299403
1655	175	5.244236
1655	66	5.055002
1655	67	4.8892374
1655	256	4.8174906
1655	148	4.714043
1655	25	4.710987
1655	68	4.663241
1655	139	4.612387
1656	36	7.747374
1656	66	7.162715
1656	53	7.0343127
1656	148	6.8807445
1656	68	6.6735606
1656	175	6.5705237
1656	157	6.221457
1656	47	6.216439
1656	151	6.111917
1656	25	5.8807883
1657	257	2.6175678
1657	10	2.5782235
1657	344	2.5718465
1657	331	2.4965873
1657	117	2.4772356
1657	74	2.4239364
1657	53	2.3143713
1657	8	2.3065622
1657	905	2.2539284
1657	306	2.2318017
1658	36	5.9076056
1658	59	4.853827
1658	129	4.7186522
1658	74	4.636285
1658	123	4.307712
1658	58	4.215637
1658	163	4.0403676
1658	769	4.025825
1658	61	4.0196376
1658	256	3.9743664
1659	66	4.382706
1659	175	3.9829817
1659	139	3.9495716
1659	164	3.7336073
1659	71	3.7213092
1659	25	3.7102325
1659	48	3.5195472
1659	842	3.497875
1659	47	3.4593182
1659	151	3.4126487
1660	408	5.1891313
1660	209	4.8990903
1660	452	4.885353
1660	1188	4.485529
1660	769	4.4753966
1660	104	4.3054647
1660	1135	4.249335
1660	453	4.2108293
1660	398	3.9457157
1660	775	3.944088
1661	36	5.301422
1661	53	5.219234
1661	74	4.981432
1661	164	4.7431045
1661	175	4.661677
1661	47	4.494028
1661	10	4.485767
1661	25	4.2440467
1661	139	4.2381835
1661	123	4.2271013
1662	36	4.858295
1662	379	4.6260867
1662	94	4.4529634
1662	149	4.266634
1662	226	4.247851
1662	123	4.225505
1662	47	4.1934905
1662	175	4.1502504
1662	10	4.1501946
1662	286	3.9671867
1663	53	5.031792
1663	74	4.8780017
1663	36	4.8220525
1663	67	4.397579
1663	47	4.256625
1663	200	4.152186
1663	164	4.066533
1663	842	3.8962975
1663	175	3.849612
1663	25	3.826173
1664	123	4.5672717
1664	58	3.2429883
1664	286	3.1469061
1664	1113	2.8085418
1664	163	2.587675
1664	111	2.5479503
1664	226	2.503737
1664	371	2.5004635
1664	142	2.4958487
1664	690	2.4912932
1665	74	4.268316
1665	257	4.0882974
1665	119	3.6378195
1665	10	3.6041615
1665	2	3.5565002
1665	306	3.5295532
1665	344	3.479757
1665	137	3.328168
1665	378	3.2692788
1665	13	3.2132843
1666	53	7.9305344
1666	36	7.411842
1666	148	7.0696115
1666	66	7.055544
1666	59	6.6139536
1666	157	6.5171757
1666	175	6.437908
1666	25	6.346532
1666	71	6.275129
1666	47	6.2713203
1667	66	7.824822
1667	148	7.699483
1667	71	7.1886754
1667	157	7.17424
1667	25	6.9989038
1667	47	6.971928
1667	151	6.905754
1667	67	6.7261467
1667	381	6.6277466
1667	48	6.5832496
1668	66	4.3082643
1668	36	3.9795628
1668	151	3.5374653
1668	256	3.4492755
1668	68	3.3415208
1668	157	3.311563
1668	103	3.310806
1668	774	3.3069892
1668	62	3.1687212
1668	194	3.1022375
1669	384	3.9524834
1669	123	3.1618493
1669	334	3.052496
1669	43	2.9261513
1669	94	2.8619926
1669	226	2.7560086
1669	286	2.7472272
1669	326	2.746401
1669	166	2.6566615
1669	290	2.6295822
1670	66	6.1930685
1670	148	6.177459
1670	53	6.0341725
1670	59	5.880395
1670	71	5.6980295
1670	67	5.670402
1670	157	5.6202183
1670	25	5.5277534
1670	175	5.481594
1670	273	5.4624357
1671	1547	6.9222445
1671	982	6.5597367
1671	1143	5.552332
1671	302	5.502245
1671	1626	5.4622536
1671	1339	4.983184
1671	429	4.4812574
1671	836	4.378091
1671	1291	4.3393817
1671	668	4.3254585
1672	36	7.532983
1672	59	7.190069
1672	53	7.0853333
1672	66	6.705237
1672	175	6.698827
1672	148	6.6490602
1672	139	6.4957266
1672	286	6.3211966
1672	47	6.2153897
1672	68	6.1344376
1673	36	7.1950035
1673	148	6.334724
1673	53	6.3183265
1673	66	6.0576477
1673	139	6.006091
1673	47	5.7446613
1673	59	5.719605
1673	157	5.6366673
1673	175	5.619862
1673	67	5.4703984
1674	889	4.191942
1674	269	3.264877
1674	1079	2.6233566
1674	769	2.4210615
1674	104	2.2844086
1674	775	2.2488108
1674	1485	2.2330868
1674	612	2.2239256
1674	394	2.2086215
1674	981	2.135202
1675	648	3.7515543
1675	47	3.178351
1675	989	3.1097538
1675	162	3.0524726
1675	265	2.994058
1675	226	2.9670694
1675	168	2.943116
1675	483	2.923153
1675	252	2.9100628
1675	74	2.855568
1676	53	7.3414783
1676	36	7.0770426
1676	59	6.656739
1676	66	6.4886317
1676	139	6.441356
1676	148	6.337752
1676	68	6.27543
1676	67	5.9526854
1676	25	5.903774
1676	157	5.8941417
1677	1571	3.7864811
1677	143	3.2709703
1677	1323	2.6420693
1677	581	2.462405
1677	229	2.4516094
1677	1051	2.3678172
1677	1036	2.3165596
1677	1572	2.3052511
1677	1032	2.2977433
1677	1359	2.2941825
1678	36	6.8278537
1678	139	6.449743
1678	66	6.3406863
1678	53	6.259826
1678	148	6.240469
1678	59	6.1114025
1678	175	6.0924773
1678	68	5.980664
1678	47	5.9643216
1678	48	5.7436256
1679	36	5.034595
1679	53	5.0147552
1679	139	4.6892133
1679	175	4.354253
1679	59	4.029318
1679	47	4.023324
1679	66	3.9343932
1679	148	3.8683848
1679	25	3.8275697
1679	68	3.7428987
1680	67	7.2495575
1680	175	7.0377607
1680	47	6.8613615
1680	74	6.632087
1680	108	6.2165008
1680	256	6.078039
1680	72	5.7948265
1680	157	5.737091
1680	216	5.7065926
1680	48	5.576527
1681	36	3.9344685
1681	53	3.9144552
1681	74	3.712309
1681	67	3.6135929
1681	226	3.5561461
1681	149	3.5103784
1681	66	3.4976048
1681	164	3.3796756
1681	148	3.3652697
1681	59	3.3277328
1682	1135	7.948701
1682	209	7.9168115
1682	775	7.7415423
1682	783	7.484233
1682	865	7.296809
1682	769	7.219383
1682	422	7.1650753
1682	134	7.100625
1682	98	6.311572
1682	1533	6.033825
1683	194	5.5266547
1683	314	4.6396713
1683	181	4.2427044
1683	209	4.1338706
1683	769	4.0661025
1683	298	3.889537
1683	74	3.8884552
1683	15	3.7919827
1683	909	3.7127073
1683	36	3.6411529
1684	339	4.758339
1684	970	4.2582393
1684	36	3.9514344
1684	344	3.9428797
1684	58	3.6960378
1684	1023	3.6938834
1684	306	3.6776354
1684	74	3.2926226
1684	149	3.2413902
1684	198	3.1387205
1685	852	3.198531
1685	634	2.7807415
1685	1288	2.7256587
1685	183	2.7135513
1685	1260	2.5101278
1685	1291	2.4439514
1685	1461	2.4264038
1685	1533	2.280722
1685	958	2.1885262
1685	180	2.1675243
1686	66	5.2752237
1686	36	5.2588253
1686	59	5.1550827
1686	463	5.061566
1686	148	4.7730746
1686	68	4.37361
1686	474	4.3667564
1686	256	4.281232
1686	151	4.245593
1686	48	4.21954
1687	445	5.6122117
1687	31	5.3500156
1687	579	5.1230807
1687	799	5.0241957
1687	447	4.9781294
1687	444	4.9107304
1687	439	4.8265977
1687	442	4.8154707
1687	34	4.536175
1687	446	4.347655
1688	53	6.0372624
1688	59	5.704182
1688	74	5.6685915
1688	47	5.5127635
1688	175	5.444264
1688	139	5.356879
1688	25	5.2965174
1688	71	5.1793075
1688	108	5.054044
1688	68	5.009818
1689	36	5.1228337
1689	58	4.3926716
1689	59	4.377103
1689	256	3.9688938
1689	286	3.9523857
1689	67	3.7506492
1689	123	3.6937947
1689	74	3.6769578
1689	194	3.674665
1689	226	3.6677246
1690	704	2.5378077
1690	1219	2.3346527
1690	937	2.308042
1690	360	2.2253075
1690	280	2.1978593
1690	201	2.1322057
1690	139	2.0875828
1690	111	1.9887487
1690	449	1.9567994
1690	83	1.9104528
1691	286	5.6386337
1691	58	5.543423
1691	143	4.4482055
1691	142	4.3498116
1691	334	4.3103166
1691	326	4.246066
1691	283	4.178552
1691	123	3.9259393
1691	345	3.6884108
1691	803	3.6226945
1692	58	6.1119604
1692	286	4.7851524
1692	384	4.704352
1692	166	4.58601
1692	123	4.559258
1692	36	4.533191
1692	334	4.2774296
1692	318	4.257126
1692	143	4.206859
1692	377	4.198041
1693	53	7.1977234
1693	36	6.0224
1693	139	5.6837153
1693	68	5.610089
1693	25	5.5058594
1693	71	5.4943905
1693	47	5.3829618
1693	67	5.2842474
1693	381	5.1830835
1693	72	5.034408
1694	10	3.922586
1694	74	3.9174657
1694	123	3.5138783
1694	36	3.4912279
1694	280	3.3759828
1694	345	3.301325
1694	149	3.27076
1694	175	3.2605243
1694	100	3.1176672
1694	166	3.0830173
1695	36	5.968867
1695	71	5.888066
1695	59	5.8435955
1695	139	5.8137317
1695	67	5.75618
1695	68	5.7120643
1695	381	5.631924
1695	148	5.608025
1695	66	5.6041174
1695	72	5.5817847
1696	53	7.867318
1696	68	6.9535174
1696	139	6.649555
1696	36	6.6373186
1696	103	6.271926
1696	48	5.977178
1696	25	5.9183936
1696	67	5.802664
1696	381	5.7993107
1696	175	5.606101
1697	59	4.7134013
1697	66	4.6270943
1697	68	4.190159
1697	53	4.121979
1697	256	4.0425754
1697	129	3.950523
1697	157	3.8948407
1697	225	3.8209724
1697	67	3.7732294
1697	139	3.7705026
1698	53	5.6694593
1698	66	5.0189342
1698	36	4.9093575
1698	148	4.7819276
1698	175	4.4983025
1698	139	4.3856616
1698	157	4.3534803
1698	67	4.332114
1698	25	4.2851434
1698	68	4.2415767
1699	36	6.005863
1699	58	5.5209684
1699	123	5.3686185
1699	226	4.7073464
1699	286	4.5842338
1699	175	4.5734296
1699	139	4.565779
1699	163	4.3865867
1699	59	4.3736987
1699	10	4.350018
1700	286	3.8174658
1700	377	3.4728172
1700	379	3.317278
1700	318	3.2304285
1700	142	3.1343656
1700	345	3.0480156
1700	94	2.9380455
1700	774	2.8022218
1700	283	2.7107587
1700	279	2.6948526
1701	129	5.4486613
1701	257	5.225217
1701	74	5.0688376
1701	118	5.0641494
1701	59	4.7703433
1701	216	4.7477345
1701	769	4.6982555
1701	36	4.5571475
1701	119	4.5080905
1701	21	4.507628
1702	53	8.332941
1702	66	8.227824
1702	148	8.065782
1702	36	7.7799783
1702	68	7.6804366
1702	139	7.5386543
1702	157	7.313558
1702	151	7.2246113
1702	48	6.926114
1702	103	6.7987075
1703	457	6.4510336
1703	455	5.7310076
1703	66	3.0353513
1703	462	2.9767537
1703	1194	2.8667717
1703	1604	2.5641155
1703	1578	2.553606
1703	348	2.4607525
1703	48	2.4423387
1703	148	2.4382727
1704	18	4.1618977
1704	432	3.6337636
1704	53	3.5497062
1704	915	3.0250921
1704	105	2.9348269
1704	908	2.9036644
1704	194	2.7909648
1704	17	2.596978
1704	463	2.5917473
1704	362	2.5553122
1705	148	7.538492
1705	53	7.2412133
1705	103	6.4035206
1705	36	6.0427427
1705	71	5.907656
1705	225	5.374643
1705	59	5.3587837
1705	42	5.3559275
1705	25	5.326025
1705	0	5.1871243
1706	286	5.0510316
1706	123	4.93314
1706	326	4.5718374
1706	142	4.418999
1706	175	4.2840147
1706	345	4.2562227
1706	318	4.1344295
1706	343	4.092442
1706	226	3.9950922
1706	163	3.9692662
1707	66	7.992299
1707	68	7.612288
1707	103	6.7962427
1707	59	6.7242436
1707	25	6.5012145
1707	47	6.2503037
1707	72	6.191123
1707	273	6.1260834
1707	719	6.004852
1707	175	5.9955926
1708	129	3.751306
1708	26	3.509324
1708	221	3.338051
1708	53	3.3198113
1708	108	3.267878
1708	256	3.1705463
1708	71	3.0949543
1708	67	3.0768614
1708	74	2.912386
1708	59	2.8964756
1709	58	5.0195575
1709	148	4.981344
1709	36	4.7353125
1709	48	4.6420226
1709	151	4.2665324
1709	175	4.209507
1709	53	4.167406
1709	326	4.1412416
1709	59	4.10526
1709	157	4.0978966
1710	1343	2.8657095
1710	177	2.410834
1710	75	2.2522607
1710	18	2.1344182
1710	719	2.082222
1710	2	2.0794482
1710	384	2.0486188
1710	432	1.994956
1710	257	1.9747373
1710	121	1.973434
1711	36	5.372296
1711	74	4.6202903
1711	67	4.35467
1711	53	4.2872534
1711	23	4.2198906
1711	257	4.168725
1711	269	4.087172
1711	108	4.054415
1711	164	4.002478
1711	842	3.9704773
1712	36	6.972549
1712	139	6.651702
1712	66	6.484127
1712	148	6.435002
1712	68	6.413075
1712	59	6.2886596
1712	47	6.0485964
1712	157	5.862225
1712	67	5.8033943
1712	71	5.760296
1713	36	6.5796394
1713	59	5.573345
1713	66	5.531083
1713	53	5.2956142
1713	148	5.289992
1713	139	5.0904512
1713	67	5.073642
1713	175	4.9036317
1713	164	4.786565
1713	68	4.746542
1714	66	7.377733
1714	68	6.903168
1714	139	6.671993
1714	157	6.6539474
1714	151	6.505773
1714	36	6.456692
1714	59	6.096456
1714	48	6.092774
1714	71	5.926739
1714	25	5.6953015
1715	286	3.7360532
1715	123	3.6265788
1715	36	3.5403972
1715	58	3.529449
1715	345	3.522896
1715	314	3.3791783
1715	283	3.3686876
1715	298	3.241025
1715	318	3.0185618
1715	10	2.9436831
1716	36	7.416214
1716	53	6.7335014
1716	47	6.2130613
1716	139	6.1702313
1716	67	5.6323986
1716	164	5.5879908
1716	25	5.544358
1716	66	5.511798
1716	58	5.48569
1716	68	5.4153395
1717	36	4.719461
1717	58	4.570518
1717	48	4.541567
1717	175	4.4632072
1717	139	4.436146
1717	286	4.4254236
1717	163	4.275201
1717	47	4.2383013
1717	66	4.2264085
1717	148	4.223748
1718	36	3.3661811
1718	175	3.0931756
1718	163	2.9093482
1718	53	2.6969736
1718	139	2.5845916
1718	648	2.5816686
1718	67	2.5234869
1718	164	2.5066533
1718	149	2.4796865
1718	43	2.4758997
1719	36	4.440814
1719	15	4.37867
1719	59	3.9855053
1719	129	3.9249372
1719	66	3.7368927
1719	256	3.6597543
1719	148	3.5324948
1719	53	3.5121315
1719	54	3.4393537
1719	226	3.434031
1720	36	7.078271
1720	53	6.765861
1720	59	6.185485
1720	139	5.9176145
1720	25	5.731469
1720	226	5.699582
1720	66	5.6943784
1720	148	5.6605463
1720	47	5.5683494
1720	68	5.4665647
1721	53	5.4937625
1721	36	5.2311296
1721	164	4.553633
1721	47	4.513601
1721	139	4.4140835
1721	10	4.4124355
1721	25	4.3394427
1721	67	4.166315
1721	74	3.9486663
1721	18	3.7585204
1722	53	9.471454
1722	66	8.252484
1722	148	8.216732
1722	68	8.160941
1722	157	7.7256455
1722	71	7.5525517
1722	25	7.248653
1722	48	7.1676755
1722	103	7.0814443
1722	72	6.6676874
1723	194	4.662382
1723	257	4.3527975
1723	119	4.3118033
1723	149	4.063788
1723	74	3.9774518
1723	10	3.7211552
1723	908	3.5549257
1723	181	3.5046217
1723	1193	3.3526146
1723	298	3.3498752
1724	36	6.506862
1724	59	5.662194
1724	67	5.232028
1724	74	5.1817765
1724	25	5.0294805
1724	164	4.9104633
1724	148	4.8501673
1724	139	4.839505
1724	47	4.832285
1724	129	4.780824
1725	58	6.670917
1725	326	5.966953
1725	318	5.346378
1725	226	5.2835712
1725	123	5.20003
1725	36	5.1592097
1725	334	4.8902745
1725	163	4.79619
1725	94	4.594413
1725	290	4.5845146
1726	1561	6.3520885
1726	1577	6.1100116
1726	1197	5.6654253
1726	1088	5.6234508
1726	1096	5.2626276
1726	236	4.737834
1726	167	4.605884
1726	1479	4.541292
1726	958	4.3514853
1726	1474	4.3279243
1727	1188	6.499846
1727	769	6.164793
1727	1135	5.997943
1727	398	5.9450502
1727	98	5.8850894
1727	783	5.5177417
1727	612	5.3790927
1727	775	5.148075
1727	15	5.1269007
1727	422	4.8754544
1728	71	4.9225965
1728	53	4.8790016
1728	68	4.7857075
1728	148	4.7114677
1728	66	4.7082925
1728	129	4.5659394
1728	157	4.4434805
1728	139	4.4362564
1728	103	4.3900037
1728	36	4.367354
1729	74	4.8092794
1729	36	4.2424
1729	269	3.52707
1729	108	3.4865305
1729	67	3.480073
1729	257	3.4553654
1729	53	3.4507527
1729	164	3.4066162
1729	119	3.3748486
1729	121	3.2586262
1730	331	3.4369564
1730	53	3.4192238
1730	47	3.409759
1730	129	3.3716018
1730	59	2.902908
1730	2	2.7964664
1730	391	2.7871583
1730	216	2.7825203
1730	74	2.721297
1730	36	2.6002767
1731	58	5.0207386
1731	36	4.9265766
1731	286	4.758732
1731	219	4.243554
1731	74	4.205425
1731	290	4.143923
1731	94	3.8333702
1731	314	3.8264492
1731	970	3.7523003
1731	59	3.7077162
1732	53	7.109728
1732	36	5.8067827
1732	139	5.6507444
1732	74	5.501402
1732	71	5.3885913
1732	842	5.3668714
1732	148	5.27392
1732	66	5.262702
1732	25	5.193425
1732	381	5.114913
1733	66	3.3388376
1733	148	3.1112876
1733	157	2.7974803
1733	151	2.6565716
1733	373	2.4806926
1733	225	2.4629653
1733	88	2.3640141
1733	463	2.3588858
1733	48	2.3218873
1733	103	2.2998786
1734	53	4.1625295
1734	71	3.126989
1734	18	3.1090136
1734	432	3.0983891
1734	216	3.0804706
1734	74	3.03106
1734	105	2.9961174
1734	381	2.9892175
1734	785	2.9039686
1734	137	2.8403726
1735	129	5.3479047
1735	61	4.700596
1735	36	4.686652
1735	53	4.535679
1735	67	4.470046
1735	74	4.303407
1735	71	4.206814
1735	221	4.14602
1735	59	4.111938
1735	23	4.1104984
1736	889	4.670235
1736	269	4.0007687
1736	36	3.9497457
1736	769	3.9247937
1736	59	3.8539052
1736	74	3.8533616
1736	129	3.824769
1736	752	3.7587564
1736	256	3.6752458
1736	15	3.6511397
1737	196	4.9709234
1737	555	4.173289
1737	1193	4.002753
1737	75	3.7863395
1737	118	3.7531407
1737	257	3.7225695
1737	121	3.4417756
1737	2	3.4260352
1737	230	3.425444
1737	15	3.3478062
1738	408	5.479079
1738	769	4.054604
1738	36	4.04689
1738	314	4.04172
1738	66	3.9944043
1738	209	3.989468
1738	181	3.9470336
1738	256	3.8865232
1738	15	3.873046
1738	463	3.7912023
1739	384	4.2296906
1739	58	3.7127292
1739	625	3.4161084
1739	249	3.269627
1739	379	3.0736573
1739	94	3.0708475
1739	344	3.0181603
1739	166	3.0100427
1739	167	3.0062423
1739	163	2.7964656
1740	66	3.5546694
1740	148	3.4495091
1740	71	3.280615
1740	103	3.2659922
1740	68	3.2573953
1740	53	3.2017972
1740	157	3.1654022
1740	151	3.1526825
1740	36	3.1167178
1740	67	2.9049592
1741	123	4.937444
1741	36	4.7686105
1741	58	4.6002274
1741	59	4.424509
1741	67	4.0814114
1741	256	3.9931312
1741	108	3.8890548
1741	171	3.7910829
1741	345	3.6815557
1741	43	3.6370656
1742	408	4.746019
1742	769	4.2583933
1742	104	3.9537694
1742	257	3.9374113
1742	118	3.6902976
1742	194	3.6484103
1742	209	3.574524
1742	452	3.4502003
1742	453	3.4304535
1742	394	3.2649462
1743	36	7.2161446
1743	59	6.7150064
1743	53	6.671032
1743	148	6.1891856
1743	68	6.1749616
1743	66	6.170634
1743	175	5.9321885
1743	67	5.7050495
1743	157	5.665198
1743	25	5.648972
1744	139	4.4919934
1744	47	4.3696322
1744	59	4.3646345
1744	269	4.171793
1744	108	4.122975
1744	163	4.0892816
1744	74	4.0679216
1744	71	4.0550094
1744	67	4.0483165
1744	68	4.024124
1745	36	5.6206694
1745	53	4.661806
1745	175	4.331999
1745	59	4.1793427
1745	67	3.9533832
1745	139	3.8669393
1745	66	3.8603783
1745	58	3.8435702
1745	166	3.7642124
1745	148	3.7279775
1746	783	7.5192223
1746	134	7.1190867
1746	398	6.769552
1746	104	6.488779
1746	612	6.416218
1746	394	6.384467
1746	452	6.160129
1746	1188	6.131024
1746	865	5.923913
1746	453	5.7187266
1747	175	5.278415
1747	66	5.272763
1747	148	5.1462946
1747	53	5.116763
1747	47	4.9751377
1747	68	4.916429
1747	463	4.795683
1747	157	4.644517
1747	48	4.6124253
1747	25	4.5725985
1748	123	5.6371293
1748	314	4.6669526
1748	194	4.6396275
1748	345	4.6201916
1748	286	4.4623265
1748	149	4.3237996
1748	298	4.2284546
1748	166	4.17104
1748	36	4.0452924
1748	10	4.045245
1749	58	2.1196315
1749	59	1.9067943
1749	259	1.9001734
1749	201	1.7699711
1749	286	1.7553965
1749	323	1.7344447
1749	162	1.7227858
1749	283	1.6541754
1749	111	1.6152375
1749	147	1.5332867
1750	325	2.7743912
1750	280	2.078523
1750	98	2.038163
1750	1193	1.996461
1750	104	1.8705084
1750	1420	1.8647568
1750	129	1.8085718
1750	1399	1.7528372
1750	15	1.729462
1750	555	1.6886727
1751	59	5.549266
1751	47	5.3214383
1751	175	5.2347803
1751	66	5.137594
1751	139	5.118731
1751	25	5.022423
1751	68	5.0190296
1751	148	4.9660378
1751	163	4.94891
1751	256	4.8374896
1752	326	4.318391
1752	58	4.0491815
1752	142	3.917354
1752	283	3.8783772
1752	143	3.7501836
1752	226	3.619082
1752	1141	3.1905472
1752	232	3.070185
1752	123	3.0633228
1752	384	3.0364041
1753	36	4.420626
1753	68	3.7874384
1753	71	3.7251902
1753	148	3.5435398
1753	157	3.498132
1753	66	3.467293
1753	175	3.4506114
1753	59	3.4308174
1753	53	3.3489163
1753	273	3.2683825
1754	53	9.333113
1754	381	7.4252925
1754	0	6.8660383
1754	72	6.6835194
1754	719	6.3879185
1754	175	6.209679
1754	67	6.0929317
1754	383	5.882672
1754	109	5.72191
1754	64	5.6069655
1755	53	5.0792956
1755	66	4.3901362
1755	68	4.3627057
1755	36	4.2494235
1755	157	4.193306
1755	139	4.0406013
1755	103	3.938448
1755	48	3.7665493
1755	71	3.752339
1755	25	3.7275167
1756	466	5.884749
1756	460	5.1344714
1756	66	4.458678
1756	455	4.4362626
1756	148	4.2219553
1756	36	3.8943772
1756	461	3.751866
1756	48	3.7441916
1756	151	3.7182224
1756	157	3.5665126
1757	66	4.855641
1757	36	4.7067223
1757	148	4.700289
1757	53	4.5192676
1757	59	4.388867
1757	68	4.1589694
1757	129	4.14843
1757	157	4.106511
1757	151	4.078033
1757	67	4.076997
1758	314	4.761267
1758	74	4.5531225
1758	15	4.276562
1758	75	4.120762
1758	12	4.021889
1758	408	3.9590127
1758	1193	3.8915875
1758	908	3.877269
1758	119	3.787937
1758	2	3.6762016
1759	344	3.6887188
1759	58	3.6486964
1759	257	3.5545716
1759	141	3.3312743
1759	123	3.2813578
1759	378	3.1717873
1759	166	3.0242605
1759	345	2.9584715
1759	13	2.953331
1759	1023	2.871059
1760	129	5.016981
1760	225	4.1289225
1760	36	3.9872725
1760	68	3.9226847
1760	66	3.8366683
1760	59	3.7669673
1760	15	3.7503948
1760	463	3.5752575
1760	453	3.5557773
1760	118	3.546124
1761	66	8.182492
1761	148	8.015649
1761	53	7.823201
1761	68	7.403788
1761	139	7.0355387
1761	36	6.8540473
1761	103	6.6471415
1761	59	6.316675
1761	71	6.0776443
1761	25	5.9067607
1762	59	6.1227546
1762	74	5.607217
1762	53	5.079076
1762	164	5.0513988
1762	67	4.9394627
1762	47	4.759812
1762	108	4.7220035
1762	175	4.68561
1762	25	4.674708
1762	66	4.599461
1763	151	6.652013
1763	157	6.6452804
1763	139	6.6101213
1763	103	6.3334875
1763	36	6.013066
1763	48	5.950556
1763	381	5.8423047
1763	25	5.6080065
1763	59	5.3851786
1763	72	5.345933
1764	837	1.5173647
1764	984	1.5157232
1764	77	1.4670376
1764	1589	1.4372821
1764	874	1.4355116
1764	1481	1.4120753
1764	80	1.351592
1764	835	1.3506315
1764	601	1.3260125
1764	1468	1.3113099
1765	74	3.371468
1765	769	3.2762525
1765	15	3.1278663
1765	23	3.0387454
1765	104	2.9350219
1765	36	2.764246
1765	54	2.7346756
1765	56	2.7279592
1765	118	2.726611
1765	1193	2.709701
1766	36	5.4902945
1766	67	4.4848785
1766	53	4.4516916
1766	66	4.2115993
1766	175	4.071793
1766	139	3.9639478
1766	269	3.854079
1766	148	3.8528419
1766	68	3.8521707
1766	74	3.8026505
1767	118	3.7687676
1767	15	3.6622417
1767	769	3.5622404
1767	61	3.4885106
1767	1193	3.3394952
1767	172	3.04891
1767	8	2.990747
1767	908	2.976836
1767	904	2.9135642
1767	915	2.8945982
1768	36	6.6240525
1768	53	6.089028
1768	68	5.3359804
1768	59	5.2143483
1768	151	5.1960926
1768	157	5.1918416
1768	67	5.047501
1768	139	4.8991404
1768	25	4.80365
1768	71	4.668345
1769	36	2.8417673
1769	53	2.741783
1769	226	2.5668178
1769	175	2.528356
1769	132	2.5081177
1769	741	2.4484804
1769	362	2.398236
1769	164	2.3810923
1769	47	2.3113923
1769	25	2.285293
1770	66	7.936325
1770	36	7.760446
1770	68	7.487208
1770	59	7.247387
1770	157	7.116757
1770	175	7.0008774
1770	47	6.714488
1770	48	6.642592
1770	25	6.4556723
1770	67	6.1887336
1771	769	3.5282648
1771	408	3.4717774
1771	15	3.255367
1771	104	3.1166434
1771	118	2.825123
1771	209	2.8237615
1771	775	2.6950226
1771	24	2.6790195
1771	783	2.6415958
1771	1193	2.6373732
1772	53	6.3014555
1772	36	5.9930925
1772	59	5.880139
1772	47	5.44869
1772	67	5.390887
1772	139	5.2905707
1772	148	5.090542
1772	66	5.075715
1772	68	5.023848
1772	25	4.815907
1773	958	3.19624
1773	825	2.1771166
1773	964	2.1203434
1773	1286	2.0851119
1773	1388	1.8836596
1773	4	1.8442731
1773	1587	1.719357
1773	891	1.7118335
1773	778	1.6994034
1773	1563	1.6701235
1774	148	3.90614
1774	36	3.8689222
1774	59	3.5888903
1774	53	3.5837936
1774	151	3.568655
1774	157	3.2936296
1774	48	3.2104075
1774	466	3.0043366
1774	175	2.9443698
1774	139	2.887319
1775	53	5.8373513
1775	36	5.597887
1775	66	5.344012
1775	148	5.2826104
1775	67	5.275011
1775	139	5.252089
1775	68	5.188256
1775	59	4.8057513
1775	273	4.6946816
1775	25	4.639184
1776	344	3.2577956
1776	306	3.1278749
1776	226	3.126501
1776	378	2.906637
1776	166	2.7996955
1776	1352	2.7720501
1776	58	2.6263118
1776	290	2.5497735
1776	339	2.5256984
1776	168	2.4298081
1777	1193	5.218507
1777	74	4.9133835
1777	129	4.7686434
1777	216	4.738313
1777	257	4.635601
1777	15	4.5319977
1777	119	4.52624
1777	118	4.2702723
1777	121	4.205269
1777	75	4.2019854
1778	36	6.7353134
1778	139	6.026991
1778	59	6.0043645
1778	71	5.654958
1778	67	5.621317
1778	164	5.5869846
1778	47	5.555286
1778	68	5.5194807
1778	148	5.402144
1778	72	5.3098307
1779	119	3.2632465
1779	257	3.171092
1779	53	3.0464938
1779	414	2.799397
1779	216	2.7795563
1779	164	2.7693486
1779	36	2.7565515
1779	21	2.7062366
1779	555	2.6962428
1779	230	2.6646042
1780	36	6.401715
1780	53	6.0961986
1780	129	5.9142976
1780	59	5.8762984
1780	71	5.6082964
1780	68	5.551792
1780	148	5.3878136
1780	66	5.348714
1780	139	5.3420906
1780	25	5.3286877
1781	53	6.243361
1781	68	5.7648845
1781	66	5.753966
1781	139	5.340853
1781	157	5.245085
1781	381	4.93563
1781	0	4.8701334
1781	103	4.852857
1781	48	4.8285847
1781	59	4.687894
1782	36	6.844051
1782	58	5.7147017
1782	59	5.45332
1782	74	4.842007
1782	175	4.8215294
1782	108	4.7776804
1782	256	4.7260666
1782	47	4.7240477
1782	67	4.7076836
1782	163	4.7070184
1783	104	6.709317
1783	769	6.6618853
1783	612	6.2211723
1783	134	6.1526895
1783	398	6.0341306
1783	394	5.9563622
1783	453	5.940855
1783	452	5.9007316
1783	1188	5.815499
1783	865	5.8086495
1784	59	3.8615668
1784	198	3.6793191
1784	67	3.3817773
1784	408	3.3807857
1784	108	3.2879784
1784	74	3.241272
1784	164	3.0272622
1784	98	3.02617
1784	378	2.9083881
1784	66	2.8821647
1785	53	4.6826077
1785	129	4.4172897
1785	68	4.22856
1785	148	4.2268023
1785	31	4.0423408
1785	59	4.0026526
1785	66	3.9744673
1785	225	3.9322493
1785	0	3.9137032
1785	216	3.9100022
1786	53	6.6966953
1786	148	5.953952
1786	36	5.5753284
1786	68	5.539109
1786	71	5.3851233
1786	157	5.324102
1786	103	5.227533
1786	139	5.0820427
1786	25	4.9770594
1786	59	4.937637
1787	36	4.636843
1787	66	3.9518957
1787	148	3.82673
1787	53	3.770623
1787	139	3.641085
1787	151	3.3995342
1787	157	3.3817155
1787	68	3.3775704
1787	269	3.3102489
1787	71	3.2663858
1788	466	4.1853333
1788	456	3.79769
1788	460	3.657283
1788	459	3.5944176
1788	457	3.321108
1788	123	3.1668503
1788	1391	3.0461092
1788	166	3.0244386
1788	66	2.900035
1788	97	2.7682824
1789	66	4.759035
1789	36	4.4524097
1789	68	4.3535156
1789	148	4.2357936
1789	157	3.9364362
1789	25	3.9146242
1789	151	3.90504
1789	139	3.7791386
1789	71	3.7408466
1789	67	3.7272968
1790	58	4.6227336
1790	379	4.3366146
1790	249	3.5335271
1790	141	3.489921
1790	166	3.4849672
1790	306	3.4652724
1790	123	3.447482
1790	344	3.3869066
1790	371	3.3205118
1790	450	3.171178
1791	15	5.261238
1791	119	4.8537393
1791	75	4.630044
1791	118	4.5847263
1791	125	4.47347
1791	21	4.426713
1791	137	4.38042
1791	121	4.0721803
1791	2	3.9079185
1791	61	3.8993175
1792	53	6.4396386
1792	36	6.377629
1792	74	5.772092
1792	67	5.7619357
1792	164	5.619122
1792	59	5.512886
1792	216	5.192195
1792	175	5.1610627
1792	129	5.150228
1792	64	4.906406
1793	331	3.1469262
1793	1023	2.994358
1793	36	2.9740868
1793	74	2.931272
1793	306	2.827835
1793	198	2.8110316
1793	378	2.6054654
1793	465	2.5049174
1793	47	2.4717722
1793	202	2.433804
1794	75	4.336517
1794	74	4.1946087
1794	71	4.1904645
1794	53	4.1541204
1794	66	4.1371264
1794	67	4.128488
1794	23	4.029248
1794	269	3.974536
1794	68	3.8800962
1794	139	3.8408403
1795	59	7.9220395
1795	68	7.4231305
1795	139	7.409419
1795	67	7.190412
1795	175	7.09388
1795	47	7.026478
1795	216	5.994397
1795	70	5.918733
1795	42	5.708959
1795	383	5.560135
1796	286	3.7843475
1796	58	3.7779014
1796	1145	3.5585792
1796	345	3.4286258
1796	123	3.2782369
1796	226	3.2648497
1796	334	3.1807187
1796	384	3.1229327
1796	356	3.04176
1796	142	3.023965
1797	408	7.1749096
1797	1188	6.9415197
1797	1135	6.3461123
1797	104	5.577193
1797	769	5.537175
1797	398	5.430723
1797	394	5.3726625
1797	98	5.071552
1797	775	4.950446
1797	612	4.9455113
1798	59	5.434168
1798	36	5.3590775
1798	286	5.282365
1798	66	4.853182
1798	148	4.677799
1798	68	4.4939814
1798	326	4.4140124
1798	151	4.4008913
1798	157	4.375774
1798	47	4.27898
1799	129	2.7977452
1799	1189	2.7838418
1799	0	2.6048696
1799	414	2.4806135
1799	1019	2.4611104
1799	784	2.4128773
1799	105	2.382004
1799	381	2.3303885
1799	71	2.3179278
1799	219	2.2517128
1800	53	3.5637944
1800	129	3.2789457
1800	66	3.0912752
1800	71	3.0169358
1800	555	2.9841254
1800	109	2.9604363
1800	68	2.8608153
1800	59	2.8281174
1800	381	2.8186362
1800	35	2.8036997
1801	53	9.779925
1801	66	8.86337
1801	148	8.718319
1801	139	8.547711
1801	0	6.7467403
1801	225	6.585389
1801	719	6.548763
1801	70	6.512538
1801	44	6.381717
1801	105	6.2486386
1802	477	2.6102521
1802	1266	2.53492
1802	36	2.4365027
1802	276	2.3297858
1802	1399	2.1639485
1802	13	2.15286
1802	35	2.1417766
1802	43	2.0870903
1802	23	2.0791533
1802	1366	2.0421374
1803	58	5.797692
1803	36	5.4782143
1803	175	5.0684934
1803	66	4.9646163
1803	286	4.734946
1803	256	4.665552
1803	148	4.6471434
1803	53	4.611057
1803	345	4.5805445
1803	326	4.454916
1804	36	4.974755
1804	74	4.6357117
1804	59	4.397527
1804	164	4.2196054
1804	53	4.120909
1804	256	4.0914035
1804	58	4.0392494
1804	47	4.0304723
1804	66	3.916815
1804	108	3.9105232
1805	769	7.4082036
1805	408	6.5387607
1805	783	6.1771073
1805	398	6.0599737
1805	775	6.054291
1805	452	5.9979587
1805	98	5.839267
1805	453	5.8031087
1805	865	5.762628
1805	1188	5.7358184
1806	314	4.0407243
1806	194	3.8579562
1806	477	3.708871
1806	181	3.5548909
1806	13	3.2663085
1806	909	3.2353466
1806	379	3.231935
1806	482	3.2117374
1806	2	3.094865
1806	317	2.9720209
1807	58	6.1041183
1807	286	5.6270547
1807	318	4.6227794
1807	226	4.493331
1807	290	4.463372
1807	175	4.3293357
1807	123	4.3064504
1807	36	4.2591743
1807	142	4.2566113
1807	47	3.8938186
1808	53	4.6687
1808	36	4.4606524
1808	66	4.273035
1808	148	4.1946044
1808	139	4.1299143
1808	68	3.9039614
1808	157	3.8226528
1808	151	3.734803
1808	25	3.720855
1808	59	3.642696
1809	58	6.8698125
1809	36	6.343064
1809	175	5.8169866
1809	123	5.6456757
1809	345	5.4904284
1809	286	5.2632556
1809	166	5.24488
1809	94	5.1892824
1809	59	5.153796
1809	47	5.1465826
1810	66	5.7537446
1810	59	5.72524
1810	139	5.5386863
1810	53	5.50831
1810	175	5.2867618
1810	68	5.0555425
1810	151	4.991148
1810	157	4.976805
1810	47	4.757021
1810	25	4.624942
1811	384	2.7668352
1811	88	2.487908
1811	364	2.3507183
1811	132	2.2905493
1811	47	2.237441
1811	379	2.1693883
1811	168	1.9634424
1811	463	1.9493856
1811	1110	1.9276034
1811	246	1.9106073
1812	53	3.1409452
1812	47	2.9718554
1812	148	2.9325817
1812	48	2.8852632
1812	175	2.808814
1812	68	2.792159
1812	157	2.7146535
1812	66	2.6073256
1812	58	2.4528148
1812	151	2.4456782
1813	139	6.523298
1813	71	6.091555
1813	25	5.7681932
1813	48	5.6106715
1813	103	5.4900546
1813	256	5.484828
1813	225	5.147146
1813	42	5.1007557
1813	44	4.957246
1813	108	4.89293
1814	66	7.980903
1814	148	7.7811623
1814	139	7.702424
1814	36	7.4019656
1814	157	7.251257
1814	151	7.030161
1814	103	6.8381767
1814	381	6.696804
1814	47	6.620423
1814	175	6.4135056
1815	53	6.205339
1815	66	5.8695087
1815	71	5.6623425
1815	148	5.6267037
1815	139	5.201065
1815	157	5.1935863
1815	103	5.1912575
1815	151	5.124044
1815	25	5.0429287
1815	72	4.9488587
1816	555	5.1427794
1816	257	4.0135436
1816	1193	3.9897394
1816	121	3.9060996
1816	75	3.7164452
1816	419	3.7131202
1816	18	3.6837902
1816	908	3.3037386
1816	329	3.2228765
1816	61	3.193558
1817	775	6.397333
1817	104	6.0194564
1817	394	5.735092
1817	422	5.59406
1817	612	5.446204
1817	134	5.367641
1817	865	5.332549
1817	769	5.0740194
1817	1188	4.993819
1817	452	4.917812
1818	53	6.0667305
1818	36	4.99167
1818	67	4.7771215
1818	71	4.6702905
1818	47	4.611689
1818	216	4.4234505
1818	59	4.412762
1818	25	4.3504457
1818	164	4.332757
1818	148	4.3175864
1819	58	4.2806163
1819	286	4.093539
1819	377	3.5274575
1819	98	3.282472
1819	774	3.2239501
1819	132	3.1890888
1819	142	3.1613767
1819	94	2.8365712
1819	463	2.824017
1819	226	2.6698697
1820	302	5.4824266
1820	429	4.9896727
1820	632	4.5287127
1820	229	3.9570513
1820	835	3.59607
1820	833	3.509339
1820	264	3.4775486
1820	902	3.262955
1820	484	3.2020152
1820	1623	3.0792172
1821	384	4.325153
1821	379	4.1681957
1821	123	3.9618597
1821	306	3.9022524
1821	334	3.7756424
1821	167	3.6444008
1821	437	3.5388494
1821	378	3.5269935
1821	344	3.4328287
1821	166	3.3796446
1822	53	8.135072
1822	36	7.8547797
1822	66	7.1521406
1822	148	6.987498
1822	139	6.9708023
1822	59	6.840281
1822	68	6.6066594
1822	67	6.5589304
1822	25	6.404783
1822	47	6.3819165
1823	36	6.245652
1823	74	5.745141
1823	67	5.7327223
1823	59	5.5977798
1823	129	5.5233316
1823	164	5.441402
1823	216	5.4164343
1823	25	5.3797235
1823	139	5.3063884
1823	221	5.1238327
1824	36	4.803097
1824	67	4.6840596
1824	47	4.641443
1824	164	4.590721
1824	18	4.5401726
1824	175	4.42057
1824	216	4.413535
1824	71	4.3923316
1824	74	4.387363
1824	25	4.288452
1825	58	6.0506153
1825	36	5.89348
1825	226	5.0135465
1825	47	4.9827805
1825	166	4.632663
1825	286	4.5889316
1825	10	4.586849
1825	149	4.576543
1825	139	4.5218234
1825	94	4.3903494
1826	66	5.3969
1826	53	5.3552737
1826	148	5.268829
1826	139	4.8463984
1826	151	4.8415627
1826	157	4.836236
1826	71	4.4918017
1826	48	4.449475
1826	47	4.3792624
1826	225	4.3612843
1827	36	7.1984735
1827	148	6.5794725
1827	53	6.1690965
1827	59	6.0634947
1827	157	5.9366026
1827	68	5.9179683
1827	139	5.8230743
1827	67	5.444564
1827	175	5.3909345
1827	48	5.3609123
1828	2	3.1542597
1828	1069	3.0882568
1828	1562	2.5904815
1828	1575	2.4289496
1828	65	2.3155491
1828	1638	2.254434
1828	329	2.1532364
1828	962	2.0634782
1828	119	2.0090272
1828	905	1.9248168
1829	123	6.776162
1829	59	6.68077
1829	47	6.59993
1829	163	6.584984
1829	286	6.4995313
1829	139	6.420748
1829	345	6.3746963
1829	67	5.9046607
1829	226	5.749277
1829	25	5.737684
1830	53	7.834566
1830	36	7.4935846
1830	139	6.962161
1830	68	6.7363772
1830	59	6.594792
1830	47	6.5542493
1830	25	6.370369
1830	148	6.2683873
1830	67	6.244066
1830	71	6.222982
1831	53	5.9360795
1831	68	5.691632
1831	59	5.6222167
1831	66	5.5719156
1831	148	5.4424887
1831	139	5.4384017
1831	67	5.297681
1831	25	5.294161
1831	47	5.142423
1831	108	5.1271276
1832	394	4.9748664
1832	104	4.7698684
1832	209	4.7195826
1832	398	4.4006166
1832	769	4.38131
1832	422	4.3759613
1832	775	4.3527875
1832	452	4.3368816
1832	408	4.2629585
1832	612	4.237372
1833	378	3.3853457
1833	359	3.3280628
1833	298	3.3242643
1833	123	3.1654673
1833	339	3.0566702
1833	384	2.9965458
1833	334	2.9145284
1833	194	2.8898537
1833	317	2.7017627
1833	314	2.6785789
1834	58	5.7473564
1834	36	5.2192564
1834	59	4.3777976
1834	379	4.21865
1834	123	4.195121
1834	256	4.181135
1834	286	4.117956
1834	1023	4.0388308
1834	345	4.021376
1834	378	3.9938538
1835	74	3.9203813
1835	110	3.6634169
1835	36	3.5510478
1835	148	3.0424142
1835	339	2.9952226
1835	414	2.9876103
1835	216	2.9327402
1835	67	2.9257438
1835	221	2.8502183
1835	842	2.845266
1836	1178	2.8929286
1836	236	2.7458181
1836	1481	2.7065954
1836	1303	2.356438
1836	1292	2.2974224
1836	1181	2.2403305
1836	619	2.2003996
1836	740	2.1263165
1836	1392	2.0972724
1836	433	2.0840237
1837	286	5.487326
1837	58	5.000831
1837	318	4.517741
1837	143	4.47564
1837	326	4.2539496
1837	142	4.221559
1837	94	4.0908985
1837	368	3.8826532
1837	219	3.8783555
1837	365	3.739653
1838	67	2.7783802
1838	148	2.6229107
1838	71	2.4127073
1838	53	2.3534915
1838	68	2.2911613
1838	36	2.2317667
1838	151	2.1943655
1838	717	2.18053
1838	157	2.1212885
1838	139	2.1207986
1839	36	4.6500335
1839	59	4.0204487
1839	58	3.8962672
1839	175	3.75207
1839	66	3.741592
1839	163	3.7415245
1839	286	3.720696
1839	463	3.6956685
1839	148	3.6902359
1839	139	3.518174
1840	908	4.237248
1840	432	3.9550421
1840	181	3.8562784
1840	915	3.6678412
1840	257	3.5417163
1840	911	3.3772652
1840	2	3.3282075
1840	1340	3.188638
1840	117	3.160765
1840	785	3.0193818
1841	318	3.630112
1841	286	3.6122649
1841	334	3.5018454
1841	94	3.3617473
1841	290	3.3145344
1841	123	3.040991
1841	384	2.8438678
1841	326	2.8301888
1841	142	2.7553895
1841	371	2.7497108
1842	371	4.174762
1842	379	4.165403
1842	249	3.2813516
1842	344	3.2768707
1842	58	3.1213093
1842	384	3.0304384
1842	1110	2.974161
1842	1113	2.892213
1842	167	2.715268
1842	484	2.6010096
1843	36	6.4534163
1843	58	6.219257
1843	47	5.4149456
1843	175	5.411133
1843	286	5.304843
1843	163	5.2566543
1843	139	5.21637
1843	226	5.17419
1843	53	4.9986057
1843	379	4.989231
1844	769	4.5491357
1844	783	4.382412
1844	452	4.0303936
1844	775	4.000289
1844	408	3.9323113
1844	1188	3.9114466
1844	104	3.8956587
1844	453	3.7940633
1844	612	3.6749747
1844	865	3.5152485
1845	148	3.9427006
1845	53	3.8478131
1845	151	3.2331738
1845	67	3.1326714
1845	157	3.1263096
1845	68	3.0753262
1845	71	3.030923
1845	123	2.9452293
1845	36	2.9426053
1845	48	2.8102968
1846	53	7.8594418
1846	68	6.8111887
1846	66	6.7418623
1846	148	6.7239943
1846	36	6.566098
1846	157	6.35117
1846	151	6.0967364
1846	103	6.0232472
1846	59	6.015977
1846	25	5.981943
1847	56	3.5711617
1847	110	3.3317287
1847	752	3.2897272
1847	36	3.2423136
1847	257	3.1356
1847	414	3.1219678
1847	58	3.082432
1847	826	3.061731
1847	164	3.0557904
1847	149	2.966861
1848	181	5.2258286
1848	314	4.6495075
1848	482	4.408177
1848	292	4.1813216
1848	359	3.9050434
1848	343	3.5826247
1848	406	3.5739813
1848	317	3.4367363
1848	400	3.2986107
1848	54	2.8796444
1849	66	6.9689403
1849	68	6.7808037
1849	139	6.6695657
1849	36	6.561243
1849	157	6.403878
1849	151	6.27498
1849	25	5.8984265
1849	103	5.884122
1849	48	5.776543
1849	175	5.7513995
1850	53	6.8890057
1850	36	6.4101048
1850	74	6.111648
1850	129	5.899252
1850	67	5.8306236
1850	59	5.7288485
1850	221	5.664941
1850	47	5.407327
1850	164	5.393208
1850	25	5.355996
1851	769	6.1249733
1851	452	6.123196
1851	1188	5.8004766
1851	209	5.778672
1851	104	5.4817786
1851	98	5.2104497
1851	59	5.17965
1851	15	5.035219
1851	1135	5.0261517
1851	118	4.784948
1852	67	4.733298
1852	314	4.493785
1852	164	4.4798393
1852	10	4.4379153
1852	25	4.4052315
1852	59	4.340744
1852	74	4.324017
1852	66	4.176914
1852	163	4.0556684
1852	226	4.0421705
1853	66	6.020242
1853	148	5.818095
1853	139	5.6159635
1853	175	5.354666
1853	68	5.332195
1853	157	5.1907496
1853	67	5.126044
1853	151	5.08617
1853	71	4.9371066
1853	25	4.8410244
1854	53	7.1094675
1854	66	6.775822
1854	68	6.5677876
1854	36	6.3566284
1854	157	6.2897043
1854	151	6.063022
1854	103	5.811249
1854	381	5.5062556
1854	25	5.450167
1854	48	5.4263473
1855	306	4.5423956
1855	345	4.2546024
1855	226	4.23331
1855	36	4.164823
1855	10	4.1408453
1855	58	4.1084757
1855	74	4.0028634
1855	379	3.902316
1855	292	3.8437269
1855	378	3.8363907
1856	123	5.714076
1856	58	5.6234927
1856	36	5.464267
1856	345	5.2098927
1856	149	5.133681
1856	226	4.9789147
1856	74	4.930227
1856	168	4.835564
1856	175	4.7974334
1856	384	4.6695337
1857	323	7.1873097
1857	365	6.2814574
1857	874	4.7143683
1857	994	4.3107877
1857	996	3.4124296
1857	1201	3.393955
1857	995	3.2229722
1857	201	3.2000568
1857	681	3.1969852
1857	269	3.1365113
1858	53	5.229489
1858	139	4.204891
1858	148	4.0189815
1858	68	3.8965602
1858	47	3.830756
1858	175	3.8193767
1858	48	3.728635
1858	66	3.6794229
1858	67	3.6772265
1858	151	3.6137674
1859	36	6.514309
1859	74	6.114814
1859	53	5.7195473
1859	59	5.545033
1859	164	5.491606
1859	67	5.289937
1859	216	5.19613
1859	175	4.958696
1859	47	4.794024
1859	25	4.7410464
1860	59	5.5383472
1860	66	5.418463
1860	148	5.1861315
1860	175	4.892375
1860	139	4.8107576
1860	58	4.7975345
1860	68	4.7924266
1860	256	4.787758
1860	53	4.7379518
1860	286	4.69512
1861	58	4.8709307
1861	36	4.8675694
1861	66	4.545047
1861	148	4.389033
1861	226	4.2913003
1861	175	4.2372293
1861	123	4.1333275
1861	139	3.9609866
1861	59	3.950692
1861	151	3.9032545
1862	286	4.501794
1862	58	4.031459
1862	326	3.8178496
1862	139	3.5252328
1862	175	3.4131463
1862	59	3.4000437
1862	66	3.3687444
1862	318	3.2937055
1862	142	3.257235
1862	148	3.2340584
1863	36	3.704126
1863	71	3.5538497
1863	66	3.433747
1863	59	3.4190617
1863	68	3.3370204
1863	148	3.2024176
1863	157	3.136655
1863	25	3.1301243
1863	53	3.114143
1863	151	3.1076944
1864	139	4.177254
1864	71	4.0954533
1864	66	4.053444
1864	148	4.0222983
1864	68	3.8255506
1864	381	3.7486374
1864	103	3.6998043
1864	151	3.5999568
1864	157	3.5443661
1864	67	3.4356449
1865	1193	5.8236547
1865	257	5.7205915
1865	15	5.4870625
1865	74	4.859764
1865	119	4.8306384
1865	121	4.7703342
1865	129	4.737217
1865	125	4.662472
1865	21	4.614904
1865	17	4.3079977
1866	269	3.5468662
1866	149	3.2674322
1866	164	3.2289398
1866	141	3.0204961
1866	74	2.9155405
1866	119	2.8212566
1866	1276	2.8100002
1866	43	2.6579225
1866	12	2.5977962
1866	934	2.5864925
1867	36	5.720636
1867	58	5.4235997
1867	226	4.7939734
1867	166	4.6304674
1867	132	4.3290534
1867	345	4.2056828
1867	123	4.200423
1867	163	4.177106
1867	175	4.104606
1867	286	4.066664
1868	129	3.4972997
1868	74	3.4410102
1868	59	3.295747
1868	408	3.241046
1868	256	3.2185054
1868	15	3.1477468
1868	410	3.1311824
1868	769	3.1174567
1868	402	3.08008
1868	784	3.0691516
1869	36	7.182767
1869	66	6.4703007
1869	59	6.303825
1869	148	6.0633345
1869	67	5.8495297
1869	68	5.818765
1869	139	5.668655
1869	129	5.5965357
1869	175	5.5806923
1869	25	5.5624094
1870	53	9.207895
1870	139	8.237411
1870	66	8.236974
1870	36	8.174186
1870	148	7.9927077
1870	157	7.531369
1870	151	7.1747804
1870	25	7.0896215
1870	47	6.9400215
1870	48	6.813559
1871	36	3.3447607
1871	121	2.9246852
1871	53	2.7919679
1871	47	2.7730892
1871	164	2.6995218
1871	175	2.6718276
1871	257	2.6340868
1871	25	2.6322086
1871	117	2.5314963
1871	59	2.510086
1872	36	4.692932
1872	194	4.5922523
1872	123	4.4585385
1872	67	4.348576
1872	379	4.331185
1872	345	4.0195947
1872	58	3.9949603
1872	23	3.9895413
1872	175	3.9764714
1872	10	3.9389384
1873	36	6.232999
1873	59	5.996818
1873	53	5.723427
1873	108	5.4995165
1873	129	5.425717
1873	71	5.2808065
1873	139	5.213924
1873	68	5.180967
1873	66	5.153771
1873	67	5.0987806
1874	408	3.6507535
1874	181	3.5320563
1874	292	3.5142848
1874	110	3.1833868
1874	359	3.1052163
1874	209	3.0574663
1874	964	3.0367522
1874	15	2.9688892
1874	909	2.8853474
1874	314	2.8683088
1875	58	5.469419
1875	66	5.1235256
1875	175	5.1170483
1875	148	4.881937
1875	139	4.744526
1875	47	4.494731
1875	123	4.4769626
1875	68	4.4401383
1875	226	4.3691444
1875	157	4.3644876
1876	74	5.3122797
1876	1193	4.6316056
1876	15	4.5491214
1876	61	4.318915
1876	121	4.2850256
1876	908	4.200871
1876	149	4.189007
1876	67	4.173978
1876	137	4.171869
1876	164	4.102741
1877	194	5.223175
1877	314	4.704682
1877	18	4.517672
1877	74	4.2930765
1877	432	4.2234473
1877	908	4.129563
1877	177	4.09971
1877	298	3.9380753
1877	915	3.9278157
1877	117	3.8848839
1878	769	7.354401
1878	104	6.777137
1878	612	6.3592095
1878	394	6.1163464
1878	98	6.042761
1878	453	5.9819965
1878	398	5.935196
1878	865	5.882064
1878	452	5.8182545
1878	1188	5.742878
1879	74	4.6637444
1879	10	4.5083365
1879	379	4.35361
1879	164	4.2149544
1879	175	4.2127934
1879	58	4.106204
1879	43	4.104503
1879	47	4.03556
1879	123	4.0285244
1879	149	3.9237041
1880	36	5.1913295
1880	53	5.190036
1880	10	5.128555
1880	164	4.911173
1880	194	4.7384276
1880	74	4.721466
1880	175	4.678301
1880	67	4.624221
1880	149	4.5962334
1880	811	4.296906
1881	53	6.791646
1881	151	6.650235
1881	139	6.0746255
1881	36	6.0542874
1881	103	6.008276
1881	48	5.9126763
1881	71	5.3971753
1881	225	5.252177
1881	25	5.214726
1881	381	5.1633177
1882	129	3.5789893
1882	36	3.5088172
1882	71	3.4002812
1882	139	3.321304
1882	66	3.2643058
1882	225	3.150539
1882	381	3.1088443
1882	25	3.0650074
1882	151	3.011718
1882	103	2.9931645
1883	988	3.4331517
1883	456	3.0839236
1883	460	2.9654477
1883	466	2.8106356
1883	662	2.6267483
1883	457	2.5800688
1883	459	2.4630919
1883	462	2.432038
1883	602	2.323985
1883	1145	2.2363207
1884	59	4.5418434
1884	67	3.7560892
1884	129	3.7003458
1884	108	3.6632547
1884	463	3.579482
1884	269	3.573824
1884	273	3.4727938
1884	175	3.4098938
1884	47	3.3899653
1884	26	3.3713582
1885	36	6.0487757
1885	226	5.3462954
1885	123	5.1823535
1885	345	5.1197844
1885	59	5.081029
1885	175	4.9750395
1885	163	4.738705
1885	142	4.6736913
1885	94	4.658884
1885	334	4.5685334
1886	194	5.0914764
1886	314	4.0758133
1886	181	3.6343877
1886	292	3.4057915
1886	1064	3.3466601
1886	121	3.2794867
1886	75	3.1716754
1886	196	3.1640518
1886	119	3.1390202
1886	298	3.0679698
1887	53	7.3179584
1887	68	6.9172688
1887	151	6.8067904
1887	36	6.5625234
1887	139	6.4799824
1887	103	6.1668983
1887	71	5.9341745
1887	48	5.911008
1887	59	5.5221577
1887	25	5.5143213
1888	257	5.479371
1888	75	4.73509
1888	74	4.7292075
1888	129	4.55947
1888	119	4.5113153
1888	22	4.06984
1888	194	3.95367
1888	61	3.9499443
1888	20	3.866024
1888	216	3.8243043
1889	36	7.079244
1889	256	5.87186
1889	53	5.4071426
1889	58	5.300624
1889	148	5.12286
1889	129	5.1193132
1889	68	5.0334587
1889	164	5.0016885
1889	64	4.967293
1889	139	4.956382
1890	36	6.8112187
1890	286	6.4596305
1890	59	6.4369974
1890	66	5.5250077
1890	256	5.496775
1890	148	5.308
1890	123	5.0942426
1890	139	4.898378
1890	68	4.8694134
1890	334	4.8190584
1891	1197	3.3811972
1891	426	3.2228873
1891	1508	2.9227242
1891	1561	2.7704413
1891	1577	2.7371027
1891	344	2.7179732
1891	1352	2.5189724
1891	167	2.5042038
1891	902	2.4910617
1891	560	2.4850202
1892	53	6.8251014
1892	66	6.176632
1892	175	5.945894
1892	148	5.936452
1892	68	5.7957344
1892	139	5.7272325
1892	47	5.436608
1892	151	5.3611674
1892	48	5.3078365
1892	256	5.298719
1893	1264	2.869789
1893	1053	2.2889717
1893	636	2.2480824
1893	63	2.1957033
1893	945	2.0838768
1893	1518	2.0141103
1893	1397	1.9929503
1893	1153	1.9593781
1893	575	1.8966305
1893	1309	1.8683417
1894	769	5.129021
1894	256	4.8211694
1894	15	4.448526
1894	74	4.4405537
1894	129	4.3391514
1894	453	4.155283
1894	774	3.997259
1894	66	3.9142056
1894	67	3.7934003
1894	118	3.7492976
1895	326	5.0378733
1895	94	4.2479467
1895	36	4.2052574
1895	123	4.186553
1895	377	3.938893
1895	163	3.7798183
1895	59	3.7594976
1895	283	3.755051
1895	290	3.710752
1895	243	3.7007687
1896	36	6.3631206
1896	53	5.8496823
1896	148	5.5427475
1896	66	5.5236387
1896	139	5.209466
1896	175	5.1869874
1896	59	4.9335747
1896	157	4.7462325
1896	25	4.6902976
1896	47	4.614457
1897	123	5.818411
1897	286	5.731748
1897	36	5.262643
1897	326	4.8628345
1897	226	4.8535743
1897	334	4.7735243
1897	175	4.376551
1897	59	4.296797
1897	166	4.296515
1897	318	4.2656765
1898	58	2.755796
1898	55	2.2821126
1898	741	2.254445
1898	175	2.2380342
1898	345	2.1420782
1898	236	2.1328514
1898	163	2.0852578
1898	379	2.0779371
1898	473	2.057852
1898	167	2.0550609
1899	58	7.2149096
1899	36	6.88875
1899	59	5.990468
1899	175	5.878032
1899	47	5.818202
1899	286	5.6466103
1899	163	5.3422556
1899	139	5.3267727
1899	148	5.3179145
1899	66	5.271654
1900	36	7.531428
1900	74	6.922225
1900	53	6.795208
1900	67	6.401083
1900	216	6.196787
1900	59	6.0551906
1900	47	5.9033055
1900	129	5.8449802
1900	175	5.83237
1900	25	5.7619014
1901	58	5.180693
1901	36	4.4345846
1901	175	4.4096317
1901	59	4.2394285
1901	139	4.159905
1901	226	4.0581846
1901	157	3.9946613
1901	123	3.9567716
1901	283	3.8021789
1901	53	3.7889755
1902	36	7.254829
1902	68	5.8535123
1902	74	5.722712
1902	25	5.5203834
1902	175	5.430893
1902	47	5.426981
1902	164	5.397466
1902	256	5.175527
1902	72	5.066472
1902	71	5.062102
1903	66	5.271622
1903	148	5.051041
1903	36	4.7496443
1903	157	4.6559167
1903	151	4.441855
1903	25	4.302756
1903	71	4.209472
1903	48	4.119405
1903	175	4.0823836
1903	67	4.0513153
1904	432	5.005737
1904	53	4.5642085
1904	164	4.455996
1904	12	4.4366145
1904	785	4.4284945
1904	18	4.3534083
1904	908	4.320165
1904	257	4.231864
1904	75	4.2018466
1904	8	4.09458
1905	53	2.8814437
1905	139	2.4264467
1905	230	2.1942828
1905	175	2.1911201
1905	331	2.0749335
1905	163	2.0383823
1905	25	2.0167286
1905	432	1.9738573
1905	164	1.8907863
1905	50	1.8203777
1906	181	3.508784
1906	314	3.056732
1906	1260	2.979879
1906	292	2.9419882
1906	359	2.898051
1906	482	2.8221965
1906	909	2.8004339
1906	375	2.6874776
1906	406	2.6329546
1906	400	2.616698
1907	58	4.8444796
1907	286	4.2192836
1907	123	4.0913982
1907	345	3.872602
1907	36	3.7629642
1907	318	3.7057931
1907	384	3.7054873
1907	94	3.692488
1907	166	3.6902008
1907	334	3.661864
1908	104	7.3770537
1908	769	7.301578
1908	612	6.6523337
1908	422	6.5984364
1908	453	6.5000167
1908	452	6.473257
1908	1188	6.2293744
1908	408	6.218846
1908	865	6.215218
1908	98	5.8782415
1909	175	7.8997283
1909	67	7.516895
1909	59	7.3587556
1909	164	7.332066
1909	139	7.2834806
1909	74	7.02738
1909	66	6.4624085
1909	148	6.4070525
1909	68	6.4001565
1909	226	6.30469
1910	181	8.491682
1910	909	7.9215355
1910	359	7.358165
1910	194	7.292005
1910	400	6.626117
1910	1260	6.069891
1910	117	3.5674107
1910	637	3.5390966
1910	518	3.4512281
1910	209	3.3722646
1911	36	5.7995367
1911	66	5.7868943
1911	53	5.74531
1911	71	5.0555286
1911	157	4.9208956
1911	139	4.7840023
1911	68	4.7638497
1911	151	4.759683
1911	59	4.750419
1911	25	4.735306
1912	58	4.6717396
1912	59	4.3838687
1912	66	4.244424
1912	226	4.060586
1912	326	4.0445576
1912	47	4.0435677
1912	175	4.0166645
1912	139	3.9354138
1912	148	3.8834484
1912	68	3.81526
1913	226	3.0206997
1913	269	2.7901773
1913	36	2.6150386
1913	123	2.5908868
1913	58	2.3563688
1913	756	2.133891
1913	385	2.0632772
1913	43	2.0305395
1913	168	2.006537
1913	61	1.9368619
1914	408	4.2318974
1914	198	3.692386
1914	74	3.6736033
1914	257	3.4731834
1914	769	3.3692856
1914	15	3.296711
1914	121	3.2200532
1914	104	3.1510706
1914	1193	3.1244125
1914	12	3.113825
1915	36	6.3997636
1915	58	5.552845
1915	175	5.088902
1915	163	4.9481606
1915	139	4.9467225
1915	59	4.943001
1915	47	4.8186436
1915	123	4.7944674
1915	345	4.6218553
1915	53	4.492538
1916	59	3.3129451
1916	36	3.2860503
1916	269	3.2731688
1916	163	3.2589111
1916	139	3.2306755
1916	323	3.1130145
1916	219	2.958292
1916	67	2.9547987
1916	365	2.9376247
1916	1219	2.9119487
1917	58	4.904514
1917	149	4.5970783
1917	123	4.507711
1917	36	4.4661546
1917	226	4.2928624
1917	344	4.2020493
1917	175	4.1749334
1917	164	4.1433096
1917	379	3.9951637
1917	94	3.8407257
1918	66	6.2884307
1918	59	6.061102
1918	53	5.772091
1918	148	5.74267
1918	139	5.493433
1918	175	5.3348055
1918	68	5.160609
1918	25	5.1473684
1918	67	5.1265883
1918	157	5.097841
1919	325	2.2578683
1919	1403	2.1778085
1919	322	2.1525378
1919	286	2.120882
1919	152	2.1023347
1919	95	1.968981
1919	323	1.9249021
1919	690	1.8718853
1919	36	1.8713582
1919	201	1.8237551
1920	139	7.8412256
1920	71	7.237584
1920	103	7.1753635
1920	59	7.1670427
1920	36	7.065867
1920	48	6.919809
1920	381	6.8644376
1920	25	6.803073
1920	72	6.6012487
1920	47	6.290706
1921	53	4.416022
1921	139	4.181528
1921	36	3.9021509
1921	0	3.5444603
1921	175	3.5043547
1921	68	3.4778187
1921	221	3.4668865
1921	331	3.3447535
1921	25	3.3031445
1921	71	3.2836475
1922	194	5.5216002
1922	909	5.39643
1922	482	4.9219985
1922	257	4.758984
1922	359	4.753861
1922	15	4.6355705
1922	406	4.4799275
1922	292	4.3899407
1922	317	4.372819
1922	408	4.2534995
1923	36	5.205381
1923	53	4.873818
1923	175	4.7498164
1923	47	4.652091
1923	139	4.6100936
1923	58	4.450307
1923	148	4.3239007
1923	66	4.2244277
1923	59	4.131761
1923	226	4.1128864
1924	445	3.7666717
1924	440	3.4129503
1924	298	3.3982637
1924	31	3.3411772
1924	441	3.2485971
1924	799	3.219072
1924	447	3.1521392
1924	97	3.138063
1924	444	3.112139
1924	442	3.071179
1925	36	6.0180945
1925	74	5.6651535
1925	67	5.265632
1925	53	5.2211795
1925	175	5.0896873
1925	149	4.645198
1925	10	4.531631
1925	110	4.531089
1925	59	4.5272646
1925	25	4.374979
1926	314	3.443408
1926	181	2.9607296
1926	280	2.9466035
1926	194	2.8840587
1926	408	2.7135289
1926	317	2.697283
1926	359	2.5574625
1926	482	2.485518
1926	339	2.379704
1926	298	2.3363185
1927	47	3.317838
1927	59	3.2212052
1927	163	3.1645088
1927	58	3.1222787
1927	94	2.806971
1927	36	2.7800617
1927	53	2.7631252
1927	162	2.7125726
1927	256	2.6454453
1927	437	2.6274896
1928	58	3.8159468
1928	314	3.3498359
1928	373	3.1613898
1928	286	3.139981
1928	318	3.0441685
1928	48	3.0109732
1928	53	2.9444797
1928	326	2.9015033
1928	379	2.9005027
1928	94	2.8821237
1929	36	5.4268756
1929	74	5.3862815
1929	53	5.2291617
1929	67	4.9352713
1929	194	4.8493004
1929	164	4.7617807
1929	257	4.48548
1929	59	4.4709306
1929	121	4.4679704
1929	25	4.2288632
1930	314	3.5620983
1930	408	3.470256
1930	298	3.1141288
1930	831	3.0965688
1930	317	2.9894273
1930	181	2.9803855
1930	652	2.952346
1930	194	2.9236588
1930	226	2.8548136
1930	12	2.7698197
1931	53	5.140451
1931	129	4.727448
1931	66	4.647905
1931	71	4.5246487
1931	148	4.4931617
1931	36	4.3468633
1931	74	4.197813
1931	68	4.174342
1931	103	4.1616087
1931	72	4.107324
1932	408	7.554122
1932	453	6.8665338
1932	769	6.814692
1932	104	6.6995716
1932	209	6.6715155
1932	398	5.9587536
1932	15	5.9456835
1932	394	5.907905
1932	118	5.8952208
1932	612	5.655
1933	453	6.6874228
1933	452	6.663463
1933	98	6.5571623
1933	775	6.5556254
1933	1188	6.2665544
1933	15	6.247062
1933	209	6.174848
1933	865	6.122242
1933	118	6.017214
1933	398	6.003052
1934	36	6.082854
1934	59	4.987138
1934	58	4.8102627
1934	47	4.6851635
1934	139	4.669033
1934	53	4.649252
1934	286	4.6099133
1934	163	4.4479403
1934	25	4.313159
1934	164	4.2386556
1935	53	9.188495
1935	139	7.5402975
1935	148	7.4138956
1935	66	7.3894987
1935	36	7.1699114
1935	157	6.9252014
1935	25	6.846413
1935	151	6.718315
1935	103	6.714067
1935	72	6.528518
1936	36	4.6992164
1936	59	4.424553
1936	175	4.335181
1936	53	4.2985425
1936	139	4.239259
1936	67	3.9696984
1936	58	3.9441342
1936	47	3.8952127
1936	163	3.8102844
1936	164	3.6843545
1937	53	3.997662
1937	148	3.8619869
1937	139	3.7706587
1937	66	3.6909137
1937	48	3.594599
1937	175	3.5772893
1937	157	3.4903219
1937	151	3.4550529
1937	463	3.4016228
1937	68	3.3762236
1938	98	4.5639586
1938	769	4.4211063
1938	453	4.157095
1938	408	4.086979
1938	783	4.0165477
1938	118	3.9623828
1938	452	3.9108925
1938	15	3.8173385
1938	1188	3.7250125
1938	612	3.512702
1939	66	5.691451
1939	59	5.615287
1939	68	5.548093
1939	148	5.520486
1939	36	5.269187
1939	139	5.262364
1939	151	5.1016865
1939	71	5.0878243
1939	157	5.0670204
1939	25	4.931463
1940	53	7.37336
1940	36	7.1352305
1940	59	6.739688
1940	175	6.132045
1940	66	6.12791
1940	148	6.102258
1940	25	6.004352
1940	139	5.9770937
1940	47	5.974046
1940	68	5.8768797
1941	53	4.477383
1941	835	3.305058
1941	66	3.2834842
1941	18	3.0828419
1941	833	2.8967361
1941	177	2.8381636
1941	433	2.8298008
1941	487	2.69456
1941	224	2.6817422
1941	148	2.6461883
1942	36	6.6302156
1942	66	5.5620313
1942	286	5.391383
1942	148	5.3852525
1942	175	5.344841
1942	256	5.0521884
1942	53	5.028653
1942	68	4.9373994
1942	139	4.9011087
1942	67	4.8466487
1943	53	9.77737
1943	66	8.80491
1943	68	8.597726
1943	103	7.5686426
1943	25	7.36306
1943	42	6.8572464
1943	72	6.7993717
1943	719	6.6097517
1943	70	6.5802426
1943	225	6.536526
1944	58	6.7114105
1944	286	6.399858
1944	36	5.5779204
1944	226	5.2239804
1944	59	5.0767555
1944	175	5.0223374
1944	123	4.792039
1944	334	4.7846694
1944	142	4.576516
1944	283	4.499534
1945	36	7.241638
1945	53	6.5657167
1945	139	6.240291
1945	68	6.143175
1945	151	5.910327
1945	175	5.7539096
1945	67	5.6751213
1945	71	5.644333
1945	25	5.5059667
1945	47	5.314634
1946	58	4.191391
1946	477	3.4015884
1946	334	3.243625
1946	378	3.1957242
1946	988	3.1243675
1946	23	2.793553
1946	155	2.7568946
1946	473	2.7076416
1946	123	2.6266
1946	344	2.60693
1947	36	6.0154514
1947	74	5.19357
1947	59	4.9589314
1947	53	4.6094
1947	269	4.5734487
1947	139	4.4111156
1947	25	4.28049
1947	68	4.263137
1947	164	4.256787
1947	71	4.243807
1948	53	6.2769103
1948	36	5.992901
1948	68	5.4869885
1948	148	5.452837
1948	66	5.438469
1948	256	5.4183483
1948	67	5.3190985
1948	175	5.272935
1948	25	5.2228246
1948	71	5.210122
1949	68	7.53655
1949	157	7.2011814
1949	59	6.93582
1949	71	6.9158373
1949	25	6.767634
1949	175	6.6515746
1949	103	6.588528
1949	47	6.4851003
1949	381	6.4487686
1949	48	6.432481
1950	88	4.1155324
1950	59	3.986813
1950	36	3.5907934
1950	256	3.532446
1950	286	3.3763301
1950	326	3.3522797
1950	68	3.2767167
1950	58	3.151732
1950	225	3.1178517
1950	66	3.1169658
1951	1491	5.2412763
1951	23	4.8921714
1951	1435	4.1392703
1951	28	3.9401255
1951	117	3.0066588
1951	819	2.930241
1951	1511	2.3730488
1951	1557	2.3103533
1951	943	2.178272
1951	1281	2.1694589
1952	58	5.033714
1952	123	4.69568
1952	286	4.281389
1952	345	3.9588726
1952	334	3.8860996
1952	226	3.5956705
1952	166	3.5801597
1952	384	3.521113
1952	142	3.3455436
1952	318	3.3329186
1953	139	4.8607388
1953	36	4.654605
1953	47	4.592173
1953	58	4.409134
1953	148	4.375066
1953	66	4.3079605
1953	48	4.255992
1953	68	4.168453
1953	67	4.08262
1953	286	4.0217013
1954	36	6.2324905
1954	66	5.5265512
1954	53	5.1379485
1954	59	4.987938
1954	148	4.535322
1954	67	4.515146
1954	139	4.5132546
1954	175	4.346383
1954	151	4.3077955
1954	68	4.2495894
1955	314	5.074544
1955	123	5.0312085
1955	194	4.6780415
1955	326	4.612095
1955	298	4.560822
1955	318	4.3969393
1955	343	4.389801
1955	142	4.228197
1955	384	4.1099396
1955	283	4.070821
1956	58	4.8667583
1956	36	4.790251
1956	306	4.6105804
1956	379	4.5285225
1956	74	4.064271
1956	175	4.0474496
1956	286	3.961466
1956	47	3.9222379
1956	59	3.8529427
1956	162	3.8235211
1957	36	7.0844903
1957	53	7.0684934
1957	59	6.288471
1957	67	6.1167374
1957	68	6.0939035
1957	139	6.028458
1957	157	5.881816
1957	151	5.738262
1957	175	5.6557264
1957	48	5.458118
1958	286	5.2064385
1958	58	4.9217334
1958	36	4.8385878
1958	326	4.364592
1958	59	4.129117
1958	175	3.9919438
1958	226	3.969196
1958	774	3.9254873
1958	142	3.896134
1958	256	3.8321357
1959	36	6.33921
1959	53	5.5260935
1959	74	5.141612
1959	10	5.009346
1959	59	5.00593
1959	164	4.9973793
1959	175	4.9337807
1959	67	4.8602066
1959	47	4.6404915
1959	25	4.6151
1960	36	7.106521
1960	53	6.224889
1960	139	5.8479285
1960	66	5.690026
1960	148	5.6506953
1960	68	5.628544
1960	47	5.5052204
1960	175	5.4279356
1960	25	5.3733006
1960	59	5.2905693
1961	123	2.9442265
1961	58	2.8379736
1961	167	2.7697988
1961	379	2.611149
1961	306	2.510431
1961	1391	2.4951265
1961	384	2.4788427
1961	371	2.4535975
1961	10	2.4428558
1961	964	2.3941054
1962	53	5.764858
1962	139	4.567461
1962	71	4.520405
1962	36	4.50664
1962	148	4.494784
1962	47	4.3281264
1962	68	4.305933
1962	157	4.2518096
1962	381	4.2256775
1962	66	4.2024446
1963	68	5.204866
1963	66	4.9652452
1963	148	4.9359527
1963	139	4.789618
1963	71	4.739138
1963	157	4.7288346
1963	381	4.587592
1963	151	4.5790725
1963	103	4.559732
1963	0	4.238992
1964	345	3.16053
1964	58	3.0259
1964	175	2.7765985
1964	803	2.6185749
1964	424	2.567039
1964	379	2.466197
1964	111	2.4405184
1964	141	2.4144864
1964	117	2.3799918
1964	437	2.375035
1965	1023	3.2260725
1965	325	2.7999127
1965	298	2.5978441
1965	672	2.5656266
1965	115	2.4820457
1965	168	2.379676
1965	39	2.3179455
1965	329	2.25802
1965	314	2.236631
1965	306	2.1606767
1966	148	7.0024266
1966	53	6.7645245
1966	68	6.6322575
1966	36	6.615565
1966	157	6.373296
1966	139	6.2352924
1966	48	5.8345547
1966	59	5.833997
1966	103	5.736737
1966	71	5.4927216
1967	53	6.2610207
1967	71	4.8653793
1967	66	4.5003524
1967	67	4.4018655
1967	148	4.3534966
1967	25	4.3142796
1967	381	4.281177
1967	103	4.1497073
1967	36	4.03959
1967	72	4.027952
1968	53	7.1523557
1968	36	6.892182
1968	66	6.578713
1968	148	6.411245
1968	139	6.32307
1968	25	6.0112934
1968	157	5.917779
1968	47	5.814013
1968	71	5.7584105
1968	151	5.7463007
1969	68	4.3375745
1969	148	4.071431
1969	225	3.9909215
1969	103	3.8942246
1969	157	3.700377
1969	139	3.6879466
1969	151	3.6615965
1969	59	3.6350353
1969	36	3.4372308
1969	175	3.3383508
1970	36	6.6305394
1970	58	6.228081
1970	286	5.9349465
1970	59	5.532169
1970	47	5.483163
1970	139	5.4076943
1970	226	5.3434854
1970	123	5.298729
1970	53	5.158233
1970	166	5.0861454
1971	1193	6.178918
1971	21	5.525805
1971	769	5.507551
1971	408	5.113667
1971	129	4.9837155
1971	74	4.9446545
1971	125	4.6290555
1971	61	4.6099854
1971	104	4.5562253
1971	119	4.4694624
1972	36	5.4074817
1972	58	4.6188974
1972	59	4.5457697
1972	139	4.202665
1972	66	3.9836292
1972	148	3.967986
1972	43	3.88602
1972	47	3.855077
1972	345	3.8392618
1972	48	3.8367567
1973	795	5.348864
1973	1291	5.0030293
1973	1589	4.3831587
1973	1032	4.2993674
1973	1481	4.255258
1973	1417	4.1302104
1973	845	4.105687
1973	1474	4.052152
1973	1178	4.0200586
1973	549	3.9904969
1974	66	6.524769
1974	53	6.4028444
1974	59	6.3663645
1974	148	6.259497
1974	68	5.856379
1974	139	5.7773747
1974	175	5.711227
1974	157	5.68672
1974	67	5.4459257
1974	47	5.415652
1975	53	6.8790374
1975	66	6.5645924
1975	175	6.50634
1975	139	6.467665
1975	148	6.409969
1975	68	6.403659
1975	67	6.2558336
1975	25	6.2070236
1975	47	6.2042675
1975	256	6.1923075
1976	53	7.7254257
1976	66	7.4536557
1976	148	7.3542514
1976	139	7.1207647
1976	68	6.99914
1976	151	6.430239
1976	71	6.3158984
1976	59	6.1256475
1976	25	6.116862
1976	103	6.047586
1977	123	4.4168706
1977	36	4.4071712
1977	269	3.7389348
1977	59	3.4573324
1977	67	3.4489343
1977	108	3.1876147
1977	141	3.1578724
1977	25	3.133333
1977	175	3.1253548
1977	164	3.0982752
1978	221	4.6870885
1978	71	3.9938054
1978	381	3.879577
1978	53	3.841398
1978	68	3.8180382
1978	225	3.688673
1978	139	3.6362665
1978	105	3.5908434
1978	72	3.5236912
1978	784	3.482916
1979	53	6.82841
1979	36	6.1445184
1979	139	5.913653
1979	157	5.88308
1979	151	5.8141694
1979	67	5.099641
1979	175	5.07616
1979	47	4.982079
1979	72	4.921839
1979	225	4.8839498
1980	36	6.837285
1980	59	6.185607
1980	66	5.920242
1980	256	5.7707744
1980	148	5.541517
1980	129	5.4950805
1980	71	5.4793487
1980	25	5.479128
1980	68	5.4292955
1980	139	5.274042
1981	257	4.2282457
1981	198	4.0675
1981	2	3.996106
1981	452	3.8608215
1981	209	3.5396826
1981	119	3.483933
1981	398	3.2378242
1981	408	3.231555
1981	137	3.2313762
1981	987	3.2158465
1982	104	3.4580574
1982	783	3.086651
1982	56	3.0842218
1982	775	3.051803
1982	269	3.026479
1982	408	2.9406013
1982	118	2.921261
1982	59	2.9176126
1982	394	2.8488884
1982	612	2.8456442
1983	769	5.5436997
1983	36	5.335771
1983	59	5.2204466
1983	783	5.0847254
1983	129	5.0188336
1983	104	5.0058365
1983	66	4.813767
1983	256	4.7583857
1983	408	4.5469785
1983	98	4.526988
1984	36	4.7806373
1984	66	4.044686
1984	23	3.9066606
1984	379	3.8775225
1984	67	3.8598099
1984	92	3.8216085
1984	139	3.7668774
1984	175	3.7666633
1984	53	3.7354774
1984	148	3.6947813
1985	286	4.6382904
1985	326	4.334929
1985	714	4.1902685
1985	58	4.1530285
1985	123	3.9689317
1985	94	3.949614
1985	143	3.8770661
1985	632	3.6182466
1985	290	3.5878062
1985	142	3.5840218
1986	139	6.099177
1986	66	6.0026817
1986	68	5.786852
1986	175	5.338712
1986	151	5.2865386
1986	67	4.986099
1986	273	4.930076
1986	381	4.701088
1986	0	4.682855
1986	164	4.5262027
1987	139	5.055242
1987	36	5.0384145
1987	53	4.658967
1987	68	4.494048
1987	175	4.4486947
1987	47	4.424965
1987	148	4.377483
1987	66	4.3546286
1987	59	4.3242292
1987	163	4.2567263
1988	118	5.245885
1988	769	5.0531673
1988	53	4.9909477
1988	15	4.8157463
1988	129	4.799327
1988	59	4.7904105
1988	66	4.6158495
1988	71	4.51249
1988	225	4.453207
1988	67	4.3662643
1989	36	6.0809307
1989	74	6.0535693
1989	53	5.548207
1989	216	5.494772
1989	23	5.294728
1989	164	5.293531
1989	67	5.285047
1989	200	4.9599414
1989	59	4.9134445
1989	129	4.8896785
1990	53	4.756589
1990	71	4.205476
1990	103	4.163189
1990	68	4.139475
1990	59	4.0831623
1990	72	3.862593
1990	66	3.7494555
1990	784	3.741884
1990	151	3.738678
1990	221	3.7371907
1991	66	6.4031415
1991	36	6.1432867
1991	148	5.8605566
1991	139	5.4802933
1991	67	5.3936853
1991	68	5.3212934
1991	71	5.290832
1991	157	5.2589784
1991	151	5.155539
1991	59	5.137619
1992	139	3.3042905
1992	66	3.284139
1992	68	3.2303364
1992	157	3.1229258
1992	381	3.104246
1992	71	3.0924156
1992	48	3.0898724
1992	36	3.043392
1992	151	3.0228024
1992	103	2.9770386
1993	769	6.4310465
1993	104	5.750815
1993	453	5.554168
1993	783	5.5065536
1993	408	5.341451
1993	98	5.3064
1993	775	5.2836113
1993	452	5.0615807
1993	612	5.0520244
1993	1188	5.0157566
1994	58	5.8956366
1994	345	5.5735116
1994	175	5.2459593
1994	67	5.107343
1994	53	5.027939
1994	74	4.9678483
1994	149	4.9511995
1994	59	4.902139
1994	66	4.7911158
1994	163	4.771892
1995	66	6.260728
1995	53	6.042548
1995	139	5.9420104
1995	68	5.8899364
1995	48	5.6768436
1995	36	5.63049
1995	151	5.5827165
1995	175	5.551901
1995	47	5.3494143
1995	59	5.257819
1996	432	5.0884333
1996	117	4.098062
1996	177	3.9848337
1996	993	3.885393
1996	10	3.8554406
1996	2	3.8538582
1996	121	3.8015218
1996	149	3.6968381
1996	314	3.6127841
1996	773	3.6069121
1997	123	4.6582212
1997	36	4.3021836
1997	175	4.0597253
1997	345	3.8257143
1997	344	3.7332604
1997	58	3.7094991
1997	379	3.6911278
1997	226	3.6411889
1997	384	3.3791175
1997	59	3.316903
1998	36	3.7998934
1998	139	3.173953
1998	175	3.1015394
1998	163	3.0714045
1998	345	2.845769
1998	47	2.830353
1998	148	2.7045164
1998	66	2.644416
1998	256	2.6413157
1998	286	2.619247
1999	53	6.088582
1999	66	5.2826166
1999	59	5.1400504
1999	36	5.0830817
1999	48	5.03942
1999	68	4.846874
1999	67	4.840728
1999	175	4.734899
1999	151	4.6565657
1999	256	4.642227
2000	1620	3.7674363
2000	1079	3.6197026
2000	549	3.164374
2000	1512	3.077535
2000	215	3.0472784
2000	1563	2.9638705
2000	581	2.916307
2000	1465	2.808384
2000	1608	2.7450602
2000	1065	2.7135584
2001	53	6.264537
2001	68	6.1776633
2001	71	6.043817
2001	139	6.0058665
2001	47	5.8313384
2001	67	5.727326
2001	129	5.4295945
2001	175	5.370839
2001	0	5.3673396
2001	64	5.335699
2002	148	3.2552881
2002	66	3.1994655
2002	36	3.1596286
2002	58	3.108011
2002	68	2.914149
2002	53	2.867888
2002	157	2.808909
2002	151	2.7843585
2002	139	2.6073306
2002	175	2.572577
2003	769	3.1010005
2003	118	3.0893598
2003	498	3.0829399
2003	775	2.586128
2003	98	2.5528946
2003	783	2.5441291
2003	104	2.350832
2003	398	2.2386503
2003	876	2.2311707
2003	612	2.2048535
2004	36	7.758452
2004	148	7.601954
2004	139	7.3774753
2004	157	6.953741
2004	151	6.674294
2004	25	6.640848
2004	175	6.6322427
2004	103	6.4930034
2004	48	6.3967295
2004	47	6.3496118
2005	36	7.367975
2005	66	6.9678445
2005	148	6.8894653
2005	139	6.7727175
2005	68	6.7557554
2005	59	6.480464
2005	175	6.34747
2005	157	6.2584143
2005	71	6.2051687
2005	47	6.0926814
2006	104	6.941514
2006	422	6.381935
2006	398	6.2542086
2006	612	6.165477
2006	452	6.0600934
2006	1188	5.9155893
2006	865	5.89216
2006	453	5.798585
2006	1135	5.4267125
2006	408	5.407298
2007	334	4.3582225
2007	123	4.222287
2007	377	4.1826367
2007	345	4.1338186
2007	384	4.0158405
2007	379	3.675267
2007	166	3.4728718
2007	249	3.4181843
2007	344	3.3855999
2007	803	3.3254807
2008	66	6.407519
2008	53	6.3188057
2008	148	6.0992503
2008	151	5.825423
2008	157	5.7503285
2008	68	5.7432303
2008	139	5.7052855
2008	103	5.4862494
2008	71	5.3671927
2008	48	5.0919223
2009	53	6.700774
2009	36	6.64005
2009	148	6.340168
2009	59	6.2757335
2009	139	6.2342925
2009	68	6.2223816
2009	66	6.1923757
2009	67	6.103453
2009	71	5.9819117
2009	25	5.836097
2010	53	9.695957
2010	139	8.055598
2010	66	7.993438
2010	148	7.8775554
2010	36	7.694815
2010	59	7.6338377
2010	157	7.3949428
2010	25	7.3254886
2010	151	7.0632157
2010	103	7.0371575
2011	139	4.576546
2011	66	4.4728312
2011	148	4.4046674
2011	59	4.366857
2011	53	4.3244944
2011	68	4.175954
2011	157	4.138603
2011	286	4.090544
2011	175	4.0044127
2011	151	3.9376009
2012	769	6.405364
2012	394	6.1655216
2012	452	5.91077
2012	422	5.900402
2012	612	5.8819447
2012	398	5.837567
2012	453	5.7235727
2012	1188	5.612018
2012	118	5.4847255
2012	1135	5.418005
2013	123	3.6070993
2013	58	3.5965688
2013	286	3.5697803
2013	163	3.335234
2013	344	3.2657244
2013	226	3.1720114
2013	374	2.9185076
2013	166	2.8916688
2013	243	2.8521106
2013	371	2.8290892
2014	432	3.9802768
2014	53	3.8997364
2014	177	3.8650904
2014	75	3.8055794
2014	409	3.704448
2014	8	3.6957278
2014	18	3.538064
2014	12	3.5214689
2014	1340	3.0948534
2014	924	3.0711665
2015	148	3.6005976
2015	66	3.490422
2015	68	3.1166286
2015	151	3.028686
2015	157	3.023496
2015	67	2.9928715
2015	103	2.9754248
2015	36	2.7444153
2015	48	2.698442
2015	139	2.6423032
2016	769	5.2367487
2016	15	4.7644916
2016	408	4.758957
2016	118	4.6200085
2016	256	4.5929794
2016	59	4.573913
2016	129	4.5479903
2016	104	4.445421
2016	36	4.3831725
2016	108	4.3302245
2017	314	5.137387
2017	359	4.602045
2017	298	4.2516127
2017	181	4.163068
2017	909	3.9859734
2017	343	3.9262588
2017	482	3.8375723
2017	36	3.8174355
2017	292	3.7828584
2017	345	3.7008374
2018	123	3.4904623
2018	141	3.3413627
2018	166	3.1975307
2018	344	3.07099
2018	167	3.0079563
2018	345	2.959803
2018	306	2.8350868
2018	249	2.7820354
2018	58	2.7435825
2018	371	2.7212086
2019	66	3.670106
2019	53	3.6448164
2019	118	3.243828
2019	71	3.2333536
2019	408	3.0879505
2019	36	3.0835345
2019	40	3.0088522
2019	129	2.9686031
2019	148	2.9649453
2019	269	2.9432418
2020	36	7.52519
2020	53	6.9912133
2020	66	6.360548
2020	59	6.2644033
2020	148	5.9883814
2020	67	5.9843593
2020	175	5.983812
2020	139	5.855606
2020	164	5.818531
2020	25	5.717174
2021	1348	5.508897
2021	406	3.99318
2021	194	3.9247198
2021	909	3.4097807
2021	400	3.3383687
2021	75	3.1584144
2021	477	2.978588
2021	343	2.8938432
2021	764	2.8672378
2021	181	2.6658545
2022	408	5.0802865
2022	769	4.934713
2022	98	4.2960415
2022	783	4.0107827
2022	15	3.9157884
2022	209	3.9152572
2022	453	3.895189
2022	775	3.7753606
2022	394	3.6004567
2022	1135	3.599885
2023	257	3.8216274
2023	314	3.4191391
2023	12	3.0511672
2023	1193	2.9764156
2023	121	2.975969
2023	2	2.8860295
2023	181	2.7808547
2023	27	2.4636106
2023	14	2.447041
2023	74	2.4342308
2024	36	5.655354
2024	58	5.109368
2024	123	5.0730658
2024	175	4.8827972
2024	164	4.8498497
2024	226	4.653302
2024	74	4.6473837
2024	149	4.635499
2024	10	4.551472
2024	53	4.4713817
2025	286	3.7466962
2025	326	2.9779642
2025	318	2.934715
2025	142	2.925767
2025	163	2.7868893
2025	94	2.6526442
2025	143	2.6516163
2025	226	2.621812
2025	290	2.6190505
2025	36	2.5741851
2026	36	4.720969
2026	15	4.3349605
2026	53	4.1573915
2026	257	4.1524634
2026	75	4.1125693
2026	414	4.081706
2026	216	4.0164685
2026	12	3.9944072
2026	121	3.9933178
2026	67	3.9715226
2027	36	6.071837
2027	58	5.427103
2027	286	4.9037404
2027	345	4.895237
2027	175	4.878815
2027	163	4.8760157
2027	10	4.826498
2027	226	4.7275634
2027	379	4.5217643
2027	139	4.5040827
2028	47	4.8788104
2028	67	4.7369475
2028	175	4.6472945
2028	139	4.5954733
2028	25	4.5820227
2028	68	4.5220184
2028	256	4.5034037
2028	164	4.470397
2028	66	4.297943
2028	74	4.209708
2029	59	6.065313
2029	139	6.0557966
2029	175	5.931119
2029	47	5.8676167
2029	25	5.682718
2029	67	5.5250697
2029	68	5.4335885
2029	74	5.379189
2029	66	5.3284545
2029	148	5.320346
2030	35	2.7509274
2030	821	2.7056332
2030	56	2.4652898
2030	331	2.2292526
2030	889	2.1350117
2030	956	2.09256
2030	91	2.0206404
2030	40	1.9857789
2030	71	1.9849446
2030	752	1.9252465
2031	58	5.360233
2031	36	4.3507295
2031	318	4.229889
2031	283	4.183363
2031	326	4.172013
2031	175	4.065351
2031	139	4.0323863
2031	10	3.8213983
2031	59	3.727532
2031	163	3.7177434
2032	36	4.8085165
2032	379	4.0957704
2032	53	4.0697656
2032	67	3.998611
2032	58	3.9727526
2032	344	3.951608
2032	163	3.7625077
2032	139	3.7607331
2032	47	3.749366
2032	345	3.7165093
2033	36	7.7602367
2033	58	6.848712
2033	53	6.315624
2033	66	6.136786
2033	286	5.9954753
2033	148	5.9454145
2033	47	5.91305
2033	67	5.9002385
2033	139	5.84342
2033	25	5.612451
2034	58	5.597531
2034	379	4.548277
2034	163	4.262406
2034	286	4.191361
2034	166	4.1670203
2034	175	4.0153337
2034	111	3.952552
2034	334	3.812661
2034	318	3.7804346
2034	94	3.662982
2035	148	7.7537794
2035	103	6.7485385
2035	71	6.6670394
2035	36	6.383393
2035	42	5.757221
2035	70	5.7026434
2035	273	5.630507
2035	44	5.574875
2035	175	5.508321
2035	719	5.4585886
2036	47	4.505379
2036	163	4.1525583
2036	59	3.96564
2036	53	3.7497187
2036	226	3.749427
2036	139	3.745884
2036	162	3.7417996
2036	67	3.5237405
2036	25	3.5075357
2036	43	3.4611375
2037	36	7.250895
2037	53	7.175191
2037	139	6.6907144
2037	66	6.3758054
2037	148	6.3412356
2037	59	6.3181906
2037	68	6.2814856
2037	175	6.2710285
2037	157	5.8518724
2037	25	5.8356643
2038	769	4.128727
2038	123	3.9690719
2038	98	3.9469085
2038	58	3.9419444
2038	15	3.6652358
2038	256	3.5476341
2038	895	3.461802
2038	59	3.4607527
2038	36	3.310246
2038	774	3.2909179
2039	58	4.8240504
2039	36	4.0816264
2039	166	4.011267
2039	163	3.937204
2039	123	3.8773608
2039	175	3.7475162
2039	171	3.7377388
2039	345	3.6364734
2039	334	3.4620605
2039	94	3.4102705
2040	286	4.9074535
2040	139	4.8951273
2040	36	4.8467402
2040	59	4.5824065
2040	47	4.297052
2040	175	4.260148
2040	58	4.230568
2040	66	4.1783657
2040	318	4.099659
2040	68	4.0674787
2041	75	4.10429
2041	432	4.0214133
2041	74	4.0178566
2041	257	3.8719575
2041	8	3.8159246
2041	773	3.7939057
2041	915	3.5356674
2041	2	3.5159757
2041	118	3.3462782
2041	1343	3.2719016
2042	799	7.201724
2042	439	7.155802
2042	445	6.7134542
2042	446	6.3337226
2042	31	6.0831785
2042	579	5.6300073
2042	438	5.139605
2042	34	4.8924074
2042	792	3.643919
2042	1618	3.0675888
2043	53	6.064079
2043	151	5.252589
2043	36	5.1402082
2043	157	5.0416174
2043	68	4.7378163
2043	103	4.6594176
2043	59	4.526825
2043	71	4.4985785
2043	48	4.331115
2043	381	4.3111453
2044	453	7.76116
2044	104	7.6669297
2044	769	7.581473
2044	1188	7.535116
2044	394	7.418753
2044	775	7.025387
2044	783	7.004993
2044	612	6.890252
2044	98	6.3913236
2044	134	6.298009
2045	36	7.2997947
2045	59	6.031642
2045	67	5.960049
2045	139	5.7674227
2045	164	5.6072407
2045	74	5.503685
2045	148	5.177964
2045	68	5.16122
2045	66	5.1480145
2045	71	5.003213
2046	447	4.812971
2046	31	4.712166
2046	441	4.5950823
2046	439	4.496494
2046	445	4.485913
2046	440	4.435161
2046	799	4.280807
2046	444	4.1450567
2046	446	3.9736037
2046	579	3.9434388
2047	286	2.0580003
2047	81	1.9996896
2047	86	1.9566056
2047	139	1.9512511
2047	133	1.9083284
2047	47	1.8897805
2047	147	1.8817127
2047	389	1.8212516
2047	529	1.7769542
2047	0	1.7700657
2048	58	4.753239
2048	36	4.6904917
2048	175	4.5867047
2048	123	4.390009
2048	286	4.3614893
2048	119	4.1583357
2048	164	4.136504
2048	163	4.0129323
2048	67	4.0107546
2048	59	3.9263544
2049	58	5.6993694
2049	334	4.8273025
2049	36	4.8172936
2049	379	4.6999435
2049	123	4.533776
2049	226	4.461082
2049	306	4.4232063
2049	175	4.4019747
2049	345	4.3411903
2049	384	4.32776
2050	66	6.5101233
2050	68	6.2540436
2050	157	6.0943456
2050	151	5.8427806
2050	103	5.5544515
2050	36	5.5223713
2050	71	5.5064487
2050	48	5.360908
2050	381	5.1155515
2050	25	5.041566
2051	53	4.194395
2051	117	3.625463
2051	908	3.607936
2051	257	3.2856245
2051	177	3.2416902
2051	842	3.0923405
2051	164	3.0695908
2051	785	3.0447435
2051	784	2.9944298
2051	74	2.9863334
2052	74	6.2145033
2052	36	5.3754306
2052	216	5.044537
2052	67	5.034861
2052	129	4.9388094
2052	119	4.8532667
2052	15	4.832989
2052	164	4.7919426
2052	75	4.679678
2052	842	4.6250653
2053	318	2.682677
2053	143	2.5016625
2053	326	2.3387258
2053	345	2.209606
2053	243	2.188058
2053	226	2.1577084
2053	111	2.0126557
2053	690	1.9638288
2053	283	1.9325626
2053	450	1.8446641
2054	426	3.3242722
2054	1495	3.2513964
2054	371	3.1599424
2054	384	2.9742424
2054	379	2.7490447
2054	167	2.5964248
2054	123	2.5473857
2054	958	2.5468092
2054	1197	2.5351956
2054	470	2.5109634
2055	139	6.1668086
2055	148	6.036686
2055	175	5.9335303
2055	66	5.8177476
2055	48	5.485798
2055	68	5.4593153
2055	157	5.3421397
2055	59	5.2150984
2055	151	5.0611925
2055	67	5.0284863
2056	80	2.748803
2056	727	2.4827745
2056	84	2.2822258
2056	226	2.242122
2056	83	2.0782454
2056	139	2.0774276
2056	625	2.0553224
2056	344	2.0552135
2056	48	1.9771882
2056	66	1.9674598
2057	123	5.006254
2057	345	4.340381
2057	334	4.1056337
2057	163	3.810799
2057	166	3.782087
2057	94	3.7643874
2057	36	3.7473836
2057	175	3.6209865
2057	286	3.605392
2057	379	3.4643185
2058	39	2.0155985
2058	421	1.9484117
2058	961	1.9402251
2058	189	1.9171927
2058	1017	1.8939372
2058	1352	1.8339932
2058	1510	1.8107809
2058	110	1.7623183
2058	52	1.7546275
2058	1060	1.7467457
2059	36	6.1075926
2059	58	5.980815
2059	59	5.503794
2059	142	5.2793236
2059	66	5.2046657
2059	175	5.015702
2059	148	5.0121813
2059	463	4.9227767
2059	256	4.7713633
2059	88	4.7512927
2060	148	6.6547537
2060	139	6.567951
2060	36	6.32695
2060	71	6.121127
2060	59	6.0989394
2060	157	6.0984125
2060	151	5.8847446
2060	103	5.8747015
2060	25	5.7900705
2060	381	5.7385755
2061	88	4.7343626
2061	66	4.225902
2061	59	4.1898017
2061	148	4.1293583
2061	68	3.9654508
2061	139	3.8485796
2061	53	3.8436725
2061	225	3.8170707
2061	36	3.7954202
2061	54	3.7953818
2062	148	7.062188
2062	36	6.8122764
2062	53	6.597591
2062	157	6.301201
2062	139	6.2502337
2062	151	6.239438
2062	59	5.9752665
2062	48	5.8824067
2062	175	5.7591763
2062	47	5.3638263
2063	123	4.4545555
2063	59	4.206132
2063	345	4.1944537
2063	166	3.9807217
2063	163	3.9656196
2063	377	3.9060721
2063	47	3.8869314
2063	175	3.868846
2063	286	3.8588064
2063	226	3.8137038
2064	53	5.3621287
2064	66	4.873598
2064	148	4.8507185
2064	139	4.6484733
2064	175	4.6339006
2064	226	4.0609555
2064	286	4.0217977
2064	59	3.975364
2064	123	3.9414046
2064	625	3.8927634
2065	334	3.3304837
2065	384	3.1887472
2065	377	3.1705692
2065	286	3.0012932
2065	285	2.9000494
2065	326	2.7602167
2065	378	2.664702
2065	290	2.6223073
2065	306	2.5919707
2065	226	2.5567038
2066	769	5.3055677
2066	104	5.076531
2066	453	4.829447
2066	129	4.7609696
2066	783	4.6725
2066	452	4.4804087
2066	1188	4.478379
2066	118	4.4383664
2066	612	4.4060793
2066	408	4.3462634
2067	36	5.474722
2067	74	5.440311
2067	53	5.2930493
2067	67	5.0223584
2067	216	4.8216653
2067	164	4.8076186
2067	129	4.7482758
2067	25	4.379523
2067	108	4.303967
2067	842	4.200792
2068	323	3.1249824
2068	142	2.7677875
2068	318	2.5618331
2068	58	2.5424635
2068	62	2.469074
2068	290	2.264828
2068	143	2.2310452
2068	201	2.218361
2068	219	2.2182999
2068	59	2.1947608
2069	452	7.7235503
2069	1135	6.915056
2069	104	6.487687
2069	769	6.4755154
2069	394	6.284296
2069	398	6.264321
2069	612	5.87246
2069	98	5.836065
2069	775	5.712375
2069	865	5.6238275
2070	53	5.48582
2070	129	5.356732
2070	36	5.1329937
2070	67	4.993396
2070	164	4.685231
2070	59	4.6646914
2070	842	4.635309
2070	119	4.6200004
2070	221	4.5063457
2070	25	4.504185
2071	53	5.7900777
2071	148	5.637156
2071	48	5.571246
2071	139	5.5677395
2071	175	5.454065
2071	66	5.34368
2071	157	5.3367987
2071	47	5.319957
2071	68	5.2999234
2071	151	4.8621516
2072	194	4.199174
2072	314	2.8219407
2072	359	2.821299
2072	1002	2.7745955
2072	280	2.7362847
2072	317	2.723539
2072	292	2.7089248
2072	480	2.6676342
2072	310	2.6084445
2072	56	2.4248204
2073	1067	9.155414
2073	1547	7.064282
2073	982	6.8691115
2073	1626	5.85861
2073	302	5.492712
2073	1339	5.106893
2073	836	4.3491917
2073	1291	4.234576
2073	429	4.16788
2073	264	3.8419037
2074	58	6.5143414
2074	36	6.3196054
2074	175	5.669874
2074	286	5.6324005
2074	59	5.6106563
2074	123	5.4932246
2074	345	5.1548095
2074	47	5.123707
2074	139	5.112685
2074	163	5.074264
2075	53	6.8150997
2075	59	6.7975593
2075	66	6.7252812
2075	68	6.6313553
2075	148	6.382172
2075	139	6.3437953
2075	157	6.040222
2075	71	6.0055637
2075	25	5.932113
2075	151	5.797891
2076	36	5.0563946
2076	59	4.805056
2076	58	4.6354594
2076	344	4.461393
2076	175	4.3981814
2076	378	4.299623
2076	47	4.2319255
2076	74	4.173443
2076	256	4.159696
2076	226	4.1488633
2077	53	2.7766283
2077	66	2.742744
2077	48	2.5501645
2077	36	2.5427296
2077	175	2.4410775
2077	373	2.376165
2077	157	2.3576458
2077	625	2.3498602
2077	163	2.3245375
2077	68	2.3241913
2078	175	6.491982
2078	58	6.139706
2078	47	6.053089
2078	67	5.9647017
2078	48	5.825461
2078	25	5.772562
2078	256	5.74655
2078	273	5.658283
2078	286	5.449342
2078	103	5.2954974
2079	36	7.6253276
2079	59	6.459789
2079	67	5.886368
2079	175	5.7723465
2079	53	5.633858
2079	74	5.631391
2079	47	5.631231
2079	25	5.434638
2079	139	5.4133754
2079	256	5.36402
2080	286	3.9129207
2080	292	3.3924506
2080	1282	3.363522
2080	298	3.3481011
2080	12	3.3363883
2080	318	3.2177052
2080	123	3.1313906
2080	378	3.0954769
2080	36	2.9883468
2080	142	2.938802
2081	36	8.3212185
2081	53	7.655665
2081	148	7.0318556
2081	139	6.878391
2081	68	6.7737393
2081	175	6.5954866
2081	25	6.581511
2081	157	6.4203453
2081	67	6.4139814
2081	71	6.360123
2082	53	2.9354796
2082	139	2.762192
2082	432	2.3894806
2082	18	2.3408675
2082	50	2.3235269
2082	182	2.3227923
2082	175	2.2574184
2082	383	2.222692
2082	364	2.1107914
2082	105	2.0506585
2083	53	6.46573
2083	36	6.161258
2083	139	5.9811897
2083	148	5.801055
2083	66	5.783463
2083	68	5.4541235
2083	175	5.3404274
2083	47	5.2476764
2083	59	5.1034794
2083	151	5.087118
2084	149	3.9411774
2084	58	3.9275277
2084	123	3.8314376
2084	36	3.6337936
2084	164	3.3221533
2084	94	3.3012521
2084	67	3.226801
2084	74	3.2067099
2084	175	3.1781094
2084	43	3.1687343
2085	66	7.8771
2085	157	7.225434
2085	36	7.0004034
2085	103	6.7374024
2085	48	6.397964
2085	59	6.3509808
2085	72	6.05628
2085	0	5.8732963
2085	175	5.8678126
2085	273	5.778034
2086	53	7.7764654
2086	66	7.3877544
2086	148	7.132586
2086	139	7.1193438
2086	67	6.559745
2086	157	6.5586333
2086	25	6.3995347
2086	151	6.3517733
2086	71	6.0706453
2086	48	6.0301743
2087	58	3.0290816
2087	384	2.9187686
2087	334	2.8513293
2087	895	2.812541
2087	375	2.788198
2087	238	2.5751264
2087	209	2.5497153
2087	326	2.5472548
2087	286	2.5093246
2087	314	2.3432667
2088	53	3.5526445
2088	175	3.3413298
2088	66	2.6973765
2088	59	2.6875646
2088	579	2.6687396
2088	48	2.6249666
2088	139	2.5715969
2088	148	2.5169897
2088	373	2.5053995
2088	67	2.47789
2089	36	7.7694793
2089	53	7.1545396
2089	59	6.8733706
2089	66	6.7323174
2089	175	6.7288346
2089	148	6.687432
2089	68	6.3650055
2089	157	6.0337033
2089	67	5.9389706
2089	58	5.880407
2090	889	4.213874
2090	934	2.7848632
2090	1357	2.5154548
2090	752	2.4494896
2090	1575	2.3993025
2090	826	2.265347
2090	821	2.2590065
2090	827	2.2443392
2090	1172	2.2397492
2090	1069	2.1321318
2091	194	4.8870354
2091	909	4.6728296
2091	298	4.5487056
2091	292	4.5431285
2091	123	4.398517
2091	317	4.312913
2091	257	4.270789
2091	67	4.018864
2091	198	3.9579217
2091	359	3.9437945
2092	439	2.891458
2092	447	2.351515
2092	445	2.2826076
2092	441	2.2578428
2092	799	2.2160454
2092	440	2.157038
2092	198	2.1487305
2092	446	2.099778
2092	442	2.047785
2092	31	1.9455342
2093	148	4.641678
2093	53	4.426543
2093	662	4.2712946
2093	103	4.198048
2093	68	4.196076
2093	460	4.1503134
2093	151	4.1034255
2093	71	4.02111
2093	157	3.8603752
2093	457	3.6315515
2094	408	3.0620344
2094	452	2.5112712
2094	453	2.3316703
2094	1533	2.2165356
2094	477	2.2133546
2094	394	2.1744153
2094	1188	2.0860837
2094	1135	2.0728803
2094	769	1.9489653
2094	152	1.9345194
2095	139	6.3917723
2095	36	6.369344
2095	151	6.078511
2095	59	5.682271
2095	175	5.4947767
2095	48	5.437705
2095	381	5.416328
2095	67	5.3911033
2095	47	5.3527226
2095	0	5.0676875
2096	110	2.9478295
2096	23	2.898413
2096	1193	2.8413718
2096	125	2.7702103
2096	104	2.6652763
2096	259	2.6610901
2096	477	2.6421578
2096	53	2.5641606
2096	216	2.457334
2096	221	2.4497044
2097	53	8.1360035
2097	66	7.556828
2097	36	7.0163336
2097	59	6.926207
2097	71	6.551763
2097	25	6.400669
2097	381	6.22811
2097	175	5.946045
2097	225	5.8907385
2097	70	5.590392
2098	58	6.4542747
2098	123	5.9255524
2098	175	5.8619723
2098	163	5.509534
2098	345	5.491904
2098	66	5.4057
2098	139	5.317639
2098	59	5.2970853
2098	53	5.274318
2098	226	5.270888
2099	123	4.9630923
2099	286	4.1883373
2099	345	4.1820617
2099	166	3.8717973
2099	36	3.800252
2099	175	3.768523
2099	326	3.7570162
2099	59	3.7474709
2099	10	3.6884525
2099	378	3.658496
2100	58	5.0515003
2100	377	4.1296453
2100	286	3.4563708
2100	123	3.4143605
2100	166	3.4105713
2100	94	3.4053643
2100	318	3.3454046
2100	1321	3.3225315
2100	143	3.2761743
2100	243	3.2616231
2101	121	3.70726
2101	129	3.2552059
2101	74	3.1924431
2101	18	2.9147334
2101	216	2.8562212
2101	257	2.8485637
2101	414	2.847742
2101	119	2.8298707
2101	36	2.7945354
2101	75	2.768367
2102	36	5.3732066
2102	53	4.806989
2102	59	4.7584295
2102	74	4.642758
2102	47	4.5078106
2102	67	4.449429
2102	216	4.3797235
2102	25	4.1973815
2102	175	4.178392
2102	129	4.175736
2103	167	3.879001
2103	367	3.4634037
2103	426	3.447601
2103	1178	3.2375624
2103	344	3.2155325
2103	384	3.1636744
2103	1197	3.06113
2103	1495	3.0337708
2103	236	2.9845285
2103	1481	2.9628117
2104	53	5.5004787
2104	67	5.2831235
2104	164	5.2462497
2104	269	4.8185863
2104	59	4.7950606
2104	257	4.792364
2104	108	4.791204
2104	216	4.734947
2104	129	4.6537266
2104	25	4.5788183
2105	53	6.6230083
2105	66	6.245059
2105	139	6.151213
2105	175	5.996469
2105	59	5.7846665
2105	68	5.6944885
2105	47	5.5468483
2105	67	5.481631
2105	25	5.386762
2105	151	5.2927456
2106	902	3.165702
2106	1319	2.4058764
2106	389	2.1410851
2106	224	2.13106
2106	114	2.0725021
2106	834	2.0582852
2106	632	2.024558
2106	785	1.9843996
2106	1340	1.9553376
2106	1284	1.9544874
2107	477	7.1858788
2107	23	5.572833
2107	117	3.237842
2107	66	2.8390796
2107	71	2.5477204
2107	194	2.4764926
2107	408	2.3718915
2107	259	2.3379672
2107	53	2.3325438
2107	267	2.3174624
2108	53	3.4496903
2108	139	3.2907572
2108	36	3.1281936
2108	175	2.9384
2108	66	2.7750757
2108	68	2.7158437
2108	148	2.691185
2108	256	2.6712813
2108	345	2.652207
2108	163	2.6257896
2109	58	4.9775677
2109	36	4.631564
2109	123	4.226817
2109	286	4.1692204
2109	290	3.6794426
2109	175	3.5703921
2109	166	3.4838166
2109	163	3.4694726
2109	334	3.43295
2109	10	3.382396
2110	632	4.375029
2110	58	4.2893686
2110	625	4.032822
2110	373	3.945071
2110	142	3.8341918
2110	1067	3.7236447
2110	231	3.6559687
2110	277	3.5030684
2110	795	3.3765852
2110	1032	3.2692807
2111	53	7.5816536
2111	66	7.037185
2111	148	6.891646
2111	139	6.6783338
2111	157	6.3771086
2111	151	6.243839
2111	71	6.217682
2111	59	6.158017
2111	103	6.0200915
2111	381	5.8536224
2112	58	7.012204
2112	36	6.9948883
2112	286	6.1170855
2112	226	5.7111683
2112	59	5.6793714
2112	175	5.3510027
2112	47	5.07302
2112	163	5.0504546
2112	166	4.9404078
2112	326	4.913777
2113	53	7.7398615
2113	66	7.390123
2113	68	7.1395135
2113	157	6.875347
2113	36	6.870359
2113	151	6.6316857
2113	103	6.342474
2113	48	6.2040777
2113	59	6.1181893
2113	25	6.095179
2114	53	7.2546344
2114	36	6.862875
2114	68	6.4221845
2114	157	6.2867923
2114	139	6.0120163
2114	48	5.8424115
2114	103	5.6955094
2114	71	5.525151
2114	25	5.4997325
2114	67	5.384622
2115	53	6.234775
2115	36	6.082547
2115	67	5.467286
2115	59	5.314988
2115	139	5.1736417
2115	175	5.1305795
2115	25	4.9808474
2115	71	4.948975
2115	164	4.6920047
2115	68	4.6558905
2116	1561	5.707851
2116	560	5.63846
2116	1088	5.185238
2116	1577	4.9798393
2116	1096	4.675464
2116	236	4.1357183
2116	1479	3.995727
2116	958	3.899805
2116	1474	3.7128358
2116	1481	3.6122675
2117	2	3.4469006
2117	164	3.405237
2117	53	3.3184502
2117	10	3.2104683
2117	259	3.1126664
2117	74	3.1048415
2117	119	3.056548
2117	149	2.967733
2117	811	2.9376879
2117	67	2.894196
2118	118	5.5713344
2118	15	5.546277
2118	408	5.1067677
2118	129	5.0300436
2118	98	4.723147
2118	463	4.44545
2118	453	4.4048815
2118	21	4.314361
2118	88	4.2479224
2118	36	4.213075
2119	1513	7.2609763
2119	1361	7.127906
2119	1323	6.639157
2119	1478	6.1974783
2119	982	6.0718856
2119	1392	5.953677
2119	1505	5.5470753
2119	237	5.5369987
2119	1379	5.4978075
2119	426	5.4545035
2120	36	5.3884964
2120	53	5.030959
2120	139	4.7454104
2120	47	4.5169687
2120	67	4.305533
2120	256	4.288259
2120	68	4.274965
2120	66	4.117229
2120	25	4.102574
2120	164	4.043845
2121	66	7.1238976
2121	148	7.0882583
2121	157	6.4153113
2121	64	6.209506
2121	72	6.0506215
2121	151	5.9583383
2121	256	5.933326
2121	842	5.903085
2121	103	5.87926
2121	48	5.870862
2122	216	4.461476
2122	53	4.36572
2122	74	4.327461
2122	36	4.162963
2122	71	3.9406521
2122	221	3.8569236
2122	67	3.7993262
2122	108	3.7769525
2122	75	3.7754502
2122	64	3.7609525
2123	1580	2.9842277
2123	8	2.93345
2123	117	2.8101637
2123	958	2.6764114
2123	1502	2.6031358
2123	601	2.3567479
2123	984	2.346041
2123	1461	2.2299564
2123	1385	2.1076677
2123	807	2.044913
2124	181	4.5754533
2124	406	4.2960954
2124	482	4.107879
2124	1615	3.6938157
2124	1491	3.557017
2124	400	3.49267
2124	92	3.4054108
2124	194	3.400648
2124	117	3.3116
2124	314	3.24532
2125	769	5.363891
2125	98	5.2486734
2125	104	4.586506
2125	408	4.229204
2125	453	4.1889176
2125	774	4.1694145
2125	36	4.149703
2125	226	4.010921
2125	1188	3.975306
2125	452	3.9510202
2126	66	3.2968445
2126	225	3.1641212
2126	148	3.0403752
2126	103	2.8605556
2126	151	2.8428154
2126	463	2.7703724
2126	157	2.7667189
2126	48	2.7270627
2126	68	2.6304045
2126	53	2.603483
2127	53	7.3147926
2127	66	6.9593587
2127	139	6.453623
2127	68	6.4018393
2127	157	6.148805
2127	151	5.958755
2127	59	5.800262
2127	25	5.710545
2127	175	5.6859865
2127	103	5.519611
2128	53	8.335312
2128	66	7.5436125
2128	151	6.738354
2128	59	6.3505216
2128	103	6.3448315
2128	381	6.2607665
2128	48	6.1027884
2128	47	5.9274287
2128	72	5.8925695
2128	175	5.8412104
2129	36	6.1693125
2129	53	6.1402435
2129	66	6.099044
2129	148	5.957383
2129	59	5.7669754
2129	139	5.4644146
2129	157	5.381093
2129	25	5.077654
2129	175	5.040669
2129	67	5.0228744
2130	53	7.736511
2130	66	7.288135
2130	68	6.9571548
2130	139	6.868993
2130	157	6.7209377
2130	151	6.5758853
2130	36	6.4553742
2130	103	6.320339
2130	48	5.8751225
2130	25	5.760877
2131	36	6.4053674
2131	53	6.0713897
2131	71	5.697267
2131	269	5.5162644
2131	67	5.4729457
2131	59	5.4359174
2131	47	5.395031
2131	68	5.176254
2131	175	5.087586
2131	25	5.0278683
2132	53	8.203102
2132	157	7.5386267
2132	151	7.483445
2132	139	7.225004
2132	36	6.3526726
2132	59	6.135693
2132	25	6.0753865
2132	72	5.9470754
2132	0	5.915817
2132	42	5.87457
2133	36	4.951472
2133	74	4.3407574
2133	59	4.2009487
2133	53	4.004679
2133	784	3.949752
2133	47	3.9115837
2133	127	3.7581465
2133	67	3.7391922
2133	0	3.7256815
2133	221	3.6617332
2134	74	5.313398
2134	36	4.796556
2134	216	4.4833317
2134	129	4.1229434
2134	108	4.11558
2134	59	3.994956
2134	221	3.9059126
2134	67	3.8968177
2134	47	3.882172
2134	164	3.7754672
2135	74	4.3683796
2135	67	3.9009674
2135	119	3.7728808
2135	129	3.7154012
2135	53	3.610594
2135	15	3.6092398
2135	59	3.6061094
2135	269	3.6022518
2135	23	3.5899782
2135	769	3.4855506
2136	58	5.7996187
2136	286	4.761478
2136	74	4.692063
2136	895	4.447968
2136	345	4.252784
2136	344	4.24317
2136	59	4.186451
2136	132	4.1779494
2136	10	4.161001
2136	67	4.153911
2137	286	5.264419
2137	334	5.1949444
2137	36	4.76089
2137	59	4.551327
2137	226	4.5419536
2137	326	4.460322
2137	377	4.2471147
2137	384	4.158927
2137	345	4.0862184
2137	132	4.0110865
2138	53	4.6695457
2138	625	3.9254532
2138	139	3.5948746
2138	148	3.5670273
2138	175	3.524046
2138	47	3.4826393
2138	48	3.3957539
2138	68	3.3323965
2138	66	3.2175515
2138	31	3.2156157
2139	36	5.4124985
2139	66	4.3374567
2139	139	4.2742047
2139	68	3.9527385
2139	67	3.9065216
2139	59	3.8559048
2139	71	3.8463342
2139	53	3.7991233
2139	269	3.7676635
2139	148	3.741037
2140	53	6.4306135
2140	36	5.704317
2140	74	5.612938
2140	67	5.4667926
2140	59	5.4107795
2140	164	5.2147183
2140	216	5.055146
2140	72	4.974672
2140	842	4.9424553
2140	71	4.92267
2141	36	5.6135073
2141	175	4.3985724
2141	59	4.344578
2141	74	4.3282914
2141	47	4.28302
2141	123	4.1907043
2141	163	4.0211034
2141	162	4.019599
2141	53	3.9861906
2141	164	3.9500442
2142	36	6.5736885
2142	53	6.0054293
2142	66	5.691826
2142	67	5.4233174
2142	175	5.3248053
2142	68	5.3032255
2142	139	5.2699904
2142	47	5.120453
2142	25	5.048794
2142	71	5.011302
2143	58	3.4920034
2143	36	3.1558044
2143	286	3.126046
2143	803	3.0223765
2143	163	2.9002907
2143	123	2.7627347
2143	94	2.757088
2143	226	2.7565646
2143	318	2.7449524
2143	290	2.719667
2144	139	5.612305
2144	58	5.5538306
2144	53	5.404353
2144	175	5.390906
2144	286	5.3481946
2144	68	4.882126
2144	25	4.863658
2144	67	4.8111076
2144	163	4.7721124
2144	157	4.7362714
2145	36	5.005155
2145	59	4.7973013
2145	164	4.3502793
2145	15	4.316457
2145	25	4.283253
2145	53	4.261425
2145	67	4.2061825
2145	256	4.1710076
2145	123	4.1623755
2145	54	4.1528964
2146	66	5.6350923
2146	36	5.447818
2146	148	5.4414682
2146	53	5.3845153
2146	139	5.211644
2146	68	5.1683016
2146	157	5.055623
2146	175	4.85588
2146	151	4.843702
2146	103	4.514725
2147	453	6.682479
2147	98	6.552629
2147	612	6.326188
2147	209	5.8747106
2147	1135	5.717702
2147	422	5.667651
2147	118	5.6609592
2147	134	5.486933
2147	15	5.4857163
2147	129	4.9874454
2148	53	7.87241
2148	66	7.584428
2148	148	7.37672
2148	36	7.346594
2148	139	7.2706327
2148	157	6.879925
2148	59	6.853469
2148	151	6.6888275
2148	47	6.293451
2148	175	6.282228
2149	339	2.9527414
2149	66	2.7511811
2149	162	2.7145371
2149	175	2.6593733
2149	47	2.6373744
2149	345	2.6317456
2149	286	2.6000206
2149	378	2.5930164
2149	84	2.5776067
2149	10	2.5481696
2150	15	6.258077
2150	118	5.978473
2150	257	5.307619
2150	769	4.9620256
2150	129	4.663279
2150	125	4.578058
2150	61	4.331088
2150	104	4.25298
2150	75	4.2495666
2150	408	4.240727
2151	66	4.3021135
2151	148	4.2431564
2151	103	4.090554
2151	68	3.9356415
2151	53	3.8539174
2151	151	3.7595577
2151	71	3.7404733
2151	157	3.5725539
2151	36	3.56232
2151	67	3.354487
2152	36	7.500534
2152	59	6.5063977
2152	53	6.1996803
2152	67	5.5557575
2152	256	5.4462748
2152	175	5.415299
2152	129	5.326296
2152	108	5.3161116
2152	71	5.268287
2152	0	5.1343336
2153	74	5.737533
2153	36	5.72466
2153	53	5.4463987
2153	67	5.125329
2153	216	4.6482606
2153	119	4.600523
2153	257	4.49754
2153	25	4.43745
2153	10	4.433175
2153	175	4.4293156
2154	286	5.3934226
2154	58	5.3866405
2154	36	5.2748055
2154	66	5.142213
2154	59	5.128725
2154	326	4.9067893
2154	148	4.8760743
2154	68	4.6248946
2154	175	4.62454
2154	256	4.5922704
2155	58	3.5157297
2155	53	3.326239
2155	175	3.3137994
2155	384	3.2601392
2155	141	3.2281623
2155	379	3.0102596
2155	373	2.9810307
2155	149	2.9487774
2155	36	2.909897
2155	148	2.8286085
2156	66	4.8286567
2156	157	4.4219766
2156	68	4.3697433
2156	36	4.342323
2156	151	3.9930453
2156	53	3.7813196
2156	88	3.6852064
2156	48	3.6350296
2156	175	3.5321987
2156	273	3.4881408
2157	58	4.914082
2157	345	4.51138
2157	226	4.4795694
2157	36	4.080003
2157	286	4.059806
2157	166	3.9483905
2157	379	3.884086
2157	1002	3.590494
2157	334	3.5086894
2157	141	3.4169943
2158	36	6.0555077
2158	286	5.421564
2158	59	5.34538
2158	67	5.1746874
2158	175	5.069449
2158	123	4.9733567
2158	66	4.899635
2158	53	4.85916
2158	148	4.854561
2158	345	4.839914
2159	66	6.6567473
2159	148	6.4401207
2159	139	6.228781
2159	68	6.0125403
2159	175	5.961223
2159	59	5.8634977
2159	157	5.767799
2159	151	5.67999
2159	25	5.5034323
2159	273	5.1645517
2160	36	6.1446123
2160	58	5.2349463
2160	175	5.130608
2160	47	5.0493894
2160	163	4.7456055
2160	123	4.619245
2160	162	4.530093
2160	139	4.3810096
2160	286	4.311534
2160	226	4.291792
2161	36	6.947882
2161	53	6.738161
2161	67	6.0260463
2161	164	5.7341313
2161	59	5.701542
2161	216	5.6898794
2161	15	5.4570646
2161	66	5.446533
2161	25	5.4337997
2161	414	5.3308215
2162	36	5.0695453
2162	59	4.415959
2162	175	4.311444
2162	47	4.292371
2162	53	4.2837987
2162	164	3.942356
2162	58	3.9404733
2162	139	3.87772
2162	67	3.8430958
2162	25	3.818801
2163	36	7.6572747
2163	58	6.267235
2163	59	6.2423086
2163	53	6.236251
2163	47	6.0478225
2163	226	5.898759
2163	67	5.882954
2163	163	5.7130666
2163	139	5.6511583
2163	345	5.614912
2164	58	5.2062583
2164	194	5.198158
2164	36	4.905789
2164	10	4.30795
2164	123	4.29632
2164	256	4.259169
2164	326	4.1883225
2164	286	4.1560206
2164	59	4.153541
2164	74	4.0595245
2165	36	3.648529
2165	74	3.6247935
2165	162	3.138791
2165	201	3.051828
2165	26	2.951899
2165	108	2.8271751
2165	123	2.7550905
2165	259	2.749756
2165	414	2.6751273
2165	344	2.6708417
2166	66	7.1661873
2166	157	6.6417584
2166	139	6.6392174
2166	151	6.489505
2166	36	5.8771987
2166	48	5.8113284
2166	72	5.3241825
2166	225	5.3198457
2166	0	5.250774
2166	42	5.1576033
2167	104	4.697629
2167	769	4.6387067
2167	403	4.3815994
2167	408	4.373685
2167	783	4.3680696
2167	98	4.1508384
2167	452	4.111201
2167	26	4.0751514
2167	394	4.061216
2167	453	3.9958806
2168	314	6.7739944
2168	181	6.566329
2168	359	6.2244525
2168	909	6.1720834
2168	482	5.9067836
2168	406	5.705081
2168	400	5.3290505
2168	317	5.273676
2168	298	5.150242
2168	1260	4.254927
2169	53	5.62274
2169	68	5.2468576
2169	139	5.07471
2169	48	4.620729
2169	103	4.4938803
2169	175	4.4207225
2169	59	4.3759055
2169	25	4.3298435
2169	71	4.329132
2169	47	4.2439876
2170	58	3.852959
2170	286	3.5898082
2170	123	3.4996715
2170	296	3.1625977
2170	334	3.162024
2170	379	3.032
2170	163	3.0086033
2170	142	2.957263
2170	36	2.940129
2170	175	2.8300846
2171	58	5.561985
2171	334	3.864215
2171	345	3.794077
2171	377	3.7777069
2171	123	3.557197
2171	226	3.4580574
2171	166	3.2017462
2171	318	3.1538837
2171	59	3.1536162
2171	290	3.1101918
2172	314	5.079055
2172	36	4.5493093
2172	12	3.8133073
2172	298	3.791721
2172	181	3.6107857
2172	117	3.5611691
2172	74	3.5267918
2172	417	3.454414
2172	226	3.4216669
2172	67	3.4091887
2173	36	5.8832736
2173	345	4.300586
2173	175	4.2959332
2173	148	4.2887754
2173	68	4.187362
2173	139	4.17505
2173	163	4.1103296
2173	123	4.0759826
2173	286	4.0086946
2173	53	3.9303153
2174	36	5.144761
2174	58	5.0615673
2174	74	4.8121233
2174	47	4.30233
2174	59	4.100291
2174	164	4.08424
2174	10	4.0117188
2174	166	3.9822762
2174	175	3.9714537
2174	149	3.913544
2175	36	7.0527062
2175	53	6.1644545
2175	175	5.743086
2175	67	5.6763883
2175	10	5.641811
2175	59	5.6257815
2175	47	5.599731
2175	58	5.5738873
2175	66	5.536323
2175	148	5.282918
2176	53	7.0476546
2176	36	6.9717035
2176	148	6.7292447
2176	59	6.4037104
2176	139	6.3099427
2176	151	6.152195
2176	157	6.107314
2176	48	5.87763
2176	175	5.7672567
2176	25	5.4675465
2177	36	6.728751
2177	53	6.3214126
2177	47	6.0332227
2177	175	5.9332075
2177	139	5.5934687
2177	67	5.477058
2177	68	5.4563427
2177	25	5.3502665
2177	66	5.3242674
2177	148	5.1324334
2178	66	5.670356
2178	148	5.447865
2178	53	5.078274
2178	36	4.830024
2178	68	4.735533
2178	139	4.5519404
2178	103	4.4915433
2178	59	4.3494973
2178	71	4.165026
2178	381	4.089951
2179	36	6.8858147
2179	139	6.2850995
2179	175	6.235201
2179	53	6.173631
2179	59	6.0138636
2179	68	5.5513487
2179	58	5.2330422
2179	25	5.2046685
2179	67	5.1545296
2179	148	5.076455
2180	13	2.983653
2180	149	2.700586
2180	74	2.693961
2180	164	2.5748243
2180	331	2.5569723
2180	53	2.5567663
2180	175	2.5395474
2180	648	2.5107152
2180	904	2.4979584
2180	166	2.4820263
2181	53	7.3306985
2181	66	6.39013
2181	68	5.9611316
2181	25	5.830804
2181	157	5.826689
2181	151	5.4582324
2181	71	5.3336673
2181	103	5.259928
2181	381	5.0707364
2181	64	4.978465
2182	36	5.295641
2182	67	4.7815547
2182	59	4.7728715
2182	314	4.7585025
2182	164	4.4515533
2182	53	4.3498487
2182	25	4.3058715
2182	64	4.169492
2182	256	4.1161685
2182	66	4.1143556
2183	58	4.967447
2183	286	4.9238706
2183	175	4.4813185
2183	53	4.4080253
2183	148	4.238295
2183	36	4.1553197
2183	318	3.9788578
2183	142	3.8429291
2183	373	3.8324058
2183	226	3.753082
2184	783	5.65034
2184	769	5.3254375
2184	104	5.133033
2184	422	4.680005
2184	453	4.609227
2184	612	4.562765
2184	98	4.5161767
2184	865	4.3270297
2184	452	4.282146
2184	1188	4.1583076
2185	36	7.3614616
2185	148	7.264373
2185	139	7.140497
2185	59	6.9824047
2185	71	6.784792
2185	157	6.723021
2185	67	6.5064697
2185	151	6.483908
2185	47	6.34538
2185	103	6.3268194
2186	66	8.572683
2186	139	8.501352
2186	151	7.6223173
2186	59	7.4553156
2186	47	7.3345237
2186	71	7.2807827
2186	103	7.13555
2186	381	6.887171
2186	67	6.8578196
2186	72	6.576222
2187	379	4.677921
2187	123	4.239478
2187	473	3.7902405
2187	166	3.7238872
2187	763	3.7152965
2187	149	3.5447984
2187	470	3.4586804
2187	130	3.2614198
2187	384	3.2281606
2187	345	3.2247956
2188	53	8.94182
2188	175	8.324553
2188	66	8.048157
2188	148	8.026858
2188	25	7.968364
2188	157	7.2678695
2188	64	7.2611556
2188	74	7.047633
2188	151	6.982938
2188	221	6.5540423
2189	58	6.846211
2189	123	5.7439227
2189	226	5.7290893
2189	345	5.182154
2189	59	5.1118627
2189	175	5.0605936
2189	334	4.8117037
2189	377	4.5745754
2189	163	4.564725
2189	166	4.5438576
2190	66	7.1511083
2190	36	6.9867525
2190	148	6.8941703
2190	139	6.5668015
2190	157	6.3867617
2190	71	6.3754396
2190	151	6.347499
2190	25	6.0540175
2190	175	5.9131017
2190	103	5.9104214
2191	53	6.482322
2191	66	5.536479
2191	68	5.308692
2191	36	5.1617737
2191	129	5.105501
2191	157	5.042238
2191	25	5.040384
2191	71	5.036835
2191	72	4.9958873
2191	151	4.9693127
2192	53	9.069782
2192	68	8.568397
2192	157	8.245047
2192	36	6.9470973
2192	59	6.694105
2192	25	6.5897393
2192	72	6.511019
2192	70	6.408464
2192	273	6.379958
2192	105	5.8901896
2193	36	5.939026
2193	10	4.080416
2193	226	3.7226439
2193	164	3.653384
2193	47	3.5611093
2193	67	3.533721
2193	163	3.5171463
2193	162	3.516952
2193	59	3.4925816
2193	54	3.4876542
2194	58	6.1134124
2194	318	4.808544
2194	334	4.136797
2194	283	4.1315436
2194	231	4.1266665
2194	94	4.0470495
2194	232	4.017461
2194	290	3.984836
2194	226	3.9792266
2194	59	3.8530018
2195	123	5.3471475
2195	384	5.151282
2195	36	5.1257286
2195	166	5.120154
2195	286	5.056585
2195	226	5.0211577
2195	10	4.89418
2195	175	4.870288
2195	345	4.844533
2195	132	4.8017836
2196	198	3.9599788
2196	67	3.5802336
2196	408	3.4564717
2196	286	3.3006775
2196	774	3.2556627
2196	769	3.1533935
2196	201	3.102715
2196	108	3.0939932
2196	326	3.0375419
2196	404	3.0184717
2197	257	4.4566584
2197	121	3.745231
2197	119	3.6925993
2197	2	3.6854649
2197	12	3.543503
2197	915	3.5423994
2197	75	3.5337565
2197	432	3.5320017
2197	773	3.3676279
2197	8	3.2833462
2198	36	6.5161986
2198	10	5.0502844
2198	123	4.8019958
2198	67	4.768614
2198	59	4.7180734
2198	53	4.612759
2198	164	4.5666485
2198	58	4.507113
2198	175	4.4485965
2198	379	4.424924
2199	58	6.262815
2199	123	5.6070385
2199	36	5.0630803
2199	226	4.879011
2199	163	4.7451878
2199	175	4.69066
2199	345	4.5736938
2199	166	4.5129437
2199	94	4.4129786
2199	290	4.3620195
2200	53	7.634172
2200	139	5.82447
2200	148	5.792169
2200	66	5.6424227
2200	68	5.520331
2200	47	5.420258
2200	71	5.4044847
2200	381	5.380338
2200	25	5.3625364
2200	59	5.2913566
2201	118	6.5124054
2201	408	5.7429457
2201	1193	5.5587416
2201	104	5.2581267
2201	453	4.848055
2201	129	4.7877073
2201	257	4.74734
2201	98	4.620146
2201	783	4.5093284
2201	209	4.4843817
2202	53	6.7681947
2202	36	6.488194
2202	148	6.1305556
2202	66	6.0501976
2202	68	5.9892325
2202	139	5.966117
2202	157	5.6466613
2202	59	5.549436
2202	151	5.421863
2202	25	5.3765798
2203	68	8.16432
2203	157	7.792398
2203	151	7.7068233
2203	36	7.3828444
2203	71	7.323831
2203	48	7.200261
2203	175	6.6105366
2203	42	6.4994364
2203	67	6.264616
2203	44	6.214556
2204	36	6.30609
2204	74	5.6168895
2204	164	5.316265
2204	53	5.148767
2204	257	5.1388435
2204	175	4.867503
2204	59	4.687835
2204	149	4.6527495
2204	10	4.593868
2204	25	4.5461526
2205	477	4.654643
2205	92	3.9752238
2205	408	3.4589372
2205	769	3.1586037
2205	66	3.1468754
2205	104	2.9966733
2205	182	2.9234202
2205	74	2.849985
2205	1491	2.799879
2205	45	2.7745836
2206	36	7.227842
2206	175	6.109346
2206	53	6.09646
2206	59	5.9121013
2206	148	5.868585
2206	67	5.737672
2206	139	5.510138
2206	47	5.5042706
2206	164	5.386634
2206	58	5.3476872
2207	66	7.1200843
2207	53	6.983593
2207	148	6.9289365
2207	139	6.8137493
2207	68	6.7333093
2207	175	6.581794
2207	47	6.532302
2207	157	6.2785788
2207	25	6.1878643
2207	151	6.187477
2208	66	7.5678167
2208	148	7.483892
2208	151	6.6701345
2208	103	6.468871
2208	48	6.419598
2208	72	6.1748238
2208	273	5.929242
2208	225	5.8089886
2208	719	5.693497
2208	64	5.6789947
2209	66	5.2092805
2209	36	5.1739874
2209	157	4.9288363
2209	53	4.866807
2209	59	4.5395155
2209	48	4.459962
2209	0	4.174148
2209	25	4.163205
2209	103	4.1394286
2209	175	4.008529
2210	36	6.1077332
2210	123	4.066648
2210	59	4.0141077
2210	139	3.7946432
2210	66	3.7566602
2210	74	3.6370666
2210	345	3.636928
2210	148	3.6224566
2210	67	3.579592
2210	10	3.5544202
2211	36	7.5458984
2211	59	6.9018083
2211	66	6.206043
2211	53	5.999872
2211	148	5.9654236
2211	256	5.932251
2211	67	5.865313
2211	175	5.8349147
2211	47	5.655033
2211	25	5.521267
2212	53	10.18894
2212	148	9.124562
2212	139	8.930197
2212	151	8.264339
2212	103	7.892069
2212	48	7.62544
2212	25	7.619304
2212	59	7.561885
2212	0	7.034364
2212	42	6.8822694
2213	36	7.4364333
2213	53	6.907293
2213	139	6.5974565
2213	175	6.3900275
2213	47	6.326405
2213	66	6.257989
2213	148	6.201142
2213	25	5.9009085
2213	68	5.859335
2213	157	5.677705
2214	36	3.8612018
2214	164	3.8081064
2214	110	3.7708387
2214	230	3.7234647
2214	175	3.636404
2214	67	3.5887103
2214	53	3.5736604
2214	826	3.3764236
2214	10	3.3361332
2214	259	3.2341547
2215	1082	4.900061
2215	1193	3.819517
2215	121	3.611859
2215	118	3.5216334
2215	329	3.4622455
2215	75	3.4087255
2215	419	3.320152
2215	129	3.0833697
2215	257	2.8807924
2215	230	2.8245316
2216	36	7.384956
2216	59	6.3193364
2216	53	6.265454
2216	175	5.871162
2216	67	5.6819715
2216	66	5.5961647
2216	139	5.578176
2216	25	5.503328
2216	47	5.4883113
2216	74	5.4866023
2217	58	5.303401
2217	36	4.9939585
2217	67	4.2505684
2217	175	4.2211933
2217	74	4.170404
2217	286	4.1558285
2217	53	4.0817432
2217	47	4.0662355
2217	378	4.044297
2217	306	3.9362183
2218	453	6.321189
2218	452	6.1982517
2218	1188	5.796137
2218	408	5.5861454
2218	1135	5.360516
2218	769	5.2282934
2218	775	5.1530347
2218	209	5.0359797
2218	104	4.824739
2218	98	4.747762
2219	74	4.108409
2219	10	2.8379662
2219	298	2.742869
2219	36	2.6959004
2219	463	2.6481247
2219	75	2.6386037
2219	168	2.6265297
2219	73	2.59091
2219	149	2.561707
2219	1023	2.555862
2220	53	6.8629875
2220	59	6.6159034
2220	66	6.0436454
2220	148	5.872346
2220	68	5.7445445
2220	175	5.742452
2220	47	5.707565
2220	67	5.6625395
2220	139	5.6107984
2220	25	5.567269
2221	36	6.709718
2221	58	5.2542305
2221	59	5.066107
2221	175	5.0270896
2221	139	5.0125566
2221	47	4.9939
2221	53	4.9483237
2221	66	4.9184036
2221	226	4.8077626
2221	123	4.7544417
2222	452	6.7076125
2222	1188	6.501808
2222	104	6.47985
2222	394	6.1863837
2222	453	6.0649695
2222	865	5.8883915
2222	1135	5.8324537
2222	408	5.7642927
2222	612	5.703658
2222	209	5.618307
2223	36	5.601056
2223	53	4.6968865
2223	59	4.6741223
2223	74	4.6004267
2223	139	4.517168
2223	68	4.2585316
2223	67	4.1970224
2223	71	4.1347027
2223	47	4.119809
2223	256	4.037622
2224	181	5.99505
2224	482	5.500295
2224	909	5.227607
2224	194	5.2023597
2224	298	4.699634
2224	406	4.5155807
2224	359	4.407412
2224	292	4.245025
2224	400	4.0775385
2224	257	3.83765
2225	146	3.5545237
2225	198	3.0432742
2225	893	2.6894643
2225	424	2.676492
2225	13	2.6376052
2225	132	2.5487256
2225	36	2.5186238
2225	175	2.3688223
2225	149	2.3266816
2225	141	2.2556837
2226	53	7.1716213
2226	59	6.4258156
2226	68	6.2369523
2226	139	6.032911
2226	157	5.9033947
2226	25	5.587
2226	273	5.5854497
2226	175	5.56486
2226	381	5.4546885
2226	103	5.4461617
2227	53	8.378385
2227	36	7.612164
2227	139	7.4307885
2227	66	7.2634697
2227	59	7.1595287
2227	148	7.115651
2227	68	6.851223
2227	47	6.701936
2227	25	6.583079
2227	157	6.5703006
2228	58	5.2790956
2228	323	4.9222617
2228	36	4.7379456
2228	59	4.5249596
2228	43	4.388223
2228	345	4.0690703
2228	286	4.0652494
2228	283	4.0423236
2228	123	3.994123
2228	269	3.853747
2229	58	6.153443
2229	36	4.7488003
2229	163	4.737722
2229	175	4.715031
2229	142	4.454704
2229	139	4.4155545
2229	226	4.401442
2229	318	4.393717
2229	123	4.381439
2229	59	4.1331124
2230	53	4.262982
2230	36	3.8587158
2230	157	3.656626
2230	47	3.4746926
2230	59	3.4429803
2230	25	3.4001765
2230	71	3.3593483
2230	67	3.2681253
2230	0	3.2657053
2230	273	3.227972
2231	68	7.9763722
2231	157	7.7062182
2231	151	7.554028
2231	48	7.1451106
2231	381	6.7091303
2231	175	6.664836
2231	72	6.356735
2231	67	6.2926745
2231	70	6.1434474
2231	105	5.665654
2232	66	7.057867
2232	53	6.7851768
2232	157	6.5284405
2232	151	6.342062
2232	103	5.94395
2232	36	5.84602
2232	71	5.6945806
2232	48	5.6532326
2232	381	5.1944304
2232	25	5.1485233
2233	67	4.2512918
2233	36	4.093569
2233	74	3.951334
2233	164	3.8151038
2233	259	3.6661572
2233	53	3.633167
2233	123	3.6203191
2233	216	3.5906534
2233	221	3.5698817
2233	200	3.5061424
2234	66	6.9466076
2234	68	6.824459
2234	36	6.7391887
2234	151	6.189161
2234	59	6.094268
2234	103	6.054272
2234	381	6.0101786
2234	72	5.81526
2234	175	5.7003627
2234	47	5.6893497
2235	37	3.3819504
2235	889	3.1736991
2235	274	2.8660367
2235	71	2.786329
2235	179	2.751638
2235	56	2.604592
2235	1083	2.5280404
2235	1357	2.2456534
2235	40	2.1820104
2235	381	2.1785553
2236	36	6.696662
2236	53	6.448398
2236	67	5.8304887
2236	66	5.811336
2236	59	5.5998135
2236	71	5.321661
2236	68	5.307633
2236	25	5.2074976
2236	74	5.1568727
2236	164	5.0146084
2237	286	5.149023
2237	36	4.969701
2237	226	4.7114124
2237	377	4.3475404
2237	123	4.2857594
2237	345	4.2332625
2237	175	4.2240376
2237	326	4.18899
2237	163	4.1819053
2237	378	4.138189
2238	58	5.2561817
2238	123	4.7449102
2238	286	4.743103
2238	36	4.6535053
2238	175	4.5431566
2238	163	4.2210956
2238	326	4.1910815
2238	119	4.0823665
2238	384	4.0695047
2238	164	4.0217576
2239	53	6.1397552
2239	66	6.026399
2239	148	5.9539695
2239	36	5.8157225
2239	139	5.6151986
2239	157	5.4739757
2239	151	5.3190703
2239	59	5.07402
2239	47	4.9644156
2239	103	4.8420944
2240	269	3.6783345
2240	1193	3.2360735
2240	110	3.0706944
2240	257	3.070082
2240	129	3.0437376
2240	119	3.040013
2240	216	2.9306684
2240	118	2.8731537
2240	71	2.826723
2240	104	2.7781117
2241	58	3.1562436
2241	286	2.801206
2241	318	2.4997847
2241	123	2.4274945
2241	94	2.4121695
2241	142	2.4030282
2241	175	2.3270016
2241	47	2.1948085
2241	111	2.1570137
2241	803	2.1244102
2242	36	6.125198
2242	58	5.11669
2242	47	5.0200496
2242	59	4.8839335
2242	139	4.8740253
2242	226	4.8455167
2242	67	4.817884
2242	123	4.7985106
2242	66	4.5748463
2242	149	4.558868
2243	314	4.419119
2243	194	3.928191
2243	121	3.71601
2243	257	3.4926527
2243	1082	3.2267272
2243	406	3.2263908
2243	482	2.9861827
2243	18	2.9575567
2243	12	2.9293294
2243	75	2.8872285
2244	66	7.3707037
2244	53	6.9324203
2244	157	6.6430483
2244	151	6.500401
2244	71	5.8988447
2244	48	5.779764
2244	381	5.4318156
2244	25	5.411508
2244	59	5.3975134
2244	225	5.215043
2245	148	5.0484557
2245	66	4.880443
2245	157	4.5971365
2245	103	4.589824
2245	151	4.582326
2245	381	4.420093
2245	68	4.351752
2245	139	4.2136006
2245	48	4.183433
2245	105	4.0473704
2246	463	2.6465397
2246	225	2.5575986
2246	68	2.2857933
2246	296	2.2394047
2246	88	2.1728194
2246	139	2.1238716
2246	103	2.0757408
2246	849	1.9869226
2246	53	1.9771763
2246	0	1.9272676
2247	66	5.995239
2247	256	5.6819777
2247	148	5.488249
2247	129	5.3069043
2247	68	5.294243
2247	225	5.180642
2247	53	5.0848303
2247	151	4.959921
2247	25	4.871309
2247	157	4.865115
2248	53	10.283743
2248	66	8.710126
2248	148	8.680016
2248	59	7.8307576
2248	103	7.8195076
2248	36	7.5916023
2248	25	7.5386925
2248	47	7.072007
2248	225	6.823102
2248	70	6.729146
2249	36	5.098537
2249	59	4.707673
2249	175	4.697234
2249	66	4.58852
2249	68	4.5742373
2249	148	4.5255527
2249	58	4.4928517
2249	47	4.411302
2249	286	4.351727
2249	53	4.3477106
2250	53	6.21123
2250	36	5.928009
2250	59	5.460042
2250	67	5.343905
2250	71	5.187997
2250	175	5.0678253
2250	129	5.000806
2250	139	4.926085
2250	164	4.8414984
2250	25	4.779596
2251	1495	4.1562233
2251	379	3.9441683
2251	167	3.8371522
2251	123	3.8295984
2251	117	3.5192573
2251	384	3.4774828
2251	10	3.3630097
2251	166	3.2610998
2251	12	3.1209042
2251	149	3.0902555
2252	53	4.1798697
2252	148	4.0307055
2252	66	3.9957519
2252	68	3.9025652
2252	48	3.7291994
2252	151	3.612312
2252	139	3.5346663
2252	157	3.5083199
2252	36	3.442974
2252	105	3.4422975
2253	36	7.2234697
2253	53	6.7423034
2253	68	6.1697865
2253	59	6.0437365
2253	66	6.0344586
2253	71	5.8518906
2253	67	5.60139
2253	0	5.214362
2253	381	5.1565685
2253	72	5.0731683
2254	769	5.903825
2254	129	5.707239
2254	15	5.5896997
2254	118	5.583742
2254	36	5.4561563
2254	408	5.4122543
2254	104	5.4032025
2254	74	5.02725
2254	66	4.961807
2254	453	4.943016
2255	148	7.417849
2255	103	6.353808
2255	48	6.0155563
2255	36	5.782663
2255	381	5.7805285
2255	59	5.5193377
2255	225	5.43771
2255	25	5.3821087
2255	0	5.3272305
2255	42	5.2853184
2256	36	6.2905827
2256	58	5.716414
2256	175	5.4767985
2256	314	5.4553995
2256	66	5.320546
2256	286	5.2545524
2256	123	5.183663
2256	148	5.1291933
2256	139	5.1172094
2256	67	5.035072
2257	53	4.6262364
2257	23	4.314013
2257	36	4.0252457
2257	66	3.9832356
2257	477	3.9172893
2257	92	3.850005
2257	148	3.7115362
2257	103	3.614658
2257	67	3.561308
2257	164	3.5579739
2258	895	4.5613413
2258	36	4.2318754
2258	74	4.0480504
2258	226	3.9919572
2258	314	3.9773657
2258	58	3.9198346
2258	198	3.8895087
2258	67	3.835854
2258	10	3.6978416
2258	286	3.6352642
2259	164	4.243991
2259	119	4.089204
2259	67	3.9425287
2259	74	3.8577044
2259	2	3.7603445
2259	257	3.4883022
2259	387	3.3825812
2259	110	3.377999
2259	36	3.374303
2259	168	3.3299444
2260	59	4.044402
2260	36	3.8356192
2260	256	3.794371
2260	769	3.5704088
2260	15	3.5484715
2260	129	3.4876485
2260	408	3.4574862
2260	104	3.2600906
2260	66	3.2565877
2260	98	3.1291273
2261	36	6.3028803
2261	139	5.3834624
2261	53	5.3464317
2261	68	5.30257
2261	59	4.9397416
2261	175	4.8520846
2261	48	4.671083
2261	67	4.5961566
2261	103	4.4860773
2261	25	4.465505
2262	129	4.5747776
2262	36	4.240928
2262	59	3.9887562
2262	15	3.9320967
2262	108	3.894689
2262	402	3.7458496
2262	118	3.7147691
2262	67	3.6765406
2262	25	3.6634307
2262	74	3.561887
2263	783	6.854214
2263	422	6.3511567
2263	104	6.129916
2263	612	5.803879
2263	394	5.6051083
2263	452	5.5975175
2263	398	5.573099
2263	453	5.5276246
2263	1188	5.471317
2263	865	5.3112974
2264	345	4.743798
2264	286	4.4404573
2264	166	4.119371
2264	36	3.9955287
2264	226	3.9543366
2264	88	3.8826332
2264	334	3.8060966
2264	163	3.746526
2264	326	3.7371125
2264	132	3.5506256
2265	66	9.45156
2265	68	9.347226
2265	139	9.259481
2265	157	8.870788
2265	71	8.804128
2265	151	8.591528
2265	103	8.487212
2265	381	8.30077
2265	36	8.137894
2265	48	8.019536
2266	36	6.0598407
2266	53	5.188634
2266	68	4.8799644
2266	139	4.781375
2266	67	4.754533
2266	59	4.6922464
2266	157	4.5351157
2266	175	4.5001636
2266	25	4.487498
2266	108	4.443537
2267	53	6.926238
2267	36	6.683337
2267	68	6.4064612
2267	66	6.3106823
2267	148	6.1592984
2267	157	5.9302974
2267	47	5.910179
2267	71	5.846469
2267	151	5.6966667
2267	175	5.6462736
2268	66	7.460823
2268	148	7.2997293
2268	139	7.293392
2268	157	6.845731
2268	71	6.7608676
2268	151	6.694131
2268	47	6.392991
2268	103	6.3471365
2268	48	6.311307
2268	175	6.164576
2269	53	7.95659
2269	66	6.6220903
2269	139	6.5743327
2269	148	6.4587398
2269	68	6.3676515
2269	25	6.2490554
2269	71	6.083009
2269	47	5.9589076
2269	157	5.9417286
2269	151	5.8094473
2270	53	7.7770443
2270	66	6.5560794
2270	148	6.5377336
2270	68	6.4846315
2270	36	6.4457736
2270	157	6.130589
2270	59	6.0020204
2270	25	5.946286
2270	381	5.925966
2270	175	5.907791
2271	42	3.5117095
2271	148	3.434743
2271	44	3.3644512
2271	53	3.314176
2271	151	3.2892478
2271	66	3.0908267
2271	68	2.9885554
2271	47	2.8922603
2271	157	2.8445277
2271	139	2.72425
2272	36	7.110131
2272	139	6.115347
2272	59	6.014239
2272	66	5.6073585
2272	47	5.5080233
2272	68	5.4234543
2272	53	5.2917905
2272	148	5.2556496
2272	175	5.038411
2272	25	4.988216
2273	53	9.625323
2273	148	8.583336
2273	68	8.455251
2273	139	8.314562
2273	36	7.682461
2273	103	7.5864763
2273	59	7.5571203
2273	48	7.3393536
2273	72	6.8798327
2273	175	6.6791654
2274	181	5.713215
2274	482	5.189789
2274	314	5.09493
2274	406	5.057608
2274	317	4.377476
2274	194	4.2212477
2274	292	4.161344
2274	1260	4.067221
2274	400	3.779158
2274	359	3.727242
2275	36	6.756843
2275	53	6.5691795
2275	175	5.700541
2275	67	5.6743035
2275	59	5.439759
2275	47	5.3278556
2275	66	5.089076
2275	68	5.033338
2275	148	4.9973636
2275	842	4.9255066
2276	625	4.927654
2276	632	4.1958404
2276	48	3.8386228
2276	795	3.3448057
2276	277	3.3188603
2276	318	3.2686844
2276	232	3.1617582
2276	445	3.0376809
2276	151	3.0152025
2276	66	2.9637673
2277	53	6.270462
2277	139	5.153673
2277	175	5.081689
2277	59	5.070835
2277	67	4.8225946
2277	36	4.6929374
2277	25	4.6208105
2277	47	4.5036325
2277	71	4.4668355
2277	66	4.4397416
2278	36	5.0881786
2278	74	5.0534186
2278	67	5.030203
2278	2	4.8678913
2278	119	4.641713
2278	121	4.6217093
2278	25	4.599037
2278	59	4.596014
2278	216	4.587768
2278	175	4.5166473
2279	59	5.924246
2279	175	5.9174194
2279	74	5.6788177
2279	164	5.457583
2279	139	5.220852
2279	58	5.1519837
2279	25	5.0720057
2279	256	4.8442645
2279	108	4.813353
2279	148	4.7963533
2280	68	7.496642
2280	71	7.1295414
2280	157	7.0844135
2280	151	6.936188
2280	103	6.6749763
2280	25	6.6660614
2280	48	6.401398
2280	47	6.220187
2280	273	6.193336
2280	67	6.1932774
2281	59	5.605652
2281	53	5.4536076
2281	139	5.332883
2281	175	5.240939
2281	47	5.2071147
2281	66	5.19626
2281	67	5.0980253
2281	68	4.91094
2281	148	4.8677053
2281	164	4.858935
2282	181	8.682566
2282	314	8.298634
2282	909	8.228901
2282	292	7.3233004
2282	317	6.6770935
2282	959	3.601619
2282	637	3.5623608
2282	1281	3.4988346
2282	27	3.4263995
2282	910	3.2116094
2283	58	5.7336597
2283	36	5.305058
2283	286	5.177924
2283	59	4.6612372
2283	175	4.5421615
2283	326	4.4081836
2283	139	4.3390527
2283	334	4.0754375
2283	345	4.0605955
2283	47	4.0466943
2284	53	4.4558353
2284	36	4.0222144
2284	2	3.7059548
2284	164	3.618
2284	74	3.443858
2284	149	3.3613
2284	257	3.2360554
2284	842	3.1692324
2284	785	3.1630883
2284	12	3.127471
2285	344	5.812582
2285	36	5.811324
2285	58	5.5735626
2285	123	5.3748417
2285	10	5.364723
2285	74	5.1182027
2285	166	4.7425866
2285	175	4.731995
2285	970	4.687427
2285	47	4.612527
2286	53	3.3481574
2286	71	2.7195365
2286	105	2.7083776
2286	175	2.707071
2286	139	2.6990285
2286	487	2.680767
2286	12	2.661215
2286	59	2.6522071
2286	842	2.601856
2286	1343	2.5821207
2287	1145	2.7730508
2287	416	2.694774
2287	325	2.628243
2287	672	2.4991179
2287	1402	2.2551382
2287	39	2.0616205
2287	378	1.990199
2287	115	1.9772818
2287	1023	1.9311179
2287	1495	1.9217837
2288	139	5.080137
2288	66	4.7143364
2288	48	4.685349
2288	175	4.4947987
2288	157	4.441333
2288	68	4.327055
2288	36	4.271959
2288	47	4.1707964
2288	151	4.170756
2288	428	3.8116324
2289	267	2.568631
2289	2	2.4573207
2289	269	2.361648
2289	477	2.118522
2289	1435	1.996636
2289	182	1.9659067
2289	1072	1.9289124
2289	1563	1.7974527
2289	1018	1.7585496
2289	266	1.7004299
2290	53	7.1205974
2290	66	6.8500996
2290	59	6.523005
2290	139	6.1300945
2290	157	6.0970078
2290	47	5.692777
2290	25	5.6895137
2290	175	5.6872067
2290	225	5.626587
2290	71	5.626349
2291	508	2.2501903
2291	92	2.2020082
2291	916	1.9943113
2291	1286	1.9775612
2291	342	1.8301315
2291	1287	1.7959852
2291	194	1.7848619
2291	24	1.7556989
2291	325	1.6483794
2291	1080	1.4914392
2292	53	7.9434505
2292	103	6.5561113
2292	71	6.3728147
2292	25	5.9990954
2292	381	5.943742
2292	42	5.7271686
2292	72	5.6634564
2292	67	5.6536765
2292	0	5.5595365
2292	70	5.4597044
2293	36	4.9353695
2293	15	4.781881
2293	198	4.743884
2293	769	4.478739
2293	67	4.228297
2293	108	4.1977925
2293	257	4.1756387
2293	118	4.1050596
2293	209	3.9007554
2293	66	3.8876333
2294	139	5.306409
2294	148	5.2929125
2294	66	5.158732
2294	68	5.0630093
2294	71	5.062365
2294	67	4.885679
2294	157	4.863254
2294	25	4.81628
2294	151	4.6014767
2294	47	4.5560718
2295	148	5.0148954
2295	139	4.6129913
2295	157	4.544453
2295	103	4.146328
2295	175	3.8261478
2295	42	3.7567163
2295	59	3.7042868
2295	373	3.6140604
2295	71	3.3916655
2295	25	3.3881147
2296	53	4.2023873
2296	164	3.6034768
2296	175	3.4402184
2296	67	3.4084947
2296	10	3.3681827
2296	47	3.329216
2296	257	3.2831464
2296	149	3.2277248
2296	904	3.2118773
2296	908	3.159301
2297	36	6.5364738
2297	53	6.4476347
2297	74	6.3386106
2297	164	5.6983895
2297	216	5.3381124
2297	25	5.260443
2297	175	5.1785035
2297	257	5.049903
2297	59	4.9814205
2297	129	4.9804845
2298	181	6.6238103
2298	909	5.7236342
2298	482	5.6896753
2298	359	5.5655527
2298	406	5.397416
2298	317	4.9628615
2298	400	4.9126616
2298	298	4.803649
2298	1260	4.623372
2298	15	4.196434
2299	53	6.025408
2299	74	5.356937
2299	67	4.7568083
2299	36	4.714446
2299	119	4.547103
2299	164	4.5158854
2299	129	4.485106
2299	257	4.4550104
2299	18	4.439463
2299	842	4.309012
2300	148	5.7337065
2300	139	5.692814
2300	66	5.6661315
2300	53	5.512073
2300	36	5.3456626
2300	157	5.2386413
2300	151	5.1776724
2300	59	5.175459
2300	175	5.1661057
2300	286	4.5702863
2301	58	5.4342046
2301	123	4.512205
2301	286	4.027915
2301	36	3.9668884
2301	379	3.9520009
2301	226	3.9276114
2301	166	3.8515835
2301	345	3.8402073
2301	344	3.8269377
2301	306	3.750946
2302	58	5.3965373
2302	36	5.0306463
2302	59	4.493923
2302	286	4.379627
2302	326	4.369967
2302	175	4.3207345
2302	123	4.3030667
2302	74	4.0563345
2302	66	3.950108
2302	256	3.9201057
2303	58	6.732883
2303	123	5.9197288
2303	345	5.3783298
2303	226	5.3586802
2303	175	5.164143
2303	379	5.1454115
2303	10	4.9912953
2303	163	4.88727
2303	94	4.869575
2303	334	4.7714276
2304	139	4.060483
2304	68	3.9925442
2304	53	3.9662113
2304	59	3.9195516
2304	47	3.8217342
2304	66	3.6773655
2304	157	3.6755185
2304	383	3.561354
2304	175	3.478691
2304	148	3.4602737
2305	36	5.1141844
2305	59	4.8218856
2305	47	4.802635
2305	175	4.727856
2305	139	4.7069125
2305	163	4.27067
2305	25	4.1609306
2305	68	3.9802113
2305	164	3.9784725
2305	148	3.9540465
2306	36	7.7007565
2306	68	7.5761533
2306	139	7.2124248
2306	59	6.938651
2306	103	6.5255804
2306	48	6.40307
2306	175	6.3394923
2306	47	6.1573663
2306	67	6.1165457
2306	72	6.058015
2307	181	4.665048
2307	194	4.609727
2307	314	4.3729334
2307	408	3.883646
2307	24	3.3315248
2307	909	3.2782185
2307	482	3.2684166
2307	257	3.2655313
2307	317	3.2296042
2307	1193	3.1212492
2308	257	4.147573
2308	74	4.086749
2308	164	3.765185
2308	67	3.5744605
2308	1193	3.551304
2308	61	3.522203
2308	908	3.4164722
2308	21	3.3793204
2308	2	3.3631947
2308	110	3.3522086
2309	36	5.86295
2309	58	5.2296944
2309	379	5.1070437
2309	53	5.0012794
2309	163	4.9429045
2309	10	4.92745
2309	47	4.8204527
2309	123	4.63528
2309	139	4.493261
2309	345	4.341396
2310	1098	2.611995
2310	148	2.530199
2310	157	2.5269847
2310	677	2.3373835
2310	273	2.3049664
2310	139	2.2942755
2310	71	2.250474
2310	48	2.2369227
2310	103	2.229589
2310	719	2.1886168
2311	123	5.528651
2311	175	5.449498
2311	163	5.3079844
2311	345	5.1687555
2311	47	5.0306087
2311	139	5.0268145
2311	286	4.9905686
2311	226	4.9892387
2311	59	4.9562297
2311	53	4.8421593
2312	36	7.689995
2312	151	7.5451646
2312	103	7.1968603
2312	25	6.957887
2312	48	6.9399433
2312	381	6.8840857
2312	47	6.5608473
2312	0	6.3962555
2312	42	6.283813
2312	144	5.881082
2313	36	4.907985
2313	59	3.9848337
2313	345	3.9070203
2313	175	3.8565822
2313	123	3.7090106
2313	67	3.6293125
2313	47	3.5109096
2313	164	3.4916162
2313	53	3.365837
2313	163	3.3480182
2314	53	10.83376
2314	139	9.446993
2314	71	8.700464
2314	59	8.145683
2314	36	8.068028
2314	273	7.380852
2314	70	7.3082275
2314	67	7.0299463
2314	428	6.450753
2314	29	6.4476705
2315	257	3.7945073
2315	344	3.6656582
2315	2	3.6088767
2315	8	3.6012087
2315	137	3.4291644
2315	432	3.426696
2315	74	3.3869903
2315	908	3.3844943
2315	12	3.2536998
2315	306	3.1669183
2316	66	6.614936
2316	148	6.5678368
2316	71	6.046574
2316	151	5.9264293
2316	47	5.896349
2316	25	5.8653936
2316	381	5.716528
2316	103	5.672547
2316	72	5.4054084
2316	719	5.261066
2317	123	4.90068
2317	58	4.8827515
2317	36	4.7392707
2317	286	4.699006
2317	283	4.1871934
2317	326	4.1782017
2317	88	4.105015
2317	345	4.094316
2317	175	3.9632597
2317	67	3.9359334
2318	58	6.397971
2318	175	5.9418454
2318	59	5.781693
2318	53	5.618169
2318	47	5.436263
2318	123	5.358452
2318	66	5.2811213
2318	139	5.1969037
2318	148	5.1599255
2318	226	5.10192
2319	36	7.504053
2319	139	6.853356
2319	59	6.322816
2319	175	6.2742395
2319	68	6.16909
2319	67	5.993735
2319	148	5.971856
2319	66	5.899237
2319	157	5.554587
2319	163	5.1922865
2320	148	6.953712
2320	53	6.9201875
2320	68	6.440942
2320	157	6.36376
2320	139	5.996658
2320	71	5.5672045
2320	381	5.3364816
2320	25	5.276869
2320	225	5.1804953
2320	273	5.0989285
2321	286	6.1465955
2321	36	5.7697325
2321	175	5.1590714
2321	59	5.142136
2321	47	5.097552
2321	139	5.075147
2321	290	4.9272575
2321	334	4.876647
2321	345	4.8260655
2321	163	4.795774
2322	53	6.501609
2322	59	6.264529
2322	66	6.149043
2322	139	6.0673265
2322	175	5.861863
2322	148	5.806873
2322	67	5.550257
2322	25	5.5269065
2322	164	5.490628
2322	68	5.468356
2323	148	4.8124275
2323	66	4.764792
2323	48	4.1792483
2323	68	4.136001
2323	139	4.1214495
2323	53	3.998208
2323	36	3.9497833
2323	59	3.4667034
2323	225	3.3799415
2323	25	3.2729068
2324	59	3.5619128
2324	36	3.5348969
2324	53	3.4449306
2324	47	3.3829448
2324	175	3.2560477
2324	129	3.1406662
2324	74	2.9036105
2324	139	2.8783143
2324	256	2.8507376
2324	221	2.8506825
2325	53	7.2649097
2325	139	6.195888
2325	66	5.998393
2325	59	5.914084
2325	148	5.9116163
2325	71	5.860188
2325	68	5.8170977
2325	25	5.7788234
2325	157	5.529658
2325	381	5.5239267
2326	36	6.335869
2326	53	5.7590203
2326	59	5.750504
2326	139	5.23655
2326	67	5.155034
2326	66	5.050202
2326	25	5.03546
2326	71	5.017038
2326	68	4.983444
2326	148	4.9760766
2327	53	6.6225157
2327	74	5.8730884
2327	59	5.736627
2327	216	5.7011423
2327	47	5.5039682
2327	139	5.488807
2327	67	5.476049
2327	25	5.461179
2327	129	5.4245977
2327	71	5.3622913
2328	373	3.1513386
2328	632	2.9436078
2328	53	2.804716
2328	139	2.7657588
2328	625	2.7059338
2328	58	2.6883447
2328	286	2.6478007
2328	48	2.6390672
2328	277	2.5823393
2328	175	2.5310726
2329	36	7.1255603
2329	53	6.667758
2329	175	6.2994695
2329	67	6.019909
2329	47	5.8877807
2329	59	5.8769655
2329	164	5.778197
2329	139	5.74494
2329	25	5.678469
2329	123	5.6776977
2330	139	4.7555203
2330	175	4.5081673
2330	53	4.48753
2330	47	4.3387513
2330	148	4.3141217
2330	36	4.271465
2330	157	4.0568433
2330	48	4.0339823
2330	66	4.0274057
2330	59	3.9420724
2331	36	4.8298173
2331	286	4.3580694
2331	59	4.314107
2331	256	4.251794
2331	66	4.0838594
2331	58	4.0809927
2331	326	4.075296
2331	54	3.8767943
2331	194	3.7172916
2331	463	3.6986911
2332	257	3.1480327
2332	117	2.6534653
2332	2	2.6280901
2332	216	2.609213
2332	638	2.5666945
2332	1193	2.5004716
2332	1083	2.4308214
2332	908	2.4247043
2332	432	2.3900313
2332	137	2.3871899
2333	66	7.280504
2333	47	7.1072345
2333	151	6.429746
2333	48	6.344728
2333	67	6.339243
2333	71	6.3382487
2333	72	5.9045672
2333	383	5.6497173
2333	44	5.6090193
2333	70	5.521647
2334	36	6.4344277
2334	67	5.493338
2334	175	5.3637643
2334	164	5.324271
2334	58	5.196181
2334	10	5.1194882
2334	74	5.018796
2334	379	4.9964786
2334	59	4.9032583
2334	53	4.9001284
2335	36	5.9262486
2335	53	5.1162
2335	139	4.6121473
2335	66	4.565996
2335	74	4.4538546
2335	148	4.441249
2335	25	4.3181834
2335	68	4.2772126
2335	71	4.2105985
2335	67	4.180356
2336	58	4.2607183
2336	36	4.16379
2336	139	3.6047406
2336	379	3.508542
2336	286	3.4514887
2336	314	3.442151
2336	10	3.4069116
2336	345	3.3692608
2336	148	3.3611279
2336	149	3.3283155
2337	482	7.034204
2337	406	6.7259936
2337	359	6.3795595
2337	292	6.0590224
2337	317	6.053212
2337	400	5.9559674
2337	298	5.1568866
2337	1260	5.118431
2337	518	3.5510643
2337	117	3.438771
2338	286	3.5297782
2338	163	3.2407265
2338	123	3.1207721
2338	632	3.0534582
2338	175	3.0428586
2338	373	3.0116417
2338	344	2.9697638
2338	740	2.9512725
2338	318	2.8871415
2338	326	2.8551476
2339	36	6.5562725
2339	59	5.842077
2339	323	5.084281
2339	47	5.0767226
2339	43	4.9130793
2339	25	4.8080006
2339	175	4.638199
2339	67	4.59441
2339	66	4.5814734
2339	269	4.5788865
2340	36	5.737436
2340	58	5.020018
2340	148	4.799766
2340	66	4.7001615
2340	314	4.3426285
2340	59	4.237979
2340	139	4.167318
2340	226	4.090979
2340	151	4.067708
2340	157	4.0359716
2341	53	4.977612
2341	36	4.947279
2341	164	4.5464387
2341	175	4.3850255
2341	67	4.380507
2341	25	4.1134124
2341	59	4.072717
2341	47	4.047486
2341	216	4.023714
2341	74	3.8656454
2342	53	5.3364644
2342	139	5.0894375
2342	59	4.875034
2342	175	4.7120385
2342	47	4.5391517
2342	273	4.360077
2342	0	4.2771907
2342	44	4.2240868
2342	42	4.180394
2342	373	4.1445146
2343	194	3.9696078
2343	408	3.956147
2343	58	3.6970022
2343	118	3.6250415
2343	769	3.6172879
2343	292	3.5243561
2343	74	3.481498
2343	314	3.4789445
2343	36	3.2408385
2343	54	3.211724
2344	36	3.6170492
2344	74	3.4039226
2344	164	3.2024229
2344	18	3.1644905
2344	257	3.1016412
2344	10	3.007074
2344	53	2.9945705
2344	119	2.8434012
2344	414	2.8151987
2344	417	2.780653
2345	286	4.3942647
2345	58	4.2568803
2345	36	4.0277543
2345	123	3.947815
2345	326	3.798993
2345	345	3.7171547
2345	175	3.5946631
2345	162	3.4365184
2345	10	3.3936357
2345	344	3.339953
2346	36	6.8454323
2346	53	6.8200126
2346	148	6.484495
2346	59	6.207699
2346	68	6.1262937
2346	151	5.837017
2346	157	5.8117895
2346	71	5.802193
2346	103	5.6812863
2346	139	5.673968
2347	74	3.2249577
2347	149	3.0732362
2347	123	2.9311304
2347	194	2.9244528
2347	75	2.8192012
2347	164	2.7777615
2347	345	2.7676508
2347	379	2.702883
2347	117	2.6083276
2347	811	2.5533419
2348	53	9.932911
2348	139	8.547575
2348	68	8.515842
2348	157	8.295881
2348	36	7.9935646
2348	71	7.6663427
2348	103	7.6585455
2348	25	7.438439
2348	381	7.2785497
2348	72	7.0436506
2349	148	5.9443765
2349	66	5.584775
2349	36	5.557019
2349	53	5.545251
2349	68	5.519081
2349	139	5.4696035
2349	157	5.4232755
2349	59	5.3272924
2349	71	5.283598
2349	151	5.1959124
2350	36	4.893508
2350	59	4.341278
2350	175	4.193505
2350	139	4.150682
2350	58	4.046313
2350	66	3.9905734
2350	286	3.8911803
2350	148	3.8809972
2350	47	3.7809155
2350	68	3.6212072
2351	53	4.9238505
2351	139	4.5293446
2351	47	4.3189416
2351	58	4.2759705
2351	59	4.214018
2351	36	4.1703486
2351	67	4.039549
2351	148	4.013559
2351	66	3.773766
2351	68	3.759156
2352	66	7.170988
2352	53	6.69551
2352	68	6.6055436
2352	157	6.5404277
2352	36	5.864936
2352	103	5.848022
2352	48	5.714629
2352	71	5.5739074
2352	381	5.190568
2352	25	5.093617
2353	53	5.163259
2353	175	5.157326
2353	59	5.090672
2353	47	4.8707814
2353	67	4.787214
2353	345	4.7357965
2353	148	4.6374536
2353	163	4.6275654
2353	66	4.55138
2353	68	4.5094557
2354	53	9.018818
2354	66	8.318997
2354	139	7.7886977
2354	36	7.3526826
2354	71	7.312469
2354	59	7.2031717
2354	381	6.8862395
2354	48	6.8666906
2354	273	6.386929
2354	175	6.201672
2355	1193	3.028777
2355	74	2.950111
2355	15	2.8701909
2355	118	2.773973
2355	75	2.5475566
2355	194	2.4432635
2355	125	2.4325662
2355	209	2.4011052
2355	104	2.3690457
2355	204	2.2193668
2356	36	6.723358
2356	59	6.106207
2356	66	6.001084
2356	148	5.953485
2356	175	5.877352
2356	139	5.5896435
2356	68	5.5385346
2356	463	5.363681
2356	47	5.322589
2356	286	5.3208694
2357	53	5.496773
2357	36	5.2975383
2357	68	5.2490654
2357	148	5.0644217
2357	139	5.063959
2357	66	4.892335
2357	157	4.720418
2357	47	4.68568
2357	48	4.5017567
2357	59	4.4866757
2358	36	6.111366
2358	59	5.8028984
2358	58	5.537776
2358	175	5.5195994
2358	139	5.357446
2358	68	5.313681
2358	157	5.237503
2358	151	5.192689
2358	48	5.067973
2358	47	4.9802833
2359	58	4.8422093
2359	123	4.2224417
2359	36	4.001609
2359	334	3.9547827
2359	379	3.9072645
2359	286	3.6112688
2359	166	3.5786343
2359	377	3.5287151
2359	339	3.5065727
2359	345	3.4731135
2360	104	3.5546584
2360	408	3.5234644
2360	769	3.5225961
2360	118	3.1411755
2360	98	3.123712
2360	394	2.902421
2360	15	2.8343143
2360	474	2.8220024
2360	1188	2.8168914
2360	209	2.758145
2361	36	6.746457
2361	53	6.6058755
2361	66	6.1696396
2361	67	5.9027796
2361	68	5.851765
2361	59	5.8254356
2361	47	5.614361
2361	25	5.5770392
2361	157	5.444693
2361	139	5.4109955
2362	36	5.06755
2362	74	4.945203
2362	216	4.782179
2362	129	4.6525254
2362	59	4.607838
2362	71	4.5551343
2362	119	4.553977
2362	842	4.5386405
2362	25	4.5181994
2362	64	4.454853
2363	314	6.7860994
2363	194	6.3859916
2363	53	5.780454
2363	298	5.301573
2363	67	5.0708513
2363	482	4.836477
2363	36	4.7254086
2363	66	4.5978527
2363	18	4.474591
2363	292	4.433012
2364	53	6.9697356
2364	148	6.9030566
2364	68	6.6474376
2364	59	5.9010143
2364	48	5.8143463
2364	47	5.68612
2364	25	5.4868736
2364	103	5.475062
2364	71	5.419802
2364	67	5.116522
2365	58	4.552139
2365	286	4.505499
2365	36	4.4418488
2365	123	4.3034797
2365	10	3.907162
2365	94	3.6868258
2365	290	3.5960743
2365	162	3.5546434
2365	345	3.5210185
2365	334	3.5066817
2366	36	4.6646886
2366	67	4.6044183
2366	139	4.4777203
2366	71	4.4341526
2366	25	4.307303
2366	68	4.20295
2366	164	4.1862683
2366	148	4.1659827
2366	47	4.1503825
2366	66	4.0198464
2367	36	4.7712855
2367	53	4.2059236
2367	59	4.1245127
2367	108	4.0780463
2367	402	3.9682672
2367	66	3.9445503
2367	68	3.923235
2367	74	3.8863492
2367	67	3.7932935
2367	71	3.7432983
2368	769	4.4261203
2368	59	4.041611
2368	129	3.766112
2368	98	3.699217
2368	256	3.6520004
2368	68	3.6123948
2368	783	3.6011782
2368	66	3.5536299
2368	225	3.4136422
2368	148	3.3531995
2369	36	4.115037
2369	226	4.0529523
2369	108	3.1712406
2369	66	3.11947
2369	286	2.8432136
2369	256	2.7283351
2369	402	2.7046142
2369	151	2.5899808
2369	74	2.589075
2369	326	2.5815501
2370	909	4.9725213
2370	209	4.7226467
2370	408	4.4801974
2370	314	4.380987
2370	194	4.3591294
2370	482	4.1530995
2370	1260	3.9590867
2370	406	3.8194313
2370	452	3.577828
2370	769	3.4836545
2371	326	4.1032047
2371	58	4.0078816
2371	356	3.8532162
2371	1057	3.7156231
2371	318	3.7132597
2371	123	3.5084589
2371	143	3.3902082
2371	281	3.2346673
2371	290	3.1528957
2371	359	2.9395278
2372	348	2.7336242
2372	163	2.6588004
2372	1519	2.370909
2372	384	2.1536734
2372	1110	2.0991998
2372	468	2.0271246
2372	1518	2.0053332
2372	625	1.968931
2372	318	1.9596345
2372	47	1.948242
2373	139	9.097824
2373	157	8.873201
2373	381	8.2273655
2373	48	7.9891024
2373	72	7.63893
2373	0	7.382364
2373	719	7.236063
2373	273	7.1204314
2373	105	6.9787564
2373	547	6.2991233
2374	769	4.386444
2374	408	4.195135
2374	21	4.163622
2374	453	3.9661107
2374	1193	3.8994756
2374	104	3.646567
2374	209	3.6247215
2374	398	3.5667458
2374	612	3.4191458
2374	394	3.4085815
2375	68	6.8059626
2375	151	6.523524
2375	103	6.2663145
2375	48	5.8059363
2375	36	5.7501187
2375	59	5.4842525
2375	25	5.4784975
2375	225	5.321601
2375	0	5.20472
2375	42	5.198278
2376	453	4.226836
2376	775	3.9960022
2376	1188	3.784422
2376	452	3.754094
2376	422	3.6691718
2376	783	3.6666753
2376	398	3.6045136
2376	1135	3.5772355
2376	104	3.3246572
2376	612	3.3007793
2377	129	5.581535
2377	66	5.518189
2377	769	5.495558
2377	148	5.174407
2377	68	5.0529804
2377	71	5.0097995
2377	53	4.991266
2377	225	4.7554893
2377	151	4.7337747
2377	273	4.6803803
2378	53	9.70995
2378	103	7.8069496
2378	47	6.7081523
2378	225	6.672584
2378	67	6.397863
2378	105	6.180966
2378	383	6.022912
2378	109	5.7984014
2378	784	5.764132
2378	221	5.7357793
2379	58	3.8267643
2379	94	3.6190283
2379	286	3.3827035
2379	166	3.3668063
2379	123	3.2708292
2379	377	3.1309743
2379	1002	3.1283383
2379	290	3.1162992
2379	153	3.0983355
2379	318	3.030721
2380	58	5.1599784
2380	123	4.694511
2380	286	4.4183555
2380	379	3.75871
2380	36	3.7461467
2380	226	3.6369119
2380	334	3.633747
2380	378	3.5814276
2380	163	3.5214846
2380	326	3.4834406
2381	36	5.484699
2381	256	5.439208
2381	66	5.296227
2381	68	5.048325
2381	25	4.9377656
2381	148	4.9160795
2381	129	4.681008
2381	151	4.659896
2381	273	4.6583714
2381	139	4.6258383
2382	118	3.891191
2382	66	3.86809
2382	71	3.8467495
2382	129	3.8463154
2382	53	3.8359504
2382	103	3.7737846
2382	148	3.5508368
2382	36	3.5319853
2382	225	3.5306244
2382	68	3.4192846
2383	148	6.718822
2383	157	6.1778994
2383	151	6.1146255
2383	139	5.9650946
2383	36	5.7435646
2383	103	5.720472
2383	48	5.447428
2383	71	5.394228
2383	381	5.1333117
2383	25	5.1014915
2384	306	3.0515683
2384	408	2.4830754
2384	465	2.3808644
2384	453	2.361259
2384	452	2.342259
2384	198	2.3399808
2384	378	2.335061
2384	407	2.2594833
2384	132	2.2578769
2384	1188	2.2423007
2385	452	6.2898498
2385	453	5.871746
2385	408	5.7678323
2385	104	5.613624
2385	398	5.607945
2385	769	5.4498568
2385	209	5.444781
2385	775	5.1506815
2385	394	5.130236
2385	783	5.0822883
2386	53	4.451087
2386	36	4.039845
2386	59	3.8444455
2386	67	3.6942375
2386	175	3.5563948
2386	64	3.3909266
2386	164	3.304784
2386	221	3.2684095
2386	74	3.2203438
2386	842	3.2167299
2387	53	9.314593
2387	139	8.181702
2387	381	7.172403
2387	25	6.999484
2387	59	6.864228
2387	47	6.4232545
2387	273	6.4078045
2387	70	6.359391
2387	719	6.3312106
2387	225	6.313707
2388	1062	3.2723396
2388	1522	2.7490647
2388	1620	2.6479325
2388	634	2.4508502
2388	1000	2.445523
2388	1397	2.3977554
2388	759	2.3748028
2388	850	2.3572173
2388	1010	2.3114855
2388	1398	2.266287
2389	36	7.1091557
2389	53	6.845523
2389	67	5.963986
2389	59	5.9637465
2389	175	5.928369
2389	47	5.9016404
2389	164	5.723536
2389	66	5.6134
2389	148	5.588543
2389	68	5.574172
2390	334	4.2206726
2390	286	3.583598
2390	377	3.38852
2390	345	3.2613297
2390	326	3.085518
2390	369	3.0433364
2390	290	3.0045497
2390	94	2.989008
2390	450	2.9509432
2390	384	2.941234
2391	53	6.611921
2391	175	5.3899508
2391	148	5.2781196
2391	47	5.066395
2391	48	4.984584
2391	157	4.6845665
2391	151	4.6513157
2391	71	4.5317864
2391	42	4.4267793
2391	34	4.414302
2392	53	7.456585
2392	68	6.4278345
2392	139	5.8453264
2392	103	5.7704687
2392	71	5.541814
2392	59	5.14275
2392	47	5.127293
2392	72	4.8547935
2392	273	4.84988
2392	70	4.750208
2393	74	5.2346005
2393	53	4.6167026
2393	59	4.5014997
2393	67	4.3626914
2393	164	4.359674
2393	216	4.352583
2393	61	4.0187807
2393	221	3.9324682
2393	200	3.7606666
2393	414	3.7439048
2394	18	4.3317847
2394	36	4.026698
2394	164	3.952483
2394	74	3.9294915
2394	25	3.8820217
2394	67	3.8181207
2394	139	3.705893
2394	175	3.6427546
2394	71	3.4775507
2394	908	3.4551096
2395	378	5.8709536
2395	379	5.2152357
2395	58	4.9150715
2395	149	4.4851217
2395	10	4.4768724
2395	36	4.227448
2395	74	4.1016793
2395	226	3.921583
2395	1023	3.8849933
2395	123	3.8177607
2396	74	4.809364
2396	149	4.1354384
2396	10	4.1193266
2396	408	4.0955377
2396	15	4.009186
2396	769	4.0071387
2396	58	3.902476
2396	257	3.8618112
2396	123	3.8432937
2396	132	3.8403609
2397	769	6.50412
2397	453	5.4556727
2397	104	5.286274
2397	209	5.2836633
2397	21	5.108005
2397	1193	5.0633845
2397	452	4.9145927
2397	129	4.8665895
2397	98	4.6488876
2397	394	4.569592
2398	53	4.546465
2398	139	3.7667425
2398	71	3.7032268
2398	25	3.6928241
2398	47	3.6762846
2398	256	3.5662313
2398	381	3.5558522
2398	66	3.471367
2398	148	3.3934436
2398	784	3.3735125
2399	129	5.079514
2399	53	4.9432745
2399	555	4.9027443
2399	15	4.651932
2399	66	4.4968553
2399	71	4.264228
2399	103	4.2610917
2399	769	4.0388846
2399	148	3.97331
2399	59	3.9602957
2400	53	4.8412385
2400	129	4.591671
2400	36	4.343075
2400	216	4.3309994
2400	59	4.165644
2400	175	4.152341
2400	67	3.9724102
2400	221	3.7619452
2400	25	3.7080605
2400	68	3.6733387
2401	148	5.8234253
2401	36	5.3003693
2401	466	5.2967286
2401	68	5.2481923
2401	53	5.218817
2401	662	5.1503854
2401	151	5.144512
2401	59	4.9059973
2401	139	4.8739653
2401	48	4.8307004
2402	53	4.4397883
2402	129	4.2452793
2402	59	4.1033626
2402	36	4.089524
2402	66	4.0222797
2402	105	3.969484
2402	68	3.9308946
2402	225	3.9005313
2402	148	3.8316474
2402	139	3.7224286
2403	148	6.419261
2403	68	6.3940177
2403	66	6.359627
2403	157	6.040112
2403	36	5.9232674
2403	151	5.8113947
2403	103	5.660098
2403	381	5.588173
2403	25	5.5061874
2403	59	5.3644867
2404	66	7.7624736
2404	36	7.47456
2404	157	6.7245107
2404	139	6.6090784
2404	59	6.580309
2404	71	6.3282404
2404	67	6.2391953
2404	103	6.193199
2404	381	5.9136434
2404	175	5.813697
2405	36	6.3805804
2405	53	5.9276357
2405	175	5.493434
2405	67	5.474128
2405	139	5.349216
2405	47	5.1751165
2405	256	5.1547823
2405	148	5.154186
2405	66	5.151067
2405	68	5.0168886
2406	36	5.9270105
2406	59	5.141093
2406	72	4.6313753
2406	64	4.4981685
2406	381	4.4781966
2406	269	4.398495
2406	144	4.2789354
2406	221	4.2574973
2406	119	4.2204237
2406	719	4.200791
2407	53	6.3008323
2407	36	5.4376373
2407	129	5.146826
2407	74	5.0853167
2407	71	5.063006
2407	66	5.052761
2407	67	5.0231314
2407	59	4.9173627
2407	148	4.8976183
2407	25	4.8926635
2408	58	3.8811243
2408	345	3.2932777
2408	334	3.1461294
2408	377	3.1353495
2408	339	3.0918007
2408	326	2.9624264
2408	175	2.9264517
2408	226	2.9150577
2408	243	2.9066489
2408	163	2.7993498
2409	66	7.0179496
2409	151	6.332479
2409	139	6.138855
2409	48	5.5016313
2409	381	5.4858756
2409	36	5.405258
2409	25	5.0921803
2409	225	5.0314775
2409	72	4.912823
2409	59	4.8425727
2410	406	7.6850677
2410	359	6.834408
2410	400	6.7502637
2410	194	6.635635
2410	317	6.54885
2410	298	5.6582026
2410	343	5.4594135
2410	209	4.265662
2410	910	3.770054
2410	959	3.5586548
2411	53	10.239215
2411	148	8.999785
2411	68	8.739192
2411	36	8.229781
2411	71	8.158023
2411	103	7.934633
2411	381	7.6487374
2411	47	7.2421494
2411	42	6.8704104
2411	70	6.748451
2412	53	4.2804384
2412	71	4.132053
2412	129	3.8630037
2412	36	3.768448
2412	381	3.7102685
2412	25	3.7034426
2412	269	3.6585195
2412	109	3.6179502
2412	72	3.5845726
2412	784	3.4708622
2413	58	3.9781632
2413	36	3.771609
2413	47	3.5935516
2413	286	3.5482721
2413	175	3.396633
2413	59	3.3889222
2413	139	3.2624166
2413	334	3.1175804
2413	163	3.0946548
2413	123	3.040274
2414	71	2.8948867
2414	269	2.8927457
2414	26	2.6452904
2414	1386	2.5922246
2414	650	2.4038773
2414	35	2.3684304
2414	402	2.2816415
2414	139	2.2664642
2414	274	2.2500339
2414	381	2.1671047
2415	36	8.015541
2415	66	6.860002
2415	68	6.8465223
2415	59	6.81951
2415	148	6.7389326
2415	175	6.700736
2415	47	6.5729094
2415	157	6.31859
2415	67	6.171738
2415	151	5.9910054
2416	66	5.1718483
2416	59	5.126891
2416	256	5.0712285
2416	453	5.0612197
2416	36	5.0416565
2416	148	4.8196244
2416	452	4.753617
2416	129	4.7106295
2416	15	4.410019
2416	151	4.371816
2417	53	3.1341815
2417	1067	3.0752006
2417	121	3.0193748
2417	10	2.939599
2417	773	2.907855
2417	12	2.851804
2417	915	2.8370204
2417	164	2.7918038
2417	216	2.786322
2417	432	2.7767868
2418	74	4.515043
2418	257	4.3234115
2418	75	4.3093033
2418	113	4.248785
2418	119	4.2120576
2418	15	3.9297428
2418	67	3.8834422
2418	314	3.6847847
2418	216	3.6327333
2418	811	3.6140013
2419	129	4.0364766
2419	408	3.8655205
2419	66	3.8598795
2419	148	3.775
2419	769	3.6224692
2419	256	3.6016831
2419	68	3.5703795
2419	72	3.471746
2419	273	3.4246807
2419	151	3.3887324
2420	58	6.326485
2420	326	5.923978
2420	226	5.468781
2420	59	5.371885
2420	175	5.3033004
2420	123	5.0675273
2420	163	4.870127
2420	66	4.6887217
2420	318	4.6641426
2420	47	4.6392736
2421	36	5.756688
2421	67	4.9919186
2421	53	4.8207417
2421	259	4.652381
2421	149	4.5899205
2421	59	4.573162
2421	175	4.516651
2421	477	4.490614
2421	61	4.478864
2421	75	4.4644995
2422	139	2.5237114
2422	148	2.2323554
2422	151	2.1294577
2422	53	2.1108334
2422	48	2.088416
2422	4	2.0741248
2422	1321	2.066896
2422	71	2.0285525
2422	157	2.0135252
2422	66	1.9976662
2423	36	6.3237066
2423	59	5.815885
2423	58	5.4312105
2423	66	5.1057277
2423	256	5.048434
2423	148	4.7296124
2423	175	4.583481
2423	326	4.580369
2423	68	4.5138407
2423	67	4.452256
2424	36	6.8854375
2424	53	5.906804
2424	67	5.7667503
2424	164	5.6274095
2424	175	5.4161973
2424	59	5.412368
2424	74	5.2400465
2424	10	5.200297
2424	123	5.1886544
2424	25	5.1609273
2425	59	4.5018787
2425	67	4.3515115
2425	47	4.2094336
2425	139	4.0309057
2425	163	4.0020304
2425	53	3.999553
2425	164	3.957468
2425	66	3.922484
2425	123	3.9199076
2425	74	3.8449934
2426	53	5.731052
2426	36	5.623837
2426	175	5.109255
2426	66	5.079357
2426	148	5.0637407
2426	59	4.934864
2426	68	4.90061
2426	25	4.76391
2426	139	4.7480664
2426	67	4.562815
2427	36	6.9276276
2427	53	5.6446238
2427	148	5.458458
2427	68	5.39028
2427	139	5.2180653
2427	67	5.0191627
2427	151	4.8946295
2427	175	4.8829045
2427	47	4.8471904
2427	25	4.8032804
2428	68	7.5493073
2428	151	7.2366714
2428	48	6.865342
2428	103	6.7944317
2428	25	6.320397
2428	175	6.159729
2428	273	6.066565
2428	72	5.8205113
2428	67	5.8145785
2428	70	5.7057257
2429	59	7.372545
2429	36	6.9179034
2429	53	6.4251165
2429	256	6.334647
2429	66	6.192607
2429	148	5.700061
2429	67	5.686043
2429	25	5.6511593
2429	68	5.6113744
2429	139	5.528208
2430	36	3.9258173
2430	123	3.483753
2430	379	3.4750314
2430	149	3.2582157
2430	58	3.2499382
2430	10	3.2447023
2430	53	3.203438
2430	74	3.124073
2430	414	3.1063707
2430	970	3.098067
2431	68	6.4760656
2431	175	5.6622653
2431	47	5.57824
2431	273	5.316201
2431	71	5.187848
2431	0	5.1559315
2431	225	5.1444097
2431	42	5.061108
2431	44	5.044983
2431	381	5.0131774
2432	1193	4.9946938
2432	257	4.655331
2432	74	4.572802
2432	129	4.4970565
2432	15	4.288208
2432	216	4.275133
2432	119	4.078074
2432	118	3.9903786
2432	61	3.885111
2432	21	3.839566
2433	36	6.608829
2433	15	6.440523
2433	129	6.2516837
2433	53	5.9105945
2433	74	5.806786
2433	67	5.7662344
2433	118	5.749673
2433	59	5.7233458
2433	66	5.342438
2433	769	5.2909102
2434	129	5.4583316
2434	257	5.4490066
2434	118	5.4360137
2434	408	5.266434
2434	769	5.194057
2434	74	5.1843433
2434	21	5.007708
2434	198	4.8780947
2434	314	4.744515
2434	36	4.570687
2435	181	5.3824124
2435	359	4.7221394
2435	317	4.6684813
2435	909	4.5823836
2435	292	4.28382
2435	406	4.2439446
2435	298	3.9956863
2435	400	3.9732661
2435	1260	3.9579465
2435	194	3.777388
2436	151	6.951832
2436	139	6.8276935
2436	103	6.7099323
2436	48	6.0749655
2436	36	5.9100175
2436	72	5.4013815
2436	0	5.3704886
2436	42	5.359705
2436	70	5.35368
2436	59	5.3111696
2437	66	7.91038
2437	148	7.627316
2437	68	7.5586452
2437	36	7.427418
2437	157	7.167668
2437	151	7.014582
2437	71	6.6900015
2437	48	6.4863496
2437	175	6.467139
2437	47	6.2350264
2438	440	6.057694
2438	579	6.034585
2438	447	5.675151
2438	442	5.4347167
2438	53	5.134896
2438	767	4.661467
2438	148	4.31812
2438	47	4.310908
2438	139	4.306213
2438	443	4.245498
2439	219	5.285564
2439	822	4.183688
2439	36	4.0936227
2439	269	3.568068
2439	59	3.4269283
2439	331	3.360206
2439	596	3.316087
2439	256	3.307516
2439	752	3.1918979
2439	47	3.127869
2440	36	5.347486
2440	53	4.8068204
2440	67	4.7957067
2440	164	4.755912
2440	25	4.6045494
2440	59	4.5859385
2440	175	4.4959884
2440	47	4.4810863
2440	139	4.479604
2440	71	4.2614517
2441	53	5.712753
2441	36	5.580892
2441	47	5.2647233
2441	68	5.1336317
2441	139	4.9672866
2441	59	4.889619
2441	148	4.852049
2441	66	4.773054
2441	74	4.6549177
2441	0	4.6446614
2442	53	6.9606485
2442	139	6.352581
2442	66	6.1092606
2442	68	6.014092
2442	67	5.8926125
2442	175	5.8820086
2442	59	5.775287
2442	47	5.6863937
2442	25	5.4508657
2442	164	5.362481
2443	286	4.326656
2443	36	3.7636497
2443	139	3.563358
2443	58	3.5477698
2443	314	3.4784722
2443	247	3.4368448
2443	326	3.406106
2443	53	3.341131
2443	66	3.3315136
2443	175	3.2675216
2444	286	5.8866005
2444	58	5.8649406
2444	36	4.9607844
2444	123	4.7621627
2444	283	4.672435
2444	334	4.589646
2444	326	4.4275503
2444	142	4.415839
2444	175	4.391378
2444	290	4.385895
2445	257	6.1318426
2445	74	4.8500667
2445	12	4.6840887
2445	15	4.4530516
2445	119	4.3927617
2445	908	4.264613
2445	137	4.2009645
2445	2	3.8982465
2445	22	3.7433918
2445	21	3.6846058
2446	53	4.7968297
2446	66	3.8775544
2446	36	3.8267555
2446	175	3.7333353
2446	148	3.725419
2446	59	3.4506042
2446	67	3.4414237
2446	47	3.3652642
2446	157	3.333326
2446	151	3.3327658
2447	432	5.2296834
2447	47	4.8437786
2447	139	4.695267
2447	36	4.658565
2447	25	4.5929694
2447	175	4.591607
2447	18	4.522073
2447	164	4.4688225
2447	195	4.1456275
2447	67	4.0475273
2448	769	5.9022593
2448	783	5.7733474
2448	104	5.4829216
2448	612	4.881717
2448	98	4.726348
2448	118	4.6588798
2448	453	4.652722
2448	394	4.632675
2448	408	4.496212
2448	865	4.417789
2449	769	8.242399
2449	453	7.80399
2449	408	7.7215967
2449	394	7.4369874
2449	98	7.3840103
2449	398	7.265479
2449	612	7.245636
2449	865	6.935068
2449	209	6.912089
2449	1533	5.5197105
2450	181	5.3178368
2450	482	4.9525948
2450	909	4.632127
2450	317	4.1706443
2450	406	4.1551123
2450	1260	3.759531
2450	359	3.3367023
2450	400	3.3346455
2450	292	2.9684007
2450	82	2.8729684
2451	36	6.694227
2451	53	6.6704807
2451	68	6.0887213
2451	157	5.968271
2451	139	5.9049053
2451	151	5.8592963
2451	59	5.4460893
2451	175	5.3159485
2451	103	5.277937
2451	48	5.252313
2452	53	7.475893
2452	59	6.3880615
2452	139	6.2134967
2452	68	6.205578
2452	66	6.159653
2452	148	6.1494813
2452	25	6.0210567
2452	71	5.7926025
2452	47	5.7815485
2452	157	5.647799
2453	66	6.5506763
2453	148	6.488752
2453	139	6.257753
2453	68	6.2098336
2453	36	5.9698696
2453	157	5.9105196
2453	151	5.751687
2453	59	5.592972
2453	71	5.556958
2453	48	5.507691
2454	1281	4.2628145
2454	912	3.7109616
2454	23	3.283624
2454	194	3.2144952
2454	1137	3.0158367
2454	1193	2.9557338
2454	257	2.9108644
2454	638	2.8471124
2454	119	2.7529488
2454	785	2.7092297
2455	36	6.3806734
2455	74	6.3800726
2455	15	5.5202117
2455	164	5.494195
2455	257	5.3527865
2455	129	5.2403502
2455	59	5.234394
2455	67	5.2240653
2455	53	5.1759243
2455	25	4.8824553
2456	58	6.3349695
2456	36	6.2347527
2456	74	5.703676
2456	226	5.262089
2456	149	5.11707
2456	379	4.8915663
2456	10	4.870839
2456	67	4.7213635
2456	286	4.702324
2456	166	4.652309
2457	53	7.699737
2457	66	7.2133093
2457	148	7.203592
2457	68	7.029592
2457	139	6.83328
2457	36	6.7905717
2457	157	6.6617823
2457	151	6.4803524
2457	59	6.0294824
2457	48	6.013268
2458	323	2.3511112
2458	36	2.207482
2458	78	2.1591341
2458	474	2.0769324
2458	98	2.050328
2458	1129	1.9584998
2458	198	1.8770077
2458	750	1.8663874
2458	202	1.8205378
2458	390	1.7708658
2459	36	6.8337655
2459	53	6.6552353
2459	59	6.4923363
2459	139	6.22338
2459	66	6.126312
2459	148	6.124612
2459	68	6.1240935
2459	71	5.976097
2459	67	5.940463
2459	273	5.885289
2460	53	8.210254
2460	36	7.9149055
2460	66	7.616369
2460	59	7.474142
2460	139	7.1799936
2460	148	7.1303115
2460	68	7.051226
2460	25	6.7534714
2460	157	6.698587
2460	71	6.671857
2461	66	7.97071
2461	139	7.781591
2461	68	7.668024
2461	47	6.9621778
2461	151	6.881199
2461	175	6.853104
2461	72	6.813118
2461	48	6.5536356
2461	64	6.2356234
2461	0	6.111243
2462	53	7.8486733
2462	66	7.311869
2462	68	7.09492
2462	36	6.4677463
2462	71	6.3508863
2462	381	6.021676
2462	59	5.985598
2462	25	5.927791
2462	72	5.5751925
2462	42	5.5337806
2463	408	4.8409905
2463	129	4.6152115
2463	53	4.535075
2463	59	4.5253615
2463	256	4.427998
2463	74	4.3832507
2463	36	4.29541
2463	769	4.2916493
2463	15	4.2198014
2463	66	4.215003
2464	123	5.310552
2464	58	4.672679
2464	36	4.4942784
2464	314	4.274959
2464	175	4.115863
2464	379	4.0877075
2464	111	3.991828
2464	226	3.937954
2464	290	3.8446329
2464	163	3.809091
2465	77	3.4389896
2465	1474	3.4174016
2465	1589	3.2397704
2465	1178	2.9947183
2465	1481	2.9280844
2465	1286	2.910758
2465	1361	2.8488212
2465	1153	2.8467891
2465	1096	2.8156323
2465	972	2.7898076
2466	36	7.8353076
2466	74	6.630091
2466	67	6.4500637
2466	47	6.140846
2466	175	6.0408244
2466	139	5.8247232
2466	71	5.52769
2466	269	5.4142914
2466	842	5.377179
2466	66	5.346359
2467	15	4.256709
2467	21	4.051038
2467	118	4.0309253
2467	408	3.7413483
2467	104	3.653895
2467	123	3.502831
2467	98	3.4802663
2467	783	3.3511233
2467	394	3.1742482
2467	612	3.1482606
2468	36	5.6059895
2468	53	4.8500795
2468	139	4.83737
2468	74	4.7753687
2468	47	4.682753
2468	148	4.3124104
2468	175	4.2082562
2468	164	4.121842
2468	67	4.1013947
2468	68	4.0882854
2469	58	5.4867306
2469	123	5.0770845
2469	36	5.06132
2469	226	4.7706566
2469	345	4.5464377
2469	326	4.4922805
2469	175	4.4513903
2469	59	4.167927
2469	139	4.122739
2469	66	3.977498
2470	36	8.243918
2470	53	7.4724336
2470	59	7.438535
2470	47	6.875029
2470	25	6.5503197
2470	157	6.2703958
2470	151	6.1843987
2470	71	6.1117334
2470	48	6.0964866
2470	67	6.0080495
2471	66	6.8512907
2471	148	6.657996
2471	59	6.2768297
2471	68	6.189787
2471	157	5.9404883
2471	175	5.6877556
2471	25	5.6599975
2471	47	5.4459925
2471	103	5.3775773
2471	71	5.3333387
2472	36	8.16339
2472	53	7.239679
2472	175	6.5910134
2472	139	6.387113
2472	66	6.3578653
2472	67	6.342913
2472	25	6.188748
2472	148	6.1112742
2472	68	5.978852
2472	164	5.948619
2473	36	6.8155265
2473	53	5.727933
2473	59	5.6885233
2473	175	5.4161963
2473	66	5.305968
2473	58	5.191748
2473	139	5.1111345
2473	25	5.0305257
2473	256	4.950674
2473	67	4.9210777
2474	123	4.785662
2474	36	3.7807636
2474	58	3.6002328
2474	148	3.5793536
2474	1023	3.3511183
2474	345	3.3220208
2474	66	3.314049
2474	166	3.2786472
2474	379	3.2242553
2474	226	3.1618888
2475	36	6.402397
2475	53	6.368701
2475	175	6.301923
2475	148	6.1114173
2475	59	5.976077
2475	66	5.903597
2475	157	5.5675197
2475	25	5.4613667
2475	48	5.4361434
2475	163	5.282248
2476	36	5.459332
2476	53	5.148258
2476	58	4.7123723
2476	67	4.6681247
2476	194	4.5789213
2476	164	4.516435
2476	314	4.49359
2476	59	4.4400787
2476	74	4.390558
2476	226	4.3752565
2477	36	6.7261333
2477	66	6.0618596
2477	148	5.966527
2477	53	5.7416496
2477	175	5.6075873
2477	256	5.55337
2477	68	5.501891
2477	139	5.3326917
2477	47	5.2261314
2477	157	5.18646
2478	53	5.961307
2478	139	5.661886
2478	68	5.496259
2478	59	5.464606
2478	66	5.4306507
2478	36	5.201776
2478	148	5.1832952
2478	157	5.166447
2478	151	5.0231013
2478	25	4.851744
2479	148	8.9487915
2479	139	8.86969
2479	68	8.728142
2479	48	7.606823
2479	72	7.2027745
2479	42	7.0235963
2479	67	6.861214
2479	225	6.697235
2479	105	6.691943
2479	273	6.681095
2480	53	3.6596193
2480	432	3.5333843
2480	362	3.1743357
2480	18	3.028935
2480	331	2.9667835
2480	364	2.9046829
2480	8	2.6852365
2480	964	2.6344318
2480	25	2.5269668
2480	638	2.4634633
2481	286	4.1183543
2481	58	3.7710295
2481	326	3.6364567
2481	142	3.3635852
2481	66	3.3280692
2481	139	3.2420526
2481	625	3.151332
2481	226	3.1209934
2481	690	3.1006162
2481	157	3.0695748
2482	66	7.193569
2482	148	7.0259724
2482	68	6.7674727
2482	157	6.5236073
2482	36	6.496916
2482	71	6.2718916
2482	103	6.0967073
2482	48	5.969601
2482	25	5.8459024
2482	47	5.6450434
2483	47	3.9885607
2483	59	3.5643318
2483	164	3.4493072
2483	53	3.3430526
2483	129	3.3114276
2483	378	3.2924333
2483	61	3.2714252
2483	175	3.253975
2483	216	3.2119691
2483	67	3.2080257
2484	53	5.7248306
2484	68	5.511897
2484	139	5.2784047
2484	151	5.226244
2484	59	5.2172155
2484	157	5.1816306
2484	175	5.0358934
2484	25	4.9306893
2484	48	4.9236574
2484	67	4.8772345
2485	53	8.145832
2485	36	7.290406
2485	66	7.0021906
2485	148	6.99215
2485	68	6.9733014
2485	59	6.6105943
2485	157	6.565697
2485	175	6.4197545
2485	25	6.4128637
2485	71	6.300493
2486	36	5.6838546
2486	59	5.3464174
2486	47	4.7603736
2486	139	4.5363793
2486	256	4.3540945
2486	66	4.330647
2486	68	4.1940036
2486	175	4.1100473
2486	25	4.0435834
2486	286	3.9587994
2487	432	4.0064774
2487	74	3.9790473
2487	10	3.9755504
2487	785	3.827148
2487	2	3.8172429
2487	773	3.8007443
2487	117	3.6212504
2487	119	3.510439
2487	75	3.491856
2487	194	3.4489336
2488	1067	3.0295212
2488	231	2.963055
2488	302	2.8421535
2488	229	2.6808674
2488	58	2.6296585
2488	714	2.6024957
2488	1339	2.5375671
2488	286	2.4860473
2488	1145	2.4746213
2488	803	2.4546585
2489	53	5.0086713
2489	66	4.4979014
2489	148	4.4093757
2489	151	3.9373996
2489	103	3.8772864
2489	314	3.8687263
2489	157	3.711243
2489	67	3.672785
2489	181	3.5968652
2489	72	3.5746157
2490	36	6.4864874
2490	53	6.4498887
2490	67	5.641647
2490	164	5.5880322
2490	59	5.2927537
2490	216	5.117634
2490	66	4.9928155
2490	842	4.9175496
2490	10	4.912228
2490	25	4.8439054
2491	58	5.5161586
2491	53	4.5823574
2491	148	4.536035
2491	123	4.534106
2491	66	4.498553
2491	59	4.4636264
2491	48	4.432295
2491	163	4.310615
2491	373	4.18372
2491	157	4.12676
2492	123	3.4876192
2492	371	3.3284924
2492	149	2.8558974
2492	43	2.8335624
2492	344	2.8151622
2492	734	2.8109536
2492	1508	2.7047489
2492	1002	2.694575
2492	379	2.6199093
2492	58	2.6130507
2493	1193	6.273104
2493	15	5.2208915
2493	118	4.9281754
2493	769	4.8828845
2493	394	4.848235
2493	783	4.435693
2493	398	4.4280424
2493	612	4.368576
2493	125	4.307612
2493	21	4.3019133
2494	36	7.340041
2494	59	6.0094676
2494	47	5.4918184
2494	175	5.484498
2494	58	5.429095
2494	67	5.2854066
2494	139	5.1850977
2494	164	5.167848
2494	53	5.1103215
2494	66	5.1089087
2495	1064	3.3011858
2495	113	3.2786183
2495	20	2.8010938
2495	657	2.6221287
2495	196	2.5883815
2495	1343	2.5765486
2495	1082	2.3546615
2495	419	2.244504
2495	555	2.2046373
2495	1360	2.1417751
2496	345	5.2011676
2496	286	5.016772
2496	175	4.8283234
2496	226	4.819591
2496	59	4.7743506
2496	163	4.655652
2496	334	4.3793883
2496	166	4.3318424
2496	326	4.308868
2496	148	4.2359858
2497	66	7.1196766
2497	48	5.5993056
2497	71	5.4846997
2497	381	5.2199283
2497	225	5.0200024
2497	36	4.8838024
2497	42	4.738642
2497	25	4.706098
2497	70	4.6491075
2497	44	4.632469
2498	257	5.7633033
2498	121	5.6555834
2498	53	5.1087885
2498	773	5.046953
2498	18	5.0418224
2498	119	5.0076656
2498	164	4.9001384
2498	75	4.841048
2498	129	4.802589
2498	12	4.6644464
2499	139	8.476124
2499	36	8.237246
2499	151	8.033306
2499	48	7.4495063
2499	72	7.3430095
2499	47	7.2398734
2499	67	7.1503086
2499	42	6.800293
2499	70	6.711091
2499	44	6.5828786
2500	36	6.183043
2500	59	5.6398997
2500	175	5.5371847
2500	286	5.374686
2500	66	5.29478
2500	139	5.2293205
2500	148	5.000477
2500	47	4.946729
2500	123	4.829094
2500	345	4.8085756
2501	1282	4.033239
2501	1230	3.6905997
2501	1360	3.208781
2501	738	2.834907
2501	827	2.78824
2501	433	2.6406596
2501	561	2.5323286
2501	785	2.3489287
2501	1381	2.2899802
2501	230	2.134884
2502	74	4.7763352
2502	36	4.5413866
2502	257	4.345942
2502	119	4.126544
2502	75	4.044029
2502	269	3.972659
2502	61	3.9303815
2502	216	3.922532
2502	67	3.913223
2502	129	3.8308656
2503	59	4.694094
2503	36	4.1500564
2503	256	4.085578
2503	175	3.6620164
2503	47	3.5832343
2503	273	3.425058
2503	53	3.4210188
2503	25	3.4162478
2503	139	3.3956828
2503	774	3.3822963
2504	129	4.261232
2504	15	3.8520565
2504	118	3.4136612
2504	1193	3.1945195
2504	769	2.9260888
2504	21	2.8207626
2504	1129	2.7431495
2504	463	2.6310513
2504	410	2.6305592
2504	74	2.6235702
2505	74	4.0601068
2505	58	3.925606
2505	36	3.7878308
2505	94	3.7829664
2505	164	3.7276568
2505	108	3.725586
2505	43	3.6759698
2505	123	3.4349284
2505	269	3.3939135
2505	166	3.384204
2506	775	3.2417648
2506	868	2.474872
2506	134	2.469314
2506	783	2.4649796
2506	940	2.4146993
2506	973	2.3395789
2506	422	2.3239715
2506	1532	2.2659829
2506	1529	2.2339463
2506	1417	2.194625
2507	74	5.022338
2507	181	4.835085
2507	12	4.4237876
2507	36	4.4073954
2507	119	4.3990893
2507	67	4.3384438
2507	10	4.1949205
2507	121	4.098556
2507	908	4.035188
2507	164	3.999552
2508	74	4.6003175
2508	36	4.197852
2508	15	4.0193686
2508	123	3.952124
2508	769	3.802135
2508	257	3.4866261
2508	21	3.4750316
2508	463	3.4506502
2508	194	3.3821774
2508	256	3.3758047
2509	714	5.8765054
2509	1392	4.6811557
2509	231	4.6620693
2509	302	4.4499884
2509	1547	4.192815
2509	286	3.8674502
2509	632	3.6288898
2509	229	3.5351038
2509	318	3.5153756
2509	142	3.2268717
2510	36	5.394203
2510	148	5.0720997
2510	139	4.975006
2510	53	4.8850408
2510	58	4.8653326
2510	175	4.826505
2510	66	4.7538595
2510	59	4.577395
2510	157	4.5500345
2510	48	4.4794517
2511	209	5.095909
2511	1135	4.52972
2511	104	4.430879
2511	769	4.2126145
2511	98	4.0131726
2511	118	3.9863305
2511	15	3.8292785
2511	398	3.7260454
2511	865	3.5681465
2511	394	3.5392368
2512	36	6.336366
2512	53	5.7390103
2512	175	5.313503
2512	59	5.1232705
2512	10	5.1034184
2512	74	5.015122
2512	67	4.967488
2512	164	4.836116
2512	58	4.8273125
2512	226	4.7894135
2513	129	4.0323687
2513	71	3.8901277
2513	74	3.8286388
2513	36	3.6735344
2513	269	3.568933
2513	381	3.3647351
2513	66	3.3499408
2513	15	3.3477428
2513	108	3.300389
2513	221	3.2935944
2514	59	6.3336782
2514	175	6.0101733
2514	25	5.7824073
2514	164	5.755283
2514	67	5.7546253
2514	47	5.7060947
2514	139	5.701052
2514	148	5.5957913
2514	68	5.256377
2514	74	5.1591635
2515	129	5.48028
2515	15	5.3498664
2515	36	5.233653
2515	74	5.213941
2515	53	5.1518946
2515	59	5.0834646
2515	67	4.986828
2515	256	4.7994432
2515	769	4.7481136
2515	118	4.728768
2516	75	4.5082455
2516	119	4.445474
2516	477	4.251112
2516	257	3.9784741
2516	194	3.7837012
2516	1193	3.7572193
2516	74	3.7410223
2516	92	3.601456
2516	61	3.5841827
2516	908	3.2817094
2517	58	6.509652
2517	286	5.6402287
2517	345	5.019778
2517	36	5.0068374
2517	326	5.000108
2517	59	4.5411525
2517	148	4.4809093
2517	66	4.4664016
2517	318	4.420336
2517	142	4.354562
2518	58	3.785285
2518	384	3.7413597
2518	379	3.1496599
2518	334	3.0294132
2518	970	2.9296541
2518	378	2.9228804
2518	306	2.8804615
2518	477	2.8515763
2518	803	2.7573187
2518	117	2.7542834
2519	74	3.978069
2519	344	3.1825447
2519	58	3.1777112
2519	36	3.1312437
2519	123	3.0039463
2519	67	2.994706
2519	257	2.9667404
2519	640	2.9192233
2519	47	2.9176204
2519	345	2.8409355
2520	326	5.196461
2520	123	4.7628675
2520	334	4.697747
2520	318	4.6725664
2520	142	4.500811
2520	94	4.495787
2520	175	4.3471684
2520	803	4.317712
2520	226	4.121922
2520	283	4.0663586
2521	36	6.00857
2521	53	5.4907765
2521	59	5.284833
2521	67	5.0948057
2521	175	4.9662504
2521	139	4.9609175
2521	47	4.922962
2521	74	4.913045
2521	164	4.891758
2521	25	4.6967015
2522	408	2.8529625
2522	987	2.7590654
2522	209	2.7088284
2522	1533	2.3412445
2522	826	2.2929645
2522	452	2.2807007
2522	172	2.2091782
2522	20	2.1769624
2522	15	2.1198657
2522	453	2.1109557
2523	196	4.2879853
2523	66	4.1615715
2523	36	3.987914
2523	68	3.9444342
2523	118	3.9350984
2523	71	3.7973604
2523	1064	3.7508159
2523	225	3.7405825
2523	103	3.7347398
2523	53	3.7323275
2524	799	4.3144145
2524	441	4.1808424
2524	445	4.102127
2524	440	4.095829
2524	446	4.055342
2524	444	3.9420877
2524	447	3.9151075
2524	31	3.7556844
2524	767	3.5052533
2524	579	2.9945917
2525	36	7.5431414
2525	53	6.25539
2525	59	6.2142897
2525	66	5.9814367
2525	47	5.79452
2525	139	5.7444487
2525	175	5.7337523
2525	67	5.655337
2525	25	5.4538493
2525	164	5.308072
2526	157	6.0814962
2526	68	5.8846703
2526	53	5.722219
2526	103	5.486482
2526	139	5.300042
2526	48	5.285247
2526	36	5.1718087
2526	71	4.7608547
2526	381	4.5050726
2526	59	4.4851055
2527	36	5.9832234
2527	59	5.298315
2527	148	5.1431713
2527	67	4.94338
2527	68	4.7290397
2527	151	4.6824703
2527	157	4.626947
2527	25	4.496649
2527	71	4.4880743
2527	74	4.36905
2528	53	5.8201814
2528	36	4.879659
2528	71	4.754852
2528	67	4.7178426
2528	74	4.470385
2528	25	4.43633
2528	139	4.388629
2528	68	4.3836827
2528	66	4.3788176
2528	129	4.2907844
2529	373	2.6855347
2529	232	2.558507
2529	376	2.3995762
2529	143	2.3417914
2529	326	2.3268995
2529	1321	2.321507
2529	142	2.3213573
2529	277	2.315294
2529	1265	2.1461525
2529	609	2.1301305
2530	408	4.887031
2530	769	4.8580484
2530	452	4.4964113
2530	1188	4.2905297
2530	453	4.284985
2530	66	4.228863
2530	104	4.03729
2530	394	3.8950596
2530	225	3.741722
2530	1135	3.7303233
2531	1193	5.6266165
2531	257	5.6071663
2531	769	4.942993
2531	74	4.7559524
2531	75	4.6494284
2531	125	4.3220096
2531	129	4.012324
2531	61	3.949398
2531	908	3.926404
2531	209	3.9134479
2532	66	6.5333457
2532	53	6.1770906
2532	139	5.787492
2532	157	5.742737
2532	68	5.680271
2532	175	5.5689573
2532	226	5.227963
2532	59	5.221604
2532	25	5.0015826
2532	47	4.8152876
2533	314	3.0331416
2533	123	2.7635586
2533	280	2.7589676
2533	345	2.5534532
2533	194	2.3972123
2533	463	2.3653278
2533	58	2.3092713
2533	139	2.30672
2533	97	2.2948396
2533	66	2.2432094
2534	15	5.7274003
2534	408	5.2971826
2534	21	4.646523
2534	104	4.630407
2534	98	4.3728194
2534	453	4.3234315
2534	129	4.3226447
2534	1193	4.276284
2534	783	4.2406
2534	775	4.21709
2535	47	5.6446805
2535	273	5.1166058
2535	25	5.079442
2535	0	4.738816
2535	64	4.68254
2535	463	4.632469
2535	326	4.4253607
2535	70	4.383014
2535	88	4.327133
2535	547	4.178473
2536	257	3.6963334
2536	452	3.6336498
2536	209	3.49129
2536	783	3.3107321
2536	775	3.222013
2536	422	3.1902237
2536	865	3.1895823
2536	410	3.1774323
2536	555	2.7948058
2536	134	2.6713982
2537	36	6.4206395
2537	67	5.187131
2537	53	5.084912
2537	74	5.0841537
2537	66	4.8440056
2537	139	4.769467
2537	148	4.6693773
2537	123	4.547045
2537	10	4.484532
2537	25	4.4413414
2538	59	4.019117
2538	62	3.8052213
2538	68	3.4537888
2538	273	3.3716395
2538	225	3.316305
2538	0	3.2213411
2538	148	3.1747644
2538	47	3.163554
2538	66	3.1546535
2538	463	3.1282668
2539	36	5.8538036
2539	53	5.7870426
2539	66	5.4675517
2539	59	5.217604
2539	148	5.171351
2539	68	4.998492
2539	25	4.915264
2539	71	4.8231483
2539	47	4.733358
2539	157	4.576197
2540	53	4.8311954
2540	129	4.5401073
2540	105	4.33926
2540	71	4.230213
2540	216	4.2290025
2540	36	4.197109
2540	381	4.1915383
2540	66	4.152913
2540	59	4.142579
2540	74	4.042319
2541	36	7.4838953
2541	53	6.5110774
2541	59	6.4648643
2541	67	6.262287
2541	66	5.717546
2541	25	5.664925
2541	164	5.5624833
2541	148	5.5605426
2541	74	5.559908
2541	175	5.511754
2542	59	5.854007
2542	36	5.7148566
2542	256	4.9187427
2542	47	4.5173764
2542	66	4.3884945
2542	25	4.3594904
2542	175	4.339064
2542	226	4.3125305
2542	53	4.2753997
2542	286	4.0507584
2543	36	6.648786
2543	59	5.638568
2543	74	5.4357214
2543	53	5.402144
2543	47	5.391028
2543	67	5.334563
2543	175	5.328524
2543	58	5.196058
2543	66	5.1291738
2543	331	4.95993
2544	53	4.2734947
2544	226	3.6792216
2544	784	3.4778996
2544	139	3.460617
2544	18	3.4527652
2544	383	3.452051
2544	59	3.3540025
2544	25	3.3345675
2544	463	3.3325963
2544	256	3.3144526
2545	53	2.9614692
2545	139	2.8826663
2545	47	2.853948
2545	175	2.816032
2545	36	2.7318704
2545	226	2.5367928
2545	379	2.376815
2545	10	2.370304
2545	163	2.3566658
2545	105	2.348652
2546	68	3.8430688
2546	151	3.7491052
2546	36	3.6217458
2546	48	3.4970043
2546	139	3.2787867
2546	53	3.1641936
2546	103	3.0277686
2546	225	2.9369173
2546	625	2.8687596
2546	47	2.7668753
2547	318	4.678286
2547	231	4.3961725
2547	58	4.226219
2547	326	4.176897
2547	232	4.157265
2547	632	4.0409274
2547	714	3.9679625
2547	143	3.9308243
2547	142	3.8618522
2547	373	3.8294623
2548	36	7.5375605
2548	139	6.208647
2548	175	6.084816
2548	53	5.9178214
2548	59	5.8605204
2548	58	5.710311
2548	163	5.6169643
2548	148	5.424027
2548	25	5.4134593
2548	68	5.408482
2549	36	6.974611
2549	175	5.480987
2549	66	5.4801955
2549	67	5.3149643
2549	47	5.2494564
2549	53	5.22928
2549	148	5.12296
2549	68	5.056725
2549	25	4.930403
2549	226	4.872207
2550	314	3.7442548
2550	482	3.236332
2550	84	2.6019964
2550	181	2.5617952
2550	389	2.5134156
2550	79	2.4764016
2550	323	2.444974
2550	909	2.4073946
2550	1260	2.253482
2550	198	2.2368224
2551	36	6.990132
2551	53	5.8642464
2551	59	5.6572847
2551	175	5.2927003
2551	68	5.2810254
2551	139	5.1986585
2551	67	5.1259394
2551	47	5.119731
2551	157	5.0940046
2551	151	5.075942
2552	36	6.6137075
2552	53	6.0433326
2552	175	6.022327
2552	59	5.727239
2552	66	5.6155686
2552	139	5.593516
2552	148	5.5189776
2552	67	5.468263
2552	47	5.419974
2552	123	5.184596
2553	36	5.8884463
2553	139	5.673732
2553	68	5.6719904
2553	175	5.6314244
2553	151	5.3026257
2553	47	4.943995
2553	59	4.8918633
2553	25	4.826686
2553	67	4.586367
2553	71	4.5084753
2554	148	3.9811425
2554	157	3.9695737
2554	68	3.9375257
2554	66	3.8369155
2554	151	3.701023
2554	48	3.600375
2554	139	3.2126098
2554	47	3.1927621
2554	0	3.165427
2554	632	3.058557
2555	53	4.820887
2555	216	4.748592
2555	36	4.646028
2555	59	4.574071
2555	74	4.5535927
2555	129	4.5371346
2555	67	4.4996557
2555	164	4.2434087
2555	175	4.157415
2555	64	4.1069574
2556	53	3.8934429
2556	625	3.444492
2556	785	3.0826685
2556	175	2.9651031
2556	902	2.9371672
2556	484	2.8275242
2556	66	2.6809614
2556	483	2.6324956
2556	224	2.6217709
2556	48	2.556105
2557	286	6.8644147
2557	58	6.151753
2557	143	4.810924
2557	94	4.4702954
2557	123	4.4532166
2557	334	4.3405876
2557	345	4.132143
2557	359	3.9265375
2557	243	3.8675578
2557	226	3.8176918
2558	148	7.229403
2558	68	6.5639744
2558	53	6.457866
2558	103	6.0173197
2558	139	5.9029336
2558	36	5.8596916
2558	48	5.6944003
2558	71	5.3897552
2558	381	5.1053925
2558	59	4.9926467
2559	36	5.1734858
2559	58	5.1154995
2559	175	4.614882
2559	66	4.2794466
2559	326	4.234288
2559	226	4.1447897
2559	53	4.06692
2559	123	4.0404353
2559	345	4.0253553
2559	148	4.025049
2560	59	5.569192
2560	53	4.9862833
2560	256	4.7362394
2560	47	4.5816464
2560	66	4.531545
2560	25	4.4923024
2560	148	4.352648
2560	164	4.3016615
2560	67	4.29426
2560	226	4.2906218
2561	66	7.929998
2561	68	7.665746
2561	139	7.3750577
2561	151	7.1759067
2561	36	6.786833
2561	71	6.749432
2561	381	6.4351754
2561	59	6.3762
2561	225	5.917069
2561	0	5.9146256
2562	74	5.527423
2562	36	4.5611777
2562	164	4.292584
2562	257	4.21382
2562	67	3.89609
2562	10	3.790737
2562	108	3.743333
2562	842	3.6089666
2562	149	3.589982
2562	15	3.5850148
2563	463	4.6798024
2563	59	4.283412
2563	53	4.240649
2563	66	4.050096
2563	68	4.0172143
2563	148	3.9418344
2563	36	3.8966417
2563	139	3.8630335
2563	225	3.8453496
2563	175	3.7854922
2564	314	6.7440953
2564	482	6.635557
2564	194	5.892819
2564	400	5.8598876
2564	1260	5.7199526
2564	359	5.5020404
2564	292	5.403738
2564	317	5.3692307
2564	343	4.628737
2564	298	4.344088
2565	157	6.1913905
2565	68	6.1187034
2565	151	6.1141996
2565	103	5.72767
2565	139	5.656672
2565	48	5.4569893
2565	36	5.3449316
2565	71	5.240861
2565	381	4.9997363
2565	25	4.815243
2566	36	6.7632213
2566	58	5.3794374
2566	74	5.131293
2566	123	4.840829
2566	163	4.7919354
2566	139	4.7130284
2566	47	4.566429
2566	10	4.51489
2566	345	4.4827557
2566	286	4.342677
2567	74	4.3355665
2567	36	3.932627
2567	67	3.849156
2567	119	3.788073
2567	61	3.515666
2567	75	3.4559035
2567	164	3.4556177
2567	47	3.3748968
2567	257	3.3629258
2567	149	3.3145716
2568	177	3.5893948
2568	53	3.4717984
2568	8	3.3598921
2568	915	3.3152122
2568	362	3.2123005
2568	773	2.8768227
2568	417	2.862769
2568	50	2.8122215
2568	216	2.7635767
2568	648	2.7602196
2569	36	9.533397
2569	139	7.6362553
2569	68	7.159501
2569	151	6.1864557
2569	216	6.174882
2569	273	6.0782857
2569	129	5.9416895
2569	10	5.8811684
2569	345	5.846971
2569	0	5.773545
2570	58	6.2896404
2570	175	5.5168056
2570	286	5.24755
2570	123	4.9120245
2570	139	4.8708096
2570	163	4.8154087
2570	345	4.734448
2570	256	4.560914
2570	226	4.5556436
2570	25	4.4650373
2571	175	5.6278467
2571	139	5.462027
2571	59	5.451377
2571	53	5.3051558
2571	58	5.086966
2571	163	4.923606
2571	164	4.8380594
2571	25	4.8329597
2571	148	4.670303
2571	67	4.6299634
2572	53	7.7902236
2572	148	6.9392056
2572	139	6.816726
2572	71	6.142989
2572	151	6.1428084
2572	59	6.130325
2572	25	6.047621
2572	103	6.0078692
2572	381	5.83987
2572	48	5.786936
2573	36	6.652032
2573	59	5.9252286
2573	148	5.8584685
2573	68	5.7536125
2573	139	5.665939
2573	129	5.5172715
2573	175	5.3213167
2573	157	5.237651
2573	103	5.1661286
2573	151	5.102166
2574	53	9.595344
2574	66	8.47639
2574	148	8.397651
2574	68	8.274661
2574	36	7.8608184
2574	151	7.668705
2574	103	7.3383927
2574	42	6.5350814
2574	64	6.139357
2574	109	5.945363
2575	66	7.6381373
2575	148	7.525584
2575	68	7.1339164
2575	139	6.870779
2575	71	6.262558
2575	48	6.259478
2575	103	6.25889
2575	59	6.1000094
2575	381	5.873918
2575	25	5.8699093
2576	139	3.7355616
2576	36	3.4243345
2576	23	3.2223144
2576	274	3.1373384
2576	47	3.092987
2576	58	3.0850267
2576	91	3.0645442
2576	175	3.0427277
2576	33	2.906022
2576	68	2.901576
2577	58	5.934601
2577	36	5.223547
2577	166	5.0132732
2577	345	4.9284086
2577	286	4.620623
2577	379	4.5291677
2577	59	4.5128255
2577	226	4.489688
2577	163	4.449387
2577	149	4.3458652
2578	452	4.7548795
2578	612	4.5702357
2578	865	4.503652
2578	398	4.5004745
2578	1135	4.301021
2578	1312	3.3483386
2578	884	3.1369011
2578	407	3.0758343
2578	866	3.0647943
2578	940	2.9578934
2579	1556	3.0449343
2579	1481	2.7324083
2579	1589	2.6734123
2579	1518	2.626785
2579	1557	2.5434043
2579	77	2.524381
2579	1474	2.478317
2579	837	2.4594386
2579	1608	2.4495692
2579	1264	2.3831358
2580	23	3.377131
2580	36	3.347506
2580	18	3.3411715
2580	314	3.310028
2580	71	3.2198808
2580	164	3.130989
2580	194	3.035901
2580	25	3.0285373
2580	139	3.0273414
2580	117	3.0185096
2581	58	5.4154916
2581	123	4.5157905
2581	384	4.3624043
2581	36	4.084608
2581	166	3.9688058
2581	286	3.9493654
2581	377	3.8514276
2581	226	3.792283
2581	803	3.7831602
2581	334	3.7447004
2582	10	3.8750687
2582	74	3.5887825
2582	257	3.4003427
2582	13	3.35964
2582	149	3.2853358
2582	36	3.1516924
2582	164	3.1497996
2582	811	3.1058924
2582	432	3.1017056
2582	117	3.0932508
2583	36	5.8406157
2583	139	5.6690974
2583	175	5.559155
2583	59	5.5448623
2583	67	5.471239
2583	25	5.409995
2583	148	5.273634
2583	66	5.26985
2583	68	5.2442603
2583	47	5.1411166
2584	58	5.124504
2584	36	4.6955304
2584	286	4.2390547
2584	334	3.8671854
2584	163	3.7752469
2584	166	3.7416375
2584	226	3.6103625
2584	175	3.4614384
2584	283	3.4551895
2584	59	3.4447227
2585	36	6.313389
2585	59	5.539724
2585	53	5.4192195
2585	139	5.3934298
2585	175	5.3397803
2585	67	5.013588
2585	148	4.8642282
2585	68	4.8023634
2585	25	4.7944255
2585	71	4.7634
2586	769	4.860178
2586	104	4.456619
2586	453	4.286971
2586	783	3.9642048
2586	1188	3.9087594
2586	452	3.8965998
2586	394	3.7933784
2586	865	3.6500576
2586	209	3.6320627
2586	612	3.5745256
2587	66	7.060785
2587	148	7.0207567
2587	157	6.508817
2587	151	6.379055
2587	103	6.1550255
2587	36	6.031102
2587	71	5.973096
2587	48	5.8202505
2587	59	5.779357
2587	25	5.554441
2588	36	5.928131
2588	47	5.5953827
2588	175	5.5433054
2588	164	5.356509
2588	59	5.3504868
2588	25	5.3360705
2588	139	5.218322
2588	18	5.179127
2588	216	4.9532433
2588	67	4.793277
2589	314	5.7162685
2589	298	5.209442
2589	181	4.880321
2589	58	4.828401
2589	67	4.737607
2589	123	4.6763783
2589	10	4.6699147
2589	292	4.6141353
2589	59	4.526369
2589	283	4.4196806
2590	74	6.034504
2590	257	5.692219
2590	53	5.38536
2590	216	5.203333
2590	269	4.839107
2590	129	4.8378034
2590	61	4.8257236
2590	18	4.7360234
2590	842	4.6599536
2590	908	4.417529
2591	53	6.289243
2591	36	6.0450215
2591	66	5.699267
2591	139	5.650117
2591	148	5.6175766
2591	59	5.398842
2591	68	5.3831654
2591	25	5.108002
2591	151	5.02864
2591	71	4.9742236
2592	36	6.170839
2592	53	5.826609
2592	175	5.648016
2592	164	5.263795
2592	67	5.0763226
2592	163	5.0529146
2592	59	5.0467033
2592	25	4.708592
2592	58	4.630166
2592	162	4.4937954
2593	36	6.657496
2593	59	5.5964823
2593	175	5.118204
2593	66	4.955415
2593	58	4.894345
2593	286	4.8545384
2593	47	4.7865458
2593	53	4.7581162
2593	256	4.7150598
2593	148	4.7144275
2594	53	5.6544814
2594	36	5.157795
2594	66	4.760807
2594	59	4.7469788
2594	67	4.721694
2594	129	4.71666
2594	74	4.6814895
2594	71	4.605569
2594	25	4.588758
2594	68	4.497201
2595	53	5.2040343
2595	773	5.059862
2595	908	4.8889756
2595	915	4.8152213
2595	164	4.3905797
2595	2	4.377694
2595	257	4.3523297
2595	216	4.2233143
2595	177	4.1188965
2595	362	4.111995
2596	53	7.1396337
2596	66	6.695529
2596	148	6.5642734
2596	68	6.5258675
2596	59	6.2657223
2596	157	6.0838075
2596	151	6.0088205
2596	47	5.9200745
2596	71	5.888074
2596	25	5.775837
2597	139	3.840838
2597	71	3.7902555
2597	68	3.7714264
2597	148	3.6505501
2597	157	3.4471662
2597	103	3.345015
2597	273	3.2710502
2597	381	3.2008162
2597	66	3.1320913
2597	72	3.0645156
2598	58	4.3871226
2598	326	4.303579
2598	286	4.1554847
2598	66	3.714584
2598	226	3.5154147
2598	148	3.501279
2598	318	3.388244
2598	463	3.3617234
2598	803	3.350771
2598	48	3.2790446
2599	123	6.10646
2599	58	5.73212
2599	286	4.9918776
2599	226	4.87108
2599	345	4.6444135
2599	166	4.6065106
2599	379	4.427393
2599	384	4.2480154
2599	36	4.149244
2599	437	4.110868
2600	269	5.0991235
2600	53	4.996433
2600	139	4.939903
2600	36	4.5895386
2600	68	4.2936945
2600	67	4.2810855
2600	221	4.168003
2600	72	4.1326666
2600	381	4.0879297
2600	47	4.084066
2601	426	3.9527824
2601	1508	3.9468722
2601	1561	3.5411196
2601	292	3.3501985
2601	9	3.189861
2601	560	3.1885037
2601	1197	2.9964633
2601	236	2.98816
2601	1088	2.6407483
2601	181	2.591408
2602	314	3.7593164
2602	482	3.3813152
2602	181	3.2991714
2602	117	2.8925214
2602	400	2.8742852
2602	909	2.8576598
2602	317	2.7678874
2602	298	2.7418714
2602	989	2.7145169
2602	406	2.5863855
2603	36	6.7507057
2603	67	6.026991
2603	164	5.6697736
2603	175	5.437298
2603	216	5.202408
2603	842	5.153559
2603	47	5.1532063
2603	25	5.115972
2603	66	5.095384
2603	10	5.079064
2604	194	6.41301
2604	359	5.6424327
2604	292	5.6280174
2604	1260	5.4017735
2604	317	5.399652
2604	343	4.4070797
2604	408	4.2623053
2604	637	3.4744716
2604	117	3.3529582
2604	27	3.1097202
2605	15	4.3869214
2605	198	4.3291607
2605	74	4.3063993
2605	104	4.242383
2605	452	4.077041
2605	118	4.0677547
2605	209	4.0401206
2605	129	3.803774
2605	257	3.6780791
2605	453	3.6682777
2606	36	4.328987
2606	58	3.9208894
2606	226	3.8813956
2606	345	3.8615434
2606	148	3.7741873
2606	48	3.7641757
2606	139	3.3023546
2606	151	3.2747383
2606	175	3.189085
2606	157	3.1488764
2607	175	5.270447
2607	53	4.94216
2607	47	4.701907
2607	66	4.551642
2607	139	4.4831724
2607	163	4.4216046
2607	68	4.4183974
2607	148	4.3945346
2607	25	4.330944
2607	67	4.3081346
2608	1064	2.8655229
2608	216	2.1087952
2608	1082	2.0830836
2608	230	2.0771763
2608	194	2.048828
2608	53	1.9933647
2608	1587	1.9183543
2608	105	1.8469019
2608	579	1.7605548
2608	193	1.7592194
2609	53	9.399989
2609	139	7.7720275
2609	36	7.753415
2609	66	7.64087
2609	68	7.62282
2609	59	7.5943522
2609	148	7.589145
2609	25	7.1825967
2609	71	7.062705
2609	157	7.0299706
2610	314	5.278602
2610	257	4.9605856
2610	908	4.4833746
2610	117	4.338921
2610	12	4.2993884
2610	18	4.158866
2610	75	4.08905
2610	121	4.039647
2610	177	3.9881532
2610	909	3.925407
2611	36	6.3007164
2611	175	5.1089597
2611	58	4.94322
2611	53	4.8479376
2611	66	4.7906423
2611	163	4.622992
2611	226	4.497241
2611	67	4.4714556
2611	47	4.4561234
2611	148	4.429378
2612	36	5.1534834
2612	175	4.451499
2612	58	4.391723
2612	123	4.209128
2612	286	4.1037774
2612	47	4.0720105
2612	226	4.0691257
2612	53	3.967931
2612	59	3.875076
2612	68	3.823656
2613	915	3.8801277
2613	8	3.7685323
2613	785	3.5972776
2613	53	3.579883
2613	257	3.5723732
2613	149	3.5642877
2613	18	3.563108
2613	10	3.5045211
2613	12	3.394942
2613	111	3.3277123
2614	36	5.1039815
2614	379	4.796471
2614	58	4.6739197
2614	74	4.2490807
2614	175	4.2435594
2614	226	3.9763386
2614	23	3.9754539
2614	306	3.92637
2614	59	3.8720105
2614	164	3.8347719
2615	58	5.761376
2615	36	5.7267942
2615	286	4.8198247
2615	345	4.723975
2615	175	4.6352334
2615	10	4.480919
2615	326	4.362084
2615	67	4.3303785
2615	163	4.275068
2615	59	4.2422824
2616	66	7.6352377
2616	148	7.1295476
2616	36	6.880573
2616	53	6.7620926
2616	157	6.6005993
2616	68	6.5831046
2616	151	6.3820257
2616	139	6.1406527
2616	103	5.678943
2616	59	5.6306057
2617	36	7.1499486
2617	59	6.7642465
2617	139	6.5039034
2617	175	6.4633384
2617	71	6.2379875
2617	25	6.1731477
2617	66	6.0664716
2617	148	6.0651803
2617	68	6.05445
2617	67	5.93779
2618	66	6.00949
2618	408	5.786795
2618	59	5.688824
2618	148	5.514324
2618	36	5.4620934
2618	129	5.4193673
2618	453	5.3761244
2618	256	5.303822
2618	769	5.254416
2618	151	5.134162
2619	769	4.09103
2619	104	3.440675
2619	15	3.313841
2619	98	3.2493422
2619	118	2.9100578
2619	783	2.840716
2619	612	2.7233067
2619	895	2.6715815
2619	775	2.6301475
2619	774	2.6037161
2620	198	3.248824
2620	1204	2.5301075
2620	717	2.513756
2620	105	2.436607
2620	129	2.4139235
2620	778	2.370324
2620	71	2.3411162
2620	118	2.3314304
2620	108	2.3140018
2620	408	2.2750485
2621	148	6.501506
2621	53	6.43566
2621	68	6.107196
2621	151	5.750879
2621	157	5.6976414
2621	139	5.5451083
2621	48	5.3971434
2621	71	5.2816515
2621	103	5.243609
2621	25	5.194097
2622	139	6.6616125
2622	157	6.5981674
2622	36	6.35204
2622	48	5.8975096
2622	59	5.825617
2622	381	5.753402
2622	175	5.5482483
2622	72	5.5418253
2622	273	5.506086
2622	47	5.4322233
2623	36	5.884977
2623	59	5.3361764
2623	148	4.997984
2623	326	4.899497
2623	463	4.800415
2623	175	4.7959437
2623	66	4.777548
2623	123	4.7294774
2623	139	4.7141666
2623	48	4.608508
2624	163	3.0538712
2624	318	2.9931557
2624	226	2.9684172
2624	58	2.9654973
2624	286	2.790656
2624	143	2.7902207
2624	379	2.6005478
2624	139	2.5714827
2624	290	2.5589159
2624	1002	2.558201
2625	36	3.655409
2625	68	3.3746836
2625	66	3.2836356
2625	139	3.2277296
2625	47	3.1525588
2625	25	3.1006324
2625	59	3.065545
2625	323	3.0584297
2625	157	2.984617
2625	383	2.8856685
2626	477	7.3907557
2626	1491	4.813202
2626	1435	3.6537087
2626	28	3.1625156
2626	117	2.8982618
2626	819	2.5661526
2626	943	2.4476054
2626	194	2.2704182
2626	1281	2.2293093
2626	104	2.15628
2627	36	5.868564
2627	67	4.9899273
2627	74	4.9548607
2627	269	4.8519707
2627	59	4.526447
2627	53	4.2105255
2627	108	4.1234508
2627	256	4.0849915
2627	175	4.069749
2627	25	4.0492473
2628	381	2.872849
2628	66	2.835207
2628	71	2.6921318
2628	151	2.6467202
2628	118	2.6434512
2628	784	2.6099749
2628	53	2.568452
2628	463	2.5422027
2628	148	2.5374904
2628	45	2.4508488
2629	53	9.144469
2629	148	7.968337
2629	68	7.800474
2629	36	7.4996347
2629	157	7.410605
2629	151	7.152324
2629	71	7.1151175
2629	59	6.9483633
2629	103	6.7164135
2629	381	6.708329
2630	1064	5.0014777
2630	1082	4.4826856
2630	555	4.352267
2630	257	4.204987
2630	15	4.114879
2630	121	4.0074773
2630	75	3.9382195
2630	118	3.8603983
2630	21	3.500509
2630	125	3.3824856
2631	36	6.787213
2631	53	6.607966
2631	148	6.3365593
2631	59	5.8482428
2631	139	5.715876
2631	67	5.6651087
2631	157	5.55849
2631	151	5.465627
2631	25	5.318148
2631	47	5.216045
2632	53	3.0401182
2632	67	2.4716814
2632	50	2.4117672
2632	433	2.3871899
2632	148	2.3269649
2632	66	2.3114052
2632	763	2.2947319
2632	466	2.2478352
2632	37	2.2134643
2632	123	2.1442
2633	59	5.7509274
2633	67	5.046527
2633	256	4.7732296
2633	66	4.7603707
2633	74	4.5887084
2633	53	4.537618
2633	71	4.444336
2633	175	4.424045
2633	164	4.3939824
2633	148	4.3874054
2634	149	4.8380246
2634	10	4.7195
2634	67	4.552713
2634	811	4.1243134
2634	12	4.027503
2634	166	4.0079746
2634	58	3.978867
2634	347	3.9543087
2634	61	3.93326
2634	110	3.9203098
2635	452	7.092511
2635	453	7.0072427
2635	398	5.625111
2635	769	5.591285
2635	104	5.5480056
2635	394	5.5017567
2635	865	4.9962296
2635	98	4.980682
2635	612	4.8541203
2635	1533	4.772227
2636	74	5.1149435
2636	36	4.2090735
2636	67	4.1339717
2636	257	4.0445867
2636	119	3.9989965
2636	842	3.971661
2636	164	3.9451842
2636	18	3.9300635
2636	15	3.679708
2636	10	3.6610835
2637	769	7.4154387
2637	104	6.946065
2637	453	6.603039
2637	98	6.237204
2637	783	5.940589
2637	15	5.8999977
2637	209	5.862825
2637	398	5.5753126
2637	118	5.555966
2637	775	5.5143905
2638	36	7.108557
2638	175	6.510851
2638	139	6.177913
2638	59	5.9193087
2638	67	5.836279
2638	66	5.746608
2638	148	5.685967
2638	25	5.5326767
2638	164	5.378039
2638	68	5.3186927
2639	36	6.851994
2639	74	6.440231
2639	53	6.3848395
2639	67	6.262467
2639	59	5.9686813
2639	164	5.9294615
2639	129	5.7567167
2639	175	5.493171
2639	414	5.4823833
2639	25	5.424022
2640	36	7.640311
2640	53	6.5243955
2640	59	6.3841386
2640	67	6.011013
2640	66	5.9994946
2640	175	5.916456
2640	148	5.8766274
2640	139	5.680651
2640	47	5.659291
2640	68	5.5571995
2641	139	4.147071
2641	71	4.0179877
2641	66	3.9354093
2641	25	3.9121604
2641	68	3.7897675
2641	148	3.7867332
2641	59	3.782632
2641	67	3.777793
2641	164	3.7277133
2641	175	3.7187722
2642	53	6.2172146
2642	66	6.1236567
2642	148	5.801149
2642	139	5.782965
2642	68	5.776082
2642	47	5.4515147
2642	59	5.414725
2642	67	5.2867174
2642	157	5.2820067
2642	71	5.2145047
2643	2	2.8959835
2643	907	2.236055
2643	419	2.1934595
2643	641	2.105526
2643	45	2.0296135
2643	477	2.0071828
2643	402	1.8885868
2643	1340	1.8113778
2643	254	1.7363197
2643	219	1.6956387
2644	148	8.985803
2644	157	8.4912615
2644	151	8.294628
2644	103	8.120716
2644	59	7.673763
2644	47	7.0782857
2644	67	6.780728
2644	44	6.757883
2644	784	6.4811606
2644	64	6.2953615
2645	36	5.391091
2645	286	4.9785013
2645	175	4.6673765
2645	123	4.6360135
2645	226	4.6330457
2645	149	4.4794817
2645	314	4.4470935
2645	10	4.4222364
2645	252	4.3935823
2645	59	4.372717
2646	257	4.8646994
2646	74	4.656786
2646	75	4.3322287
2646	53	4.3056483
2646	2	4.283346
2646	121	4.2383676
2646	164	4.1609154
2646	216	4.152465
2646	1193	4.1456776
2646	119	4.1320257
2647	286	4.994318
2647	139	4.5253053
2647	373	4.3319263
2647	326	3.9696784
2647	47	3.9221344
2647	48	3.823279
2647	318	3.804461
2647	175	3.793812
2647	163	3.7782662
2647	157	3.6062794
2648	36	6.0616
2648	53	6.036796
2648	59	5.388036
2648	67	5.1872616
2648	139	5.1663675
2648	25	5.0892844
2648	71	5.0175815
2648	47	4.923197
2648	68	4.8412213
2648	74	4.833316
2649	59	6.3815193
2649	164	6.200454
2649	53	6.090353
2649	58	5.790123
2649	139	5.5922227
2649	123	5.429401
2649	256	5.39575
2649	64	5.3564744
2649	162	5.241472
2649	149	5.221234
2650	408	6.216097
2650	1135	6.134891
2650	209	6.060162
2650	104	5.5829577
2650	398	5.4301763
2650	769	5.2684364
2650	394	5.186282
2650	775	5.1489797
2650	612	5.0105977
2650	865	4.968295
2651	36	5.644387
2651	58	4.84473
2651	59	4.3347287
2651	47	4.2589855
2651	175	4.116035
2651	286	4.106537
2651	94	4.047184
2651	67	4.032287
2651	66	3.9073706
2651	163	3.888857
2652	1481	4.6255264
2652	236	3.722346
2652	1330	3.562246
2652	1323	3.453755
2652	1303	3.4460824
2652	1589	3.3303332
2652	433	3.2995005
2652	740	3.2539043
2652	902	3.2196143
2652	1474	3.1627202
2653	36	5.1199026
2653	257	4.861422
2653	74	4.819421
2653	53	4.247896
2653	164	4.2125163
2653	75	4.175663
2653	12	4.1489835
2653	149	4.069335
2653	10	4.022104
2653	345	3.9418235
2654	314	4.33403
2654	123	3.8685517
2654	36	3.8386457
2654	194	3.6882534
2654	74	3.6142287
2654	10	3.594219
2654	257	3.5606225
2654	379	3.337743
2654	181	3.1880512
2654	226	3.1622312
2655	68	7.3432875
2655	151	7.025398
2655	139	7.0203776
2655	36	6.20976
2655	48	6.2081876
2655	25	6.058371
2655	72	6.0505486
2655	59	5.867564
2655	719	5.798995
2655	225	5.796702
2656	53	5.5353065
2656	59	5.429426
2656	175	5.2234526
2656	58	5.0973053
2656	47	4.9028974
2656	67	4.8630695
2656	151	4.6806464
2656	345	4.562566
2656	48	4.5493107
2656	123	4.4626384
2657	53	5.2464695
2657	67	4.7543964
2657	139	4.6121545
2657	68	4.547822
2657	123	4.523798
2657	148	4.5116496
2657	175	4.4322114
2657	71	4.3119764
2657	157	4.2987123
2657	25	4.2949524
2658	36	4.391131
2658	15	4.371785
2658	53	3.9848645
2658	257	3.7598493
2658	129	3.7164905
2658	164	3.590072
2658	59	3.4724488
2658	66	3.4101088
2658	842	3.3830702
2658	67	3.3019807
2659	58	6.6046295
2659	384	5.8924413
2659	123	5.686954
2659	94	5.2010775
2659	286	5.0469284
2659	166	4.971435
2659	334	4.9571915
2659	345	4.6756706
2659	1002	4.6475906
2659	290	4.574615
2660	257	4.503528
2660	12	4.4171724
2660	119	4.198726
2660	18	4.0987964
2660	121	4.054476
2660	216	4.0115385
2660	1193	3.8170424
2660	164	3.6111753
2660	53	3.5731125
2660	10	3.5261662
2661	36	6.7012224
2661	139	6.1311803
2661	59	5.94548
2661	148	5.9111
2661	68	5.819014
2661	66	5.7873054
2661	157	5.5702453
2661	53	5.4745955
2661	151	5.389077
2661	71	5.373594
2662	36	4.959059
2662	269	4.587814
2662	74	4.539512
2662	59	4.447411
2662	164	4.1810145
2662	256	3.965512
2662	129	3.742557
2662	71	3.7181127
2662	26	3.6985652
2662	108	3.6828048
2663	53	6.101431
2663	66	5.3800144
2663	59	5.328463
2663	139	5.3045526
2663	148	5.196277
2663	68	5.1892233
2663	71	5.122695
2663	67	4.96987
2663	157	4.8233576
2663	25	4.751669
2664	53	7.8721395
2664	36	7.393513
2664	66	7.1971636
2664	148	7.179357
2664	139	6.967869
2664	68	6.942764
2664	59	6.6948853
2664	157	6.526003
2664	48	6.4128027
2664	151	6.3813667
2665	36	6.1304255
2665	164	5.231114
2665	23	4.981921
2665	74	4.903523
2665	175	4.838025
2665	59	4.8298707
2665	67	4.7344933
2665	47	4.463719
2665	58	4.409982
2665	43	4.371232
2666	129	3.1932192
2666	64	2.683039
2666	163	2.6760375
2666	43	2.6333144
2666	62	2.5848987
2666	200	2.5076404
2666	221	2.4013126
2666	162	2.3875465
2666	95	2.3228676
2666	555	2.3199074
2667	53	4.7577925
2667	15	4.726737
2667	59	4.656511
2667	221	4.378566
2667	769	4.2941775
2667	36	4.1953826
2667	402	4.1312943
2667	118	4.1203623
2667	216	4.0971794
2667	784	4.0693884
2668	104	7.53134
2668	422	7.4110203
2668	134	6.9539285
2668	452	6.5646477
2668	1188	6.3270926
2668	453	6.156495
2668	769	6.148909
2668	1135	6.0953135
2668	98	5.646216
2668	209	5.480994
2669	53	7.0186334
2669	59	6.544694
2669	139	6.4170647
2669	67	6.099746
2669	25	6.0768776
2669	66	6.054143
2669	68	6.0184164
2669	148	6.0008154
2669	71	5.7201934
2669	157	5.4529433
2670	36	6.5706177
2670	175	5.7056417
2670	25	5.3715086
2670	148	5.292913
2670	67	5.2461276
2670	66	5.17607
2670	68	5.136347
2670	164	5.1349444
2670	157	4.8875117
2670	71	4.817561
2671	36	5.615306
2671	74	5.510907
2671	164	5.1170635
2671	25	5.0515995
2671	67	5.010801
2671	139	4.970992
2671	432	4.9628296
2671	216	4.9404516
2671	71	4.8122187
2671	842	4.7993436
2672	54	3.7423775
2672	463	3.646612
2672	36	3.5175629
2672	59	3.4640784
2672	774	3.4534588
2672	345	3.1398952
2672	88	3.117675
2672	175	3.0547829
2672	139	3.036574
2672	123	2.9780142
2673	53	4.6038384
2673	36	4.128848
2673	148	3.8336573
2673	71	3.7364204
2673	66	3.6473055
2673	157	3.6425753
2673	175	3.5835674
2673	25	3.558197
2673	0	3.342923
2673	59	3.3254173
2674	194	3.2853036
2674	58	2.8317447
2674	343	2.6196995
2674	43	2.5132384
2674	23	2.4568248
2674	733	2.3755836
2674	292	2.3162098
2674	909	2.2266579
2674	477	2.2162938
2674	181	2.2147183
2675	53	6.1791015
2675	36	5.8433576
2675	139	5.3857527
2675	59	5.2523117
2675	71	5.0946383
2675	103	5.0385003
2675	48	4.933019
2675	25	4.887973
2675	67	4.8372393
2675	381	4.7843394
2676	913	4.259559
2676	28	4.0487146
2676	1589	3.6947343
2676	1615	3.6436477
2676	426	3.5641901
2676	30	3.5230453
2676	1479	3.5131974
2676	914	3.5016687
2676	1361	3.4291122
2676	1468	3.415464
2677	201	2.7203455
2677	426	2.115843
2677	1566	2.0834482
2677	874	2.048965
2677	1042	2.0227475
2677	1219	2.005726
2677	1561	1.9469272
2677	168	1.9196761
2677	821	1.9045945
2677	602	1.9029427
2678	74	4.790001
2678	257	4.4372206
2678	119	4.315142
2678	113	4.20484
2678	75	4.202346
2678	1193	4.1902437
2678	908	3.916998
2678	22	3.6755848
2678	15	3.5571747
2678	216	3.519247
2679	36	6.3276563
2679	53	6.1870356
2679	68	5.5442977
2679	66	5.517392
2679	148	5.3529115
2679	175	5.272775
2679	47	5.1785865
2679	67	5.0627747
2679	25	5.0617347
2679	157	5.0157413
2680	53	4.3330283
2680	381	3.6050842
2680	66	3.4859838
2680	71	3.4455466
2680	1343	3.3823574
2680	144	3.321712
2680	719	3.291484
2680	18	3.2559807
2680	103	3.2093666
2680	983	3.2008557
2681	175	6.048079
2681	53	5.717058
2681	58	5.695349
2681	139	5.692724
2681	256	5.4605675
2681	66	5.3227625
2681	25	5.314019
2681	67	5.3100414
2681	68	5.2446876
2681	163	5.224867
2682	834	4.0398335
2682	746	3.0530474
2682	261	3.019672
2682	177	2.941197
2682	114	2.7217102
2682	1303	2.7052271
2682	714	2.7030532
2682	1343	2.669911
2682	9	2.4826143
2682	1392	2.4203036
2683	58	5.149184
2683	36	4.885977
2683	344	4.700786
2683	194	4.4882507
2683	226	4.471236
2683	314	4.400832
2683	10	4.3706646
2683	306	4.370642
2683	74	4.341607
2683	970	4.274881
2684	329	2.8710866
2684	964	2.7214484
2684	2	2.4899325
2684	10	2.4521644
2684	149	2.362979
2684	344	2.3118253
2684	904	2.269009
2684	8	2.2101357
2684	119	2.1893795
2684	163	2.1438818
2685	175	7.0843654
2685	68	6.7503386
2685	25	6.5984516
2685	151	5.923509
2685	164	5.8879285
2685	71	5.76078
2685	72	5.604401
2685	162	5.5595503
2685	286	5.5009637
2685	103	5.2108545
2686	53	8.807878
2686	148	7.72284
2686	68	7.55441
2686	139	7.399729
2686	71	7.1171656
2686	59	7.1165643
2686	157	7.064515
2686	151	6.8897924
2686	25	6.826109
2686	103	6.712328
2687	36	5.253536
2687	53	4.8317127
2687	67	4.6861873
2687	139	4.670857
2687	68	4.3429914
2687	256	4.2788005
2687	72	4.276286
2687	25	4.2664
2687	175	4.264037
2687	47	4.2489133
2688	482	4.669849
2688	181	4.348626
2688	909	4.0567403
2688	81	3.5305302
2688	406	3.4762945
2688	317	3.2706964
2688	1260	3.2586267
2688	27	2.937442
2688	400	2.8683908
2688	910	2.819145
2689	36	4.750003
2689	66	4.387413
2689	148	3.903769
2689	463	3.6916215
2689	68	3.5493147
2689	151	3.5134895
2689	256	3.4920325
2689	157	3.4154363
2689	59	3.232409
2689	67	3.0750396
2690	148	5.5860415
2690	66	5.458132
2690	48	5.141422
2690	68	4.955881
2690	36	4.9457297
2690	53	4.9234905
2690	175	4.746242
2690	151	4.7456117
2690	59	4.7349567
2690	157	4.6870904
2691	53	6.6324177
2691	47	5.8270087
2691	36	5.58479
2691	175	5.534622
2691	25	5.1130157
2691	59	5.09494
2691	68	4.992162
2691	66	4.974541
2691	148	4.865311
2691	157	4.824551
2692	53	5.9001184
2692	67	5.7051477
2692	139	5.3284655
2692	164	5.235473
2692	74	5.193883
2692	47	5.1566477
2692	59	5.0926604
2692	148	5.0459805
2692	66	5.013055
2692	25	4.9783196
2693	53	5.2834196
2693	36	4.989031
2693	216	4.5287743
2693	67	4.473181
2693	164	4.4115105
2693	257	4.39056
2693	15	4.372532
2693	119	4.179106
2693	269	4.160559
2693	118	4.1488876
2694	58	5.4488754
2694	286	5.422171
2694	36	5.25881
2694	463	5.1279
2694	59	5.0330496
2694	66	4.99452
2694	148	4.793517
2694	326	4.691355
2694	139	4.6867547
2694	68	4.381782
2695	36	7.330438
2695	53	6.9788895
2695	59	6.513415
2695	66	6.504488
2695	68	6.308676
2695	47	6.232145
2695	139	6.092685
2695	175	6.063279
2695	25	5.793666
2695	157	5.6666965
2696	123	4.43754
2696	43	3.7374208
2696	58	3.7267559
2696	59	3.598036
2696	286	3.237624
2696	822	3.1452858
2696	269	3.0535257
2696	62	3.0502026
2696	345	3.0472
2696	1516	2.9662673
2697	181	4.829987
2697	314	4.636369
2697	292	4.459957
2697	909	4.453491
2697	400	4.2553325
2697	298	4.248093
2697	406	4.0979466
2697	66	3.8185725
2697	482	3.7924712
2697	359	3.768496
2698	286	4.388815
2698	58	4.128299
2698	142	3.423704
2698	123	3.2822957
2698	318	2.6920018
2698	1113	2.5949266
2698	345	2.5573921
2698	352	2.4613922
2698	232	2.4510775
2698	243	2.4205177
2699	148	6.9369674
2699	139	6.7020054
2699	68	6.609361
2699	151	6.163062
2699	25	5.8886523
2699	48	5.8091664
2699	71	5.702584
2699	103	5.534694
2699	273	5.3632183
2699	381	5.171658
2700	148	7.1939964
2700	68	6.8493786
2700	36	6.351746
2700	103	6.113369
2700	48	5.786712
2700	59	5.4912343
2700	72	5.318048
2700	175	5.261011
2700	47	5.212332
2700	0	5.2019773
2701	36	5.5592184
2701	59	4.896947
2701	129	4.316348
2701	74	4.245956
2701	256	4.231269
2701	269	4.2154727
2701	784	4.1517096
2701	68	3.9058192
2701	67	3.895373
2701	47	3.8719435
2702	36	4.9956293
2702	148	4.95928
2702	58	4.6654363
2702	53	4.664245
2702	48	4.5796633
2702	298	4.463384
2702	157	4.359928
2702	175	4.3465943
2702	139	4.334548
2702	151	4.316129
2703	66	7.6583767
2703	68	7.2901235
2703	139	6.972304
2703	157	6.9158425
2703	59	6.8685775
2703	151	6.821843
2703	36	6.8023186
2703	71	6.633134
2703	381	6.340776
2703	67	5.984764
2704	58	4.663593
2704	66	4.288348
2704	148	4.1859913
2704	36	4.153708
2704	139	4.06006
2704	68	3.9298472
2704	157	3.81631
2704	151	3.7432926
2704	59	3.6827781
2704	48	3.6466763
2705	59	3.5432065
2705	256	3.2284544
2705	15	3.1041498
2705	225	3.0621798
2705	148	3.058375
2705	273	2.9910586
2705	54	2.9793065
2705	769	2.9721227
2705	108	2.9569397
2705	68	2.9197087
2706	314	5.8384852
2706	181	5.586419
2706	53	5.147338
2706	298	4.8365183
2706	482	4.4795384
2706	36	4.4110994
2706	359	4.3962927
2706	67	4.2970796
2706	66	4.165602
2706	292	4.076812
2707	142	4.2670126
2707	356	3.9267201
2707	286	3.9186761
2707	326	3.588991
2707	123	3.4131448
2707	58	3.2677503
2707	281	3.213368
2707	318	3.0995915
2707	359	3.080684
2707	194	3.0385528
2708	36	8.069805
2708	53	8.042476
2708	139	7.3501115
2708	66	7.316473
2708	157	6.8487926
2708	47	6.7182603
2708	25	6.5584354
2708	175	6.553693
2708	151	6.510398
2708	71	6.5098214
2709	36	5.8673973
2709	59	5.8017516
2709	53	5.792169
2709	175	5.147226
2709	67	5.0976205
2709	66	5.047494
2709	256	5.026133
2709	47	4.9123697
2709	148	4.82572
2709	164	4.8153796
2710	36	7.117927
2710	67	6.1305285
2710	175	5.8454084
2710	164	5.7497454
2710	59	5.7399087
2710	139	5.695781
2710	47	5.655077
2710	25	5.489573
2710	74	5.484489
2710	10	5.2798657
2711	36	5.2675095
2711	66	4.5409555
2711	67	4.173369
2711	68	4.122934
2711	148	4.067085
2711	74	4.0138984
2711	256	4.004806
2711	71	3.9061809
2711	25	3.9013705
2711	175	3.8592103
2712	47	3.7448246
2712	175	3.675604
2712	139	3.637571
2712	53	3.4652038
2712	373	3.3425212
2712	48	3.1419604
2712	59	3.113888
2712	625	3.105726
2712	36	3.041718
2712	286	3.0415373
2713	36	5.7968793
2713	74	5.093612
2713	59	4.829964
2713	53	4.785294
2713	67	4.771944
2713	164	4.547517
2713	175	4.492238
2713	108	4.216249
2713	256	4.160236
2713	842	4.1364946
2714	194	3.3624845
2714	314	3.1497042
2714	298	2.8746943
2714	292	2.8447158
2714	482	2.7337918
2714	123	2.7098167
2714	384	2.7012382
2714	226	2.5350747
2714	326	2.500701
2714	969	2.4463353
2715	314	3.8800974
2715	298	3.8527834
2715	36	3.837507
2715	463	3.5247338
2715	734	3.3996432
2715	257	3.3925948
2715	10	3.3499606
2715	149	3.3390734
2715	75	3.2362602
2715	895	3.226849
2716	36	5.0391917
2716	68	4.564145
2716	53	4.202493
2716	157	4.1276484
2716	151	4.1248407
2716	48	4.0056863
2716	139	3.990663
2716	59	3.9841049
2716	47	3.9350436
2716	273	3.9148884
2717	36	6.327311
2717	59	5.437135
2717	47	5.3874054
2717	68	5.3473296
2717	175	5.29926
2717	148	5.2255974
2717	66	5.190983
2717	157	4.960946
2717	58	4.8080688
2717	151	4.7578964
2718	323	4.0862055
2718	15	3.7769012
2718	36	3.6969907
2718	269	3.5998118
2718	452	3.587733
2718	408	3.5613782
2718	74	3.5532691
2718	368	3.4722526
2718	769	3.470014
2718	257	3.4386718
2719	286	4.0931296
2719	225	3.901963
2719	148	3.8282955
2719	68	3.7731624
2719	139	3.7569332
2719	103	3.635157
2719	157	3.6314046
2719	48	3.5892756
2719	66	3.5536153
2719	36	3.4849718
2720	59	5.6330247
2720	47	5.048067
2720	129	4.978308
2720	256	4.9243712
2720	66	4.923975
2720	25	4.772056
2720	68	4.7088313
2720	286	4.66296
2720	148	4.6384654
2720	139	4.605416
2721	53	7.7453637
2721	66	7.310381
2721	157	6.803047
2721	151	6.5756307
2721	36	6.419433
2721	71	6.349452
2721	48	5.94438
2721	59	5.6898317
2721	47	5.4840364
2721	72	5.4618926
2722	66	7.1640563
2722	68	6.4960327
2722	151	6.346782
2722	139	6.2570367
2722	36	5.949151
2722	103	5.8357034
2722	48	5.7181478
2722	71	5.7107034
2722	381	5.4011555
2722	25	5.352701
2723	769	5.7476645
2723	398	5.512421
2723	408	5.1856956
2723	783	5.1650014
2723	612	5.111356
2723	209	5.0911565
2723	1188	5.010816
2723	452	4.999757
2723	775	4.9533043
2723	1193	4.942217
2724	53	8.190055
2724	66	7.396578
2724	148	7.277123
2724	68	6.8774405
2724	59	6.876687
2724	139	6.8592606
2724	157	6.5194545
2724	151	6.4618
2724	25	6.3358974
2724	71	6.270857
2725	36	6.704386
2725	59	5.91161
2725	53	5.830212
2725	175	5.622647
2725	139	5.554767
2725	148	5.5173936
2725	66	5.4871445
2725	58	5.4510307
2725	47	5.32594
2725	68	5.142385
2726	58	4.4864864
2726	286	4.185984
2726	318	3.7249434
2726	290	3.6546733
2726	163	3.5191097
2726	283	3.425082
2726	175	3.283484
2726	36	3.2044008
2726	142	3.1946354
2726	139	3.1435149
2727	769	6.9034963
2727	453	6.615647
2727	104	6.3655286
2727	452	6.3431816
2727	209	6.3001275
2727	1188	6.204137
2727	398	5.9068775
2727	394	5.894815
2727	1135	5.77698
2727	15	5.669322
2728	201	2.5191853
2728	1086	2.4060543
2728	368	2.402928
2728	219	2.2219036
2728	365	2.153272
2728	163	2.0041943
2728	390	1.9984741
2728	26	1.9698089
2728	108	1.844979
2728	676	1.8367045
2729	1286	3.2573278
2729	1468	2.7259037
2729	1633	2.6185997
2729	910	2.5446649
2729	238	2.447516
2729	1256	2.4355776
2729	81	2.3841603
2729	314	2.3781965
2729	27	2.3723514
2729	984	2.3660975
2730	440	7.478528
2730	442	7.346902
2730	444	6.814415
2730	443	5.263678
2730	438	5.2225356
2730	792	4.118704
2730	717	3.66493
2730	53	3.3711963
2730	1356	3.1917884
2730	448	3.017343
2731	36	7.026714
2731	53	6.2159233
2731	175	6.0765877
2731	47	5.7452846
2731	67	5.373348
2731	163	5.3218474
2731	123	5.2706537
2731	59	5.237487
2731	66	5.18476
2731	164	5.166943
2732	36	7.268604
2732	59	6.2665377
2732	53	5.7986875
2732	66	5.6782465
2732	47	5.649994
2732	175	5.5414658
2732	74	5.44459
2732	256	5.394429
2732	67	5.3735466
2732	25	5.268897
2733	36	7.2121105
2733	53	6.7670693
2733	47	6.237883
2733	59	6.135379
2733	175	6.09187
2733	139	6.0672903
2733	67	6.048654
2733	68	5.612803
2733	66	5.4740157
2733	148	5.4187765
2734	59	4.7008476
2734	256	4.3834743
2734	36	4.2915797
2734	53	4.286206
2734	66	4.2219524
2734	67	4.176877
2734	110	4.0829964
2734	273	4.082446
2734	25	3.9296947
2734	148	3.8366704
2735	36	6.615988
2735	68	6.415346
2735	148	6.3389597
2735	66	6.215481
2735	59	5.987796
2735	157	5.9395103
2735	25	5.7741466
2735	151	5.6382527
2735	48	5.517743
2735	381	5.4152164
2736	74	4.4507327
2736	36	4.218166
2736	47	3.7739666
2736	58	3.6299272
2736	164	3.629588
2736	149	3.5867708
2736	171	3.4708474
2736	67	3.3526316
2736	59	3.2644815
2736	43	3.1461606
2737	74	5.9701414
2737	53	4.9605556
2737	164	4.9207087
2737	257	4.781575
2737	175	4.6720133
2737	216	4.577893
2737	59	4.488653
2737	47	4.378261
2737	108	4.3254848
2737	61	4.310427
2738	66	6.1994767
2738	36	5.9658146
2738	68	5.1942453
2738	53	4.993517
2738	48	4.847465
2738	139	4.7284937
2738	175	4.693098
2738	466	4.650124
2738	103	4.449346
2738	58	4.339908
2739	53	3.496585
2739	71	2.8987808
2739	50	2.861271
2739	139	2.8574347
2739	381	2.7010286
2739	68	2.5967765
2739	47	2.5214896
2739	719	2.501226
2739	216	2.4948926
2739	105	2.4345734
2740	121	2.5751529
2740	129	2.4541523
2740	74	2.3211234
2740	216	2.225213
2740	257	2.2033849
2740	108	2.1860507
2740	908	2.1547153
2740	119	2.094621
2740	18	2.0464826
2740	269	2.0463226
2741	58	4.132163
2741	123	4.1293783
2741	286	4.00032
2741	226	3.8595054
2741	166	3.7776356
2741	345	3.4812298
2741	163	3.4199722
2741	326	3.3513198
2741	379	3.3442824
2741	384	3.3329182
2742	123	5.7656727
2742	58	5.0915303
2742	36	5.05325
2742	286	4.3250895
2742	175	4.2862153
2742	149	4.113366
2742	43	4.0508614
2742	345	4.045647
2742	111	3.8515136
2742	226	3.8234982
2743	53	6.1865115
2743	36	5.270162
2743	67	4.66032
2743	139	4.619601
2743	47	4.6061087
2743	74	4.5878153
2743	18	4.5619044
2743	432	4.5498466
2743	175	4.4342427
2743	216	4.3512506
2744	36	5.615028
2744	139	5.2511463
2744	53	4.9949365
2744	47	4.979641
2744	59	4.843867
2744	331	4.7179775
2744	67	4.5201006
2744	58	4.4946766
2744	68	4.4151254
2744	163	4.3801904
2745	53	3.510336
2745	129	3.3872097
2745	59	3.38336
2745	269	3.0995986
2745	74	2.9733844
2745	139	2.9611816
2745	47	2.916737
2745	164	2.8848844
2745	66	2.86757
2745	148	2.8653326
2746	53	7.4414196
2746	36	7.0682006
2746	139	6.48179
2746	175	6.4655643
2746	66	6.417114
2746	47	6.1921344
2746	148	6.1664205
2746	68	6.164344
2746	25	5.981816
2746	67	5.7775416
2747	53	6.227716
2747	74	6.100046
2747	67	5.3810067
2747	129	5.273261
2747	59	5.2093225
2747	66	5.1705613
2747	15	5.103237
2747	216	5.0684133
2747	164	5.058957
2747	257	4.937397
2748	163	4.974771
2748	58	4.905475
2748	123	4.7736125
2748	175	4.678347
2748	59	4.5914416
2748	47	4.5413456
2748	164	4.511602
2748	286	4.422505
2748	10	4.378189
2748	67	4.373412
2749	56	3.6930768
2749	981	2.7318196
2749	889	2.4885588
2749	1237	2.328063
2749	822	2.289983
2749	1563	2.2696152
2749	1357	2.2429943
2749	74	2.0261474
2749	368	1.9901191
2749	1069	1.924291
2750	783	6.6151094
2750	104	5.6335635
2750	398	5.583702
2750	612	5.5152364
2750	769	5.4619412
2750	394	5.371041
2750	865	5.0784307
2750	452	5.066465
2750	453	4.985363
2750	1188	4.9779735
2751	66	7.1184826
2751	148	7.0680594
2751	68	7.060252
2751	59	6.7727814
2751	157	6.5445986
2751	25	6.417123
2751	67	6.31177
2751	151	6.301167
2751	47	6.2477713
2751	381	6.1144757
2752	1245	3.927583
2752	1292	3.7080038
2752	1474	3.627933
2752	1561	3.5728648
2752	1589	3.5646563
2752	1090	3.3103
2752	1577	3.1916025
2752	1481	3.0266378
2752	1177	3.0247583
2752	426	3.0187075
2753	53	7.42717
2753	36	6.7977953
2753	68	6.6350517
2753	148	6.481241
2753	66	6.38366
2753	157	6.071518
2753	25	5.963567
2753	151	5.906999
2753	175	5.890108
2753	381	5.6573443
2754	66	7.0053964
2754	36	6.731422
2754	68	6.6031528
2754	139	6.4990625
2754	59	6.231255
2754	71	5.979407
2754	25	5.888515
2754	273	5.812261
2754	67	5.805591
2754	103	5.7796144
2755	92	6.9624014
2755	28	4.3097835
2755	117	3.5840287
2755	1557	3.1969864
2755	819	2.8783374
2755	1281	2.7701535
2755	1371	2.5659945
2755	124	2.2111766
2755	943	2.0895953
2755	258	2.087198
2756	53	6.0181913
2756	36	5.5819964
2756	59	5.2416387
2756	175	5.0672994
2756	139	4.977434
2756	68	4.9702816
2756	66	4.9014263
2756	148	4.872683
2756	67	4.807423
2756	47	4.688686
2757	58	4.024271
2757	286	3.903709
2757	326	3.1834393
2757	142	3.1003332
2757	226	2.8434405
2757	334	2.7222254
2757	123	2.65035
2757	59	2.494628
2757	318	2.4896035
2757	283	2.4265878
2758	36	4.3935847
2758	314	4.027213
2758	123	3.8639085
2758	53	3.8004565
2758	74	3.7406352
2758	67	3.699735
2758	66	3.5723486
2758	148	3.5448306
2758	344	3.5340695
2758	149	3.4800067
2759	66	3.1808097
2759	148	2.8546426
2759	175	2.8241456
2759	68	2.675769
2759	151	2.644501
2759	157	2.57883
2759	103	2.4849002
2759	225	2.4631243
2759	139	2.462555
2759	373	2.461278
2760	181	8.368707
2760	194	7.8867283
2760	292	6.8075294
2760	400	6.64261
2760	317	6.6317725
2760	1260	6.0762386
2760	298	5.5949492
2760	209	4.7345867
2760	637	3.5440378
2760	518	3.3761005
2761	53	9.11439
2761	148	8.049772
2761	36	7.8403053
2761	139	7.76484
2761	157	7.4664803
2761	151	7.345096
2761	103	6.9316564
2761	48	6.8334785
2761	381	6.7482834
2761	67	6.56902
2762	36	5.925163
2762	68	5.532547
2762	25	4.9672494
2762	323	4.8807244
2762	47	4.8632293
2762	103	4.7504425
2762	225	4.6677365
2762	381	4.6022835
2762	129	4.595907
2762	273	4.5797434
2763	36	5.864019
2763	175	5.0005975
2763	53	4.9129553
2763	59	4.737925
2763	67	4.657242
2763	164	4.459474
2763	257	4.35805
2763	10	4.270822
2763	74	4.191968
2763	123	4.188606
2764	36	7.2776356
2764	139	6.2069283
2764	53	6.0808806
2764	59	6.0221047
2764	175	5.919151
2764	68	5.8845015
2764	148	5.730548
2764	47	5.7210107
2764	157	5.321296
2764	25	5.28713
2765	36	5.295534
2765	345	4.9467263
2765	166	4.82811
2765	226	4.6422477
2765	286	4.615188
2765	384	4.4723024
2765	163	4.410108
2765	175	4.4066095
2765	379	4.1555977
2765	334	4.150029
2766	58	4.925754
2766	286	4.922019
2766	123	4.653874
2766	345	4.1909275
2766	326	4.0762806
2766	226	3.8406794
2766	334	3.420593
2766	175	3.3355954
2766	343	3.322915
2766	36	3.2647748
2767	66	7.285479
2767	157	6.6823497
2767	151	6.4181714
2767	36	6.177302
2767	25	5.616825
2767	48	5.49893
2767	59	5.4723434
2767	72	5.287651
2767	719	5.139882
2767	67	5.136588
2768	1417	2.4907594
2768	833	2.382824
2768	1589	2.3654628
2768	1505	2.2046216
2768	253	2.1973362
2768	549	2.0708876
2768	835	2.0162477
2768	1416	1.997341
2768	1513	1.9855833
2768	1288	1.9618429
2769	269	3.5999744
2769	164	3.4388828
2769	47	3.365428
2769	108	3.2979722
2769	331	3.243488
2769	59	3.2323813
2769	256	3.1606402
2769	74	3.0482805
2769	67	3.0473163
2769	271	3.003383
2770	36	4.2896276
2770	53	4.1748023
2770	67	4.149187
2770	74	4.010795
2770	148	4.0010366
2770	66	3.8278837
2770	216	3.762949
2770	129	3.6852643
2770	68	3.6270833
2770	200	3.591294
2771	168	2.4650044
2771	1391	2.454026
2771	427	2.3611813
2771	1145	2.265044
2771	314	2.1852927
2771	123	2.0855834
2771	465	2.0816042
2771	377	2.0635562
2771	339	2.0486338
2771	734	2.0013793
2772	66	6.7608843
2772	53	6.6027613
2772	148	6.514377
2772	151	5.9673076
2772	68	5.9427176
2772	157	5.816392
2772	36	5.5440836
2772	71	5.404603
2772	139	5.381013
2772	59	5.2788815
2773	74	6.397331
2773	53	6.0992494
2773	67	5.7938805
2773	59	5.615224
2773	25	5.522663
2773	216	5.4423575
2773	108	5.3766737
2773	47	5.241931
2773	175	5.197778
2773	842	5.128137
2774	53	6.420286
2774	66	6.370221
2774	148	6.310863
2774	68	6.068633
2774	59	5.993699
2774	47	5.9038095
2774	67	5.5927873
2774	157	5.575426
2774	58	5.3805776
2774	163	5.3613315
2775	123	4.7813497
2775	36	3.9708893
2775	345	3.9314382
2775	269	3.9214516
2775	149	3.8685234
2775	67	3.6865475
2775	387	3.6834729
2775	379	3.6345968
2775	58	3.6311913
2775	10	3.6205378
2776	66	5.1635036
2776	148	4.873409
2776	59	4.77548
2776	68	4.614089
2776	157	4.526315
2776	175	4.4454966
2776	151	4.4186196
2776	25	4.401571
2776	67	4.1931067
2776	48	4.1073055
2777	36	6.6873474
2777	148	6.314872
2777	66	6.2523746
2777	53	6.0649266
2777	68	5.797855
2777	151	5.5914726
2777	67	5.3148217
2777	175	5.3113256
2777	25	5.238724
2777	47	5.1722183
2778	379	4.82062
2778	47	4.502777
2778	139	4.3535
2778	123	4.308525
2778	164	4.1463156
2778	741	3.9876647
2778	67	3.8779006
2778	111	3.857943
2778	74	3.74549
2778	259	3.6836674
2779	66	4.4144254
2779	175	4.355485
2779	148	4.3240275
2779	139	4.221506
2779	53	3.9957366
2779	59	3.9717329
2779	68	3.913769
2779	226	3.8987322
2779	58	3.8912315
2779	157	3.8803947
2780	36	3.0766363
2780	148	3.0308075
2780	88	2.9143977
2780	345	2.8940306
2780	66	2.6927035
2780	314	2.4850702
2780	269	2.4455295
2780	97	2.3848987
2780	157	2.3586948
2780	769	2.3429985
2781	66	7.7680616
2781	53	7.032223
2781	68	6.8440304
2781	139	6.3192706
2781	103	6.2400312
2781	36	6.126251
2781	71	5.6294575
2781	59	5.56967
2781	42	5.426289
2781	381	5.4224634
2782	53	8.750051
2782	66	8.260742
2782	148	8.079053
2782	68	7.62702
2782	36	7.5311093
2782	157	7.376252
2782	151	7.2488713
2782	71	6.9092793
2782	59	6.72058
2782	25	6.630848
2783	36	5.496727
2783	139	5.33888
2783	175	5.110679
2783	148	4.937101
2783	66	4.722031
2783	59	4.586689
2783	25	4.503635
2783	68	4.4711623
2783	164	4.4076915
2783	157	4.3417177
2784	53	8.164239
2784	139	7.288339
2784	151	7.2037954
2784	103	6.6559744
2784	381	6.187164
2784	47	6.153941
2784	67	6.093919
2784	72	6.023991
2784	0	5.9752746
2784	225	5.903865
2785	36	4.4169264
2785	269	4.1398816
2785	74	4.078272
2785	59	4.0258827
2785	164	3.6452599
2785	47	3.357918
2785	175	3.2647638
2785	67	3.2281008
2785	33	3.1925423
2785	94	3.1840997
2786	139	3.6956818
2786	314	3.5489538
2786	317	3.0272138
2786	36	2.9687119
2786	148	2.8403828
2786	48	2.8312137
2786	359	2.8027089
2786	373	2.7576995
2786	298	2.7521677
2786	66	2.7270737
2787	74	5.0463724
2787	36	4.850194
2787	67	4.586617
2787	47	4.3875847
2787	53	4.2774067
2787	129	4.194313
2787	149	3.9846995
2787	331	3.9384212
2787	25	3.935107
2787	61	3.931176
2788	53	7.459184
2788	157	6.9196787
2788	36	6.2099957
2788	25	5.578467
2788	42	5.5391946
2788	44	5.521625
2788	175	5.260637
2788	70	5.177601
2788	47	5.109388
2788	67	4.951665
2789	53	5.549499
2789	66	5.4243226
2789	67	5.373423
2789	148	5.3191624
2789	59	5.0418396
2789	47	5.038404
2789	74	5.021804
2789	175	4.9780335
2789	58	4.9279013
2789	25	4.854633
2790	53	4.7935066
2790	36	4.708695
2790	129	4.46416
2790	216	4.361074
2790	59	4.344336
2790	67	4.3106184
2790	74	4.2197413
2790	784	4.0760045
2790	25	3.9579065
2790	71	3.9034145
2791	36	7.9013314
2791	53	7.1287217
2791	59	7.023028
2791	139	6.6894336
2791	175	6.4779553
2791	68	6.365894
2791	67	6.2722373
2791	47	6.1972756
2791	25	6.0749717
2791	71	5.758626
2792	36	6.7278914
2792	59	5.6981936
2792	58	5.522456
2792	175	5.497001
2792	47	5.398466
2792	123	5.2535367
2792	163	4.9494877
2792	164	4.8956075
2792	139	4.8656716
2792	67	4.854475
2793	59	5.2312074
2793	36	5.1716866
2793	163	4.7921553
2793	139	4.376129
2793	226	4.2947373
2793	47	4.2457027
2793	286	4.174183
2793	58	4.170796
2793	256	4.070549
2793	66	3.9303567
2794	53	4.7428327
2794	67	4.27776
2794	66	4.1686063
2794	148	4.142036
2794	68	4.0586176
2794	129	3.8363948
2794	25	3.8097355
2794	72	3.7496934
2794	71	3.736262
2794	157	3.673932
2795	1397	5.0358243
2795	1291	4.710674
2795	1381	4.502602
2795	1036	3.7398894
2795	1282	3.6529152
2795	1177	3.6174715
2795	1589	3.6139684
2795	1481	3.5979104
2795	1570	3.5895605
2795	982	3.4360187
2796	58	5.059345
2796	318	4.468747
2796	143	3.8359919
2796	145	3.5763297
2796	277	3.5443976
2796	1321	3.4905324
2796	231	3.47612
2796	373	3.3733776
2796	334	3.184933
2796	625	3.1418543
2797	1188	6.2895365
2797	398	5.902365
2797	1135	5.7478724
2797	394	5.631521
2797	104	5.6244783
2797	408	5.589717
2797	453	5.555636
2797	209	5.4976373
2797	865	5.0972967
2797	612	4.6975155
2798	36	4.01765
2798	345	3.6710443
2798	163	3.4002383
2798	175	3.3255646
2798	53	3.2544854
2798	10	3.1911988
2798	298	3.0809736
2798	123	3.0582914
2798	314	3.0348222
2798	67	2.9466457
2799	58	6.174474
2799	286	6.1006355
2799	36	5.1399193
2799	175	4.995794
2799	326	4.753118
2799	334	4.6095824
2799	142	4.6026783
2799	318	4.5690413
2799	47	4.5571566
2799	163	4.5307517
2800	36	6.4377804
2800	53	5.734194
2800	74	5.35681
2800	59	5.280542
2800	67	5.144274
2800	10	5.0813093
2800	175	4.9491434
2800	139	4.9322653
2800	842	4.752407
2800	25	4.7481794
2801	175	3.7580118
2801	148	3.6865044
2801	66	3.6614964
2801	48	3.601383
2801	139	3.5934932
2801	157	3.5867786
2801	47	3.490852
2801	373	3.371401
2801	68	3.2919028
2801	151	3.2035744
2802	66	6.976485
2802	148	6.841302
2802	175	6.828158
2802	25	6.548347
2802	164	6.163168
2802	74	6.0734534
2802	48	5.771196
2802	64	5.6845264
2802	72	5.6444416
2802	842	5.6271353
2803	59	4.9491796
2803	175	4.9141316
2803	66	4.783737
2803	67	4.6651855
2803	164	4.6124473
2803	148	4.536115
2803	47	4.527364
2803	163	4.4783854
2803	226	4.458582
2803	58	4.4148464
2804	36	5.1867375
2804	67	4.6461124
2804	216	4.512932
2804	108	4.365271
2804	164	4.309962
2804	59	4.2542167
2804	119	4.0944166
2804	269	3.9561818
2804	47	3.899801
2804	842	3.8625908
2805	53	8.293791
2805	36	8.117691
2805	59	7.185571
2805	71	6.870928
2805	25	6.7907915
2805	67	6.5932665
2805	175	6.45294
2805	47	6.4454975
2805	129	6.345157
2805	72	6.3096247
2806	181	4.520161
2806	194	4.300764
2806	314	4.041126
2806	15	3.8437567
2806	909	3.6093767
2806	482	3.1744375
2806	257	3.1457646
2806	1193	3.1402633
2806	292	3.067157
2806	121	3.057335
2807	226	3.8733041
2807	36	3.8299408
2807	53	3.5337992
2807	59	3.4608064
2807	175	3.4545925
2807	139	3.4126282
2807	58	3.3975546
2807	47	3.325627
2807	163	3.2112293
2807	43	3.189398
2808	59	3.439049
2808	53	3.4280374
2808	67	3.2108371
2808	36	3.0698586
2808	56	3.0641267
2808	256	2.915732
2808	71	2.896479
2808	221	2.781562
2808	37	2.7749531
2808	68	2.7144067
2809	58	4.937925
2809	36	4.583714
2809	59	4.301208
2809	286	4.1295004
2809	163	3.991204
2809	334	3.7116947
2809	256	3.6897857
2809	175	3.6617506
2809	198	3.607111
2809	132	3.3583105
2810	53	4.9785695
2810	908	4.657736
2810	915	4.585995
2810	74	4.5763984
2810	432	4.557354
2810	842	4.3302073
2810	314	4.3080254
2810	36	4.239848
2810	164	4.175886
2810	216	4.1570873
2811	36	6.6486
2811	53	6.086107
2811	74	5.5138006
2811	67	5.484886
2811	59	5.4794497
2811	164	5.361184
2811	175	5.0431714
2811	47	5.029497
2811	129	4.86434
2811	256	4.7012024
2812	36	5.701202
2812	59	5.164051
2812	74	5.081718
2812	67	5.0062456
2812	66	4.9858932
2812	129	4.833039
2812	148	4.7885523
2812	68	4.77112
2812	139	4.646811
2812	47	4.551928
2813	314	3.7799633
2813	36	3.6893673
2813	66	3.6877425
2813	465	3.6061997
2813	67	3.39946
2813	53	3.3417935
2813	175	3.2700586
2813	226	3.1388626
2813	148	2.9597335
2813	139	2.818022
2814	1002	3.3493843
2814	166	3.2229762
2814	379	3.1925147
2814	10	2.8935292
2814	377	2.8874876
2814	117	2.8086908
2814	58	2.7093732
2814	175	2.709268
2814	168	2.619124
2814	734	2.5650127
2815	58	6.3578496
2815	286	4.392297
2815	166	4.3668323
2815	94	4.241034
2815	290	4.210469
2815	123	4.0494914
2815	377	4.030133
2815	1023	3.9473674
2815	345	3.8477669
2815	384	3.8044202
2816	53	6.9594636
2816	175	5.7948675
2816	59	5.6302896
2816	67	5.613863
2816	36	5.4252553
2816	47	5.17342
2816	139	5.1543837
2816	72	4.9380164
2816	216	4.921048
2816	68	4.8173394
2817	36	6.2123103
2817	175	5.739284
2817	59	5.5383315
2817	53	5.0702777
2817	139	4.952634
2817	163	4.773761
2817	47	4.7589803
2817	345	4.723697
2817	66	4.717838
2817	148	4.5503
2818	53	2.882476
2818	66	2.650543
2818	148	2.4697313
2818	466	2.3868692
2818	40	2.3117447
2818	151	2.2972662
2818	199	2.2290888
2818	381	2.1709473
2818	103	2.1556876
2818	71	2.143699
2819	344	3.7493696
2819	625	3.0449586
2819	379	2.9350607
2819	433	2.8108666
2819	734	2.5714004
2819	1508	2.5211275
2819	1197	2.5187001
2819	306	2.501731
2819	249	2.3889794
2819	384	2.3546832
2820	59	4.2924376
2820	36	4.237896
2820	47	4.111972
2820	175	3.9066098
2820	139	3.7179105
2820	25	3.6889908
2820	68	3.4759228
2820	67	3.4651642
2820	66	3.3117082
2820	331	3.234858
2821	53	7.6951127
2821	66	7.3740025
2821	148	7.1429358
2821	36	6.9699216
2821	68	6.7288566
2821	139	6.6808605
2821	151	6.565618
2821	157	6.530581
2821	175	6.006279
2821	103	5.9456058
2822	408	8.632586
2822	453	8.316669
2822	783	7.7741876
2822	98	7.5441813
2822	398	7.2718987
2822	118	6.5061884
2822	134	6.4786086
2822	15	6.445167
2822	1533	5.477438
2822	129	5.1459823
2823	452	6.551051
2823	453	6.3765545
2823	1188	6.3207097
2823	394	6.0463123
2823	1135	6.014122
2823	104	5.952187
2823	769	5.64462
2823	865	5.3682637
2823	612	5.285961
2823	783	4.980099
2824	36	6.7667093
2824	67	5.987486
2824	164	5.5843
2824	74	5.552284
2824	256	5.5014825
2824	175	5.315473
2824	53	5.068951
2824	25	4.912254
2824	43	4.8586164
2824	23	4.8551292
2825	157	4.538102
2825	151	4.398766
2825	139	4.3632545
2825	662	4.196142
2825	36	4.055979
2825	103	3.7716188
2825	71	3.6533265
2825	175	3.6297526
2825	0	3.6288922
2825	44	3.5740273
2826	36	7.27623
2826	53	7.2742805
2826	66	6.49725
2826	59	6.4940963
2826	139	6.401308
2826	148	6.3342137
2826	47	6.063178
2826	157	5.934394
2826	25	5.9266334
2826	71	5.9194913
2827	36	6.0797057
2827	53	5.1268783
2827	175	5.1234775
2827	59	4.994954
2827	47	4.9921775
2827	148	4.9591794
2827	139	4.953249
2827	66	4.823953
2827	58	4.8136845
2827	25	4.7389665
2828	346	4.7022634
2828	219	3.7140923
2828	365	3.6181314
2828	368	3.6004994
2828	323	3.4773207
2828	596	3.0758538
2828	822	2.9743989
2828	994	2.8230677
2828	700	2.8079474
2828	1225	2.5184627
2829	36	7.066451
2829	58	6.6416698
2829	175	6.419525
2829	123	6.255406
2829	53	5.9512315
2829	66	5.7460127
2829	139	5.7189007
2829	47	5.7068257
2829	148	5.696021
2829	345	5.6582937
2830	36	5.7754736
2830	74	5.3380585
2830	53	4.8183613
2830	10	4.816465
2830	164	4.4857078
2830	257	4.4598293
2830	54	4.4587445
2830	67	4.4538827
2830	842	4.4300547
2830	148	4.236878
2831	53	5.643579
2831	36	5.1298804
2831	139	5.0096016
2831	71	4.5643687
2831	148	4.559702
2831	66	4.4825926
2831	175	4.450676
2831	74	4.438465
2831	18	4.3871646
2831	842	4.221578
2832	36	3.5609603
2832	58	3.3184881
2832	286	3.2752051
2832	326	3.256658
2832	339	3.0559747
2832	969	3.0344179
2832	226	2.9944255
2832	123	2.8549871
2832	323	2.7335625
2832	351	2.681986
2833	889	4.279713
2833	56	4.059208
2833	903	2.6895416
2833	821	2.3605647
2833	269	2.331835
2833	617	2.3221798
2833	1370	2.244454
2833	1588	2.177598
2833	981	2.1284418
2833	1237	2.0581172
2834	74	5.118208
2834	769	4.712713
2834	408	4.6206703
2834	36	4.0597486
2834	98	3.833968
2834	118	3.7794425
2834	15	3.7704568
2834	104	3.649351
2834	256	3.6417599
2834	108	3.6366434
2835	123	5.6921387
2835	36	5.415037
2835	286	5.377341
2835	345	4.983932
2835	334	4.7359567
2835	326	4.528612
2835	226	4.4945235
2835	166	4.4145465
2835	163	4.2815785
2835	59	4.2543797
2836	53	7.585649
2836	66	7.4928293
2836	148	7.4281726
2836	36	6.3670807
2836	71	6.341775
2836	48	6.11285
2836	59	5.9223647
2836	0	5.5020447
2836	72	5.4870505
2836	47	5.423437
2837	36	5.597097
2837	59	5.128668
2837	175	4.9081793
2837	53	4.854327
2837	68	4.813457
2837	148	4.6806874
2837	139	4.6297884
2837	66	4.571668
2837	58	4.5167956
2837	47	4.39962
2838	36	5.8509436
2838	59	5.028849
2838	175	4.733556
2838	53	4.62955
2838	66	4.428772
2838	226	4.235637
2838	269	4.234607
2838	67	4.2016416
2838	148	4.197848
2838	68	4.168611
2839	36	6.4645042
2839	226	5.4611716
2839	175	5.3878474
2839	67	5.372502
2839	58	5.3390636
2839	53	5.1561165
2839	74	5.114543
2839	164	5.1114335
2839	47	4.8909063
2839	66	4.760126
2840	74	4.5614676
2840	15	4.5107603
2840	1193	4.2966576
2840	119	4.117373
2840	2	3.9167876
2840	21	3.8796356
2840	61	3.8234217
2840	75	3.7589254
2840	118	3.755197
2840	149	3.752736
2841	53	4.995356
2841	36	4.048798
2841	74	3.822195
2841	67	3.7973018
2841	175	3.780577
2841	71	3.7496626
2841	129	3.7343216
2841	216	3.679651
2841	139	3.6419814
2841	164	3.5797718
2842	36	5.9541664
2842	53	5.079846
2842	59	4.902627
2842	67	4.67071
2842	175	4.575516
2842	269	4.5003395
2842	47	4.3454337
2842	66	4.230403
2842	139	4.23037
2842	256	4.1586742
2843	66	5.2293262
2843	148	5.1097274
2843	151	4.6200776
2843	157	4.5347767
2843	68	4.4871535
2843	59	4.357238
2843	103	4.2026734
2843	175	4.1917844
2843	48	4.1762805
2843	139	4.084855
2844	74	5.169879
2844	257	4.8759117
2844	36	4.8538613
2844	10	4.737957
2844	67	4.4458947
2844	175	4.407143
2844	344	4.2989817
2844	119	4.279853
2844	53	4.232516
2844	12	4.1870313
2845	53	4.981236
2845	257	4.5269003
2845	8	4.4871864
2845	10	4.295951
2845	74	4.200243
2845	12	4.1687956
2845	785	4.1020336
2845	164	4.0072155
2845	117	4.0011725
2845	18	3.9767425
2846	149	2.8468955
2846	344	2.7676218
2846	424	2.7221174
2846	58	2.5974588
2846	306	2.4801614
2846	902	2.3710248
2846	484	2.3585658
2846	97	2.3390706
2846	198	2.2534342
2846	993	2.2391484
2847	148	4.0418043
2847	157	3.7793922
2847	151	3.7302272
2847	53	3.6900187
2847	68	3.6342018
2847	139	3.5677893
2847	381	3.4006307
2847	103	3.3502104
2847	25	3.2715333
2847	59	3.268461
2848	58	6.1534653
2848	36	5.5430593
2848	123	5.150268
2848	149	5.0578976
2848	970	5.0508833
2848	10	4.812041
2848	379	4.810628
2848	286	4.7276363
2848	345	4.7194347
2848	74	4.710446
2849	36	6.110996
2849	139	5.276955
2849	53	5.249905
2849	175	5.1193013
2849	59	4.975235
2849	66	4.911547
2849	67	4.8394513
2849	148	4.8112326
2849	47	4.7452292
2849	68	4.5687246
2850	373	4.053989
2850	1067	4.024689
2850	302	3.974591
2850	795	3.9496918
2850	982	3.7928925
2850	1397	3.7730377
2850	1036	3.6774852
2850	231	3.3905482
2850	635	3.363524
2850	1032	3.1407015
2851	74	5.578201
2851	257	4.9090757
2851	36	4.855093
2851	129	4.6616225
2851	67	4.6445565
2851	15	4.591947
2851	164	4.485066
2851	216	4.416928
2851	842	4.291278
2851	908	4.105511
2852	36	6.028835
2852	323	5.491426
2852	368	5.003801
2852	47	4.6807823
2852	25	4.646279
2852	66	4.4457865
2852	67	4.3957386
2852	71	4.348044
2852	53	4.2853394
2852	139	4.2809253
2853	36	7.424993
2853	53	6.185583
2853	67	5.9738393
2853	139	5.9719
2853	175	5.9451003
2853	47	5.6615043
2853	66	5.597961
2853	25	5.517705
2853	148	5.3490543
2853	164	5.345383
2854	362	3.8612385
2854	53	3.813004
2854	194	3.751054
2854	18	3.6367102
2854	773	3.4877138
2854	915	3.2810576
2854	22	3.0944881
2854	314	3.02885
2854	811	3.0266752
2854	216	2.9561186
2855	58	6.1035886
2855	286	5.76182
2855	175	5.678223
2855	139	5.5004296
2855	53	5.225879
2855	25	4.9907355
2855	94	4.9638834
2855	163	4.923795
2855	226	4.898197
2855	66	4.896023
2856	15	4.847171
2856	118	4.64839
2856	125	4.646425
2856	129	4.5677733
2856	783	4.507249
2856	775	4.294336
2856	1193	4.2337847
2856	21	4.2071853
2856	104	4.1275434
2856	59	3.9901958
2857	149	3.7499042
2857	123	3.4094996
2857	111	3.1975327
2857	163	3.1558132
2857	175	3.0922687
2857	344	2.9925153
2857	36	2.9907575
2857	168	2.892224
2857	345	2.8851962
2857	166	2.8671083
2858	74	5.525508
2858	408	5.506668
2858	129	5.273712
2858	36	5.2641296
2858	769	5.237357
2858	256	4.9192405
2858	67	4.9164543
2858	59	4.870302
2858	15	4.81844
2858	104	4.677245
2859	209	4.108456
2859	408	3.859697
2859	1193	3.4378002
2859	1188	3.3763537
2859	104	3.331963
2859	769	3.285355
2859	452	3.2771049
2859	15	3.2200196
2859	1135	3.0872211
2859	394	2.9404647
2860	53	8.133954
2860	66	7.238925
2860	148	7.200972
2860	157	6.8067317
2860	151	6.533194
2860	72	5.8461895
2860	67	5.6656265
2860	719	5.6653166
2860	225	5.601606
2860	273	5.5352626
2861	36	6.2581882
2861	53	5.5108204
2861	256	5.2362275
2861	269	5.2087183
2861	47	5.060398
2861	74	4.944221
2861	67	4.936901
2861	108	4.82249
2861	175	4.714453
2861	25	4.6140747
2862	36	5.31147
2862	59	5.3106017
2862	256	4.949187
2862	68	4.777117
2862	273	4.6689034
2862	67	4.5718904
2862	66	4.548093
2862	108	4.5363607
2862	139	4.5356336
2862	148	4.5051312
2863	325	3.1301553
2863	465	2.9918072
2863	48	2.9276826
2863	1145	2.7924023
2863	377	2.6025312
2863	163	2.5785034
2863	42	2.5780344
2863	298	2.5706675
2863	44	2.5530283
2863	1569	2.468175
2864	36	5.954744
2864	157	5.917243
2864	151	5.842811
2864	68	5.827761
2864	48	5.6689935
2864	139	5.6672473
2864	53	5.591792
2864	59	5.3250203
2864	175	5.154852
2864	103	5.026566
2865	59	6.4102454
2865	66	6.3335314
2865	148	5.787751
2865	68	5.54309
2865	256	5.5300565
2865	25	5.430865
2865	71	5.3000407
2865	157	5.2420087
2865	151	5.195702
2865	67	5.1738048
2866	53	7.334734
2866	36	7.329099
2866	59	6.8852987
2866	66	6.544452
2866	148	6.3841867
2866	67	6.2603097
2866	175	5.921476
2866	256	5.743897
2866	71	5.6978064
2866	157	5.663976
2867	66	4.135913
2867	68	3.9037285
2867	148	3.8827376
2867	53	3.7814932
2867	151	3.5976334
2867	157	3.556132
2867	103	3.4866912
2867	0	3.3804984
2867	662	3.340736
2867	36	3.2814429
2868	36	6.7066035
2868	53	5.8149657
2868	68	5.3988743
2868	67	5.3299475
2868	157	5.2757015
2868	151	5.2093167
2868	59	5.1080527
2868	139	5.098183
2868	25	4.87693
2868	71	4.8213186
2869	36	4.5436316
2869	168	4.1649632
2869	123	4.00651
2869	47	3.9125307
2869	163	3.7402122
2869	384	3.6028042
2869	10	3.5341797
2869	379	3.4374642
2869	175	3.426108
2869	43	3.3945043
2870	66	4.0279365
2870	53	3.5232263
2870	48	3.265974
2870	103	3.2068443
2870	68	3.1831462
2870	139	3.0241091
2870	71	2.777174
2870	381	2.684778
2870	25	2.4960814
2870	59	2.4234772
2871	74	3.9760597
2871	121	3.604497
2871	67	3.5978224
2871	119	3.5032184
2871	36	3.3580728
2871	257	3.327994
2871	53	3.1471546
2871	164	2.9963033
2871	908	2.9612262
2871	216	2.9242368
2872	36	3.5630443
2872	53	3.2564387
2872	175	3.2349973
2872	139	3.1796725
2872	58	3.0574632
2872	59	3.0548067
2872	148	2.997421
2872	47	2.9514494
2872	94	2.9486701
2872	283	2.9419668
2873	92	5.782605
2873	23	5.286666
2873	1615	4.5578628
2873	1491	3.8764672
2873	28	3.3764017
2873	1557	2.9528723
2873	1340	2.7711306
2873	181	2.6963875
2873	819	2.657218
2873	909	2.6544545
2874	58	5.296054
2874	36	5.0802693
2874	10	4.5055513
2874	344	4.367735
2874	379	4.32441
2874	345	4.1708937
2874	149	4.118675
2874	164	3.9945278
2874	166	3.9806807
2874	171	3.944031
2875	175	5.4251523
2875	59	5.1980124
2875	66	4.9704623
2875	36	4.885406
2875	148	4.834056
2875	68	4.7754903
2875	67	4.706686
2875	256	4.6722503
2875	139	4.493737
2875	72	4.359109
2876	269	4.0864
2876	59	3.8193326
2876	36	3.7021062
2876	129	3.6107564
2876	108	3.5809402
2876	71	3.500215
2876	74	3.3088062
2876	256	3.218372
2876	752	3.2103024
2876	221	3.1889415
2877	53	4.0386267
2877	18	3.4977841
2877	74	3.4194994
2877	144	3.2752013
2877	221	3.185624
2877	381	3.145951
2877	216	3.11453
2877	129	3.111026
2877	0	3.033902
2877	224	2.981543
2878	306	3.4925137
2878	344	3.4515476
2878	1023	3.1552951
2878	58	2.985226
2878	10	2.984331
2878	970	2.9503152
2878	168	2.9354773
2878	115	2.829548
2878	379	2.7921464
2878	465	2.7648537
2879	53	4.514611
2879	432	4.280443
2879	2	4.1557236
2879	908	4.1158023
2879	74	3.9803078
2879	164	3.929253
2879	915	3.882291
2879	257	3.736013
2879	964	3.7017684
2879	75	3.6855187
2880	10	3.5406246
2880	58	3.3992374
2880	344	3.355224
2880	306	3.302216
2880	379	3.0074046
2880	149	2.9727697
2880	752	2.9515805
2880	164	2.9044666
2880	269	2.900995
2880	331	2.8846588
2881	66	7.2293925
2881	151	6.481259
2881	139	6.1756773
2881	48	5.7790017
2881	36	5.6041884
2881	71	5.5980525
2881	381	5.3664017
2881	225	5.10288
2881	25	5.093419
2881	42	4.935841
2882	36	7.6217403
2882	67	6.3322353
2882	148	6.2580385
2882	175	6.1553025
2882	47	6.1341558
2882	66	6.0936146
2882	68	5.9512587
2882	25	5.876056
2882	71	5.787444
2882	164	5.7101045
2883	53	6.2323475
2883	175	5.556166
2883	68	5.4463954
2883	47	5.286006
2883	148	5.08942
2883	36	4.9605775
2883	157	4.8981595
2883	66	4.8167977
2883	25	4.5575237
2883	48	4.554589
2884	408	4.6450534
2884	394	4.1261835
2884	453	3.9420328
2884	452	3.7641532
2884	1135	3.488073
2884	398	3.4723194
2884	865	3.3826947
2884	1188	3.2964735
2884	104	3.2895982
2884	74	3.2811563
2885	53	5.9964757
2885	74	5.1639595
2885	67	5.028351
2885	129	4.8172293
2885	36	4.770607
2885	2	4.706285
2885	842	4.6941953
2885	164	4.5366077
2885	257	4.530545
2885	72	4.4605293
2886	59	4.4401803
2886	36	4.3598304
2886	47	4.3455358
2886	139	4.071269
2886	175	4.0407276
2886	68	4.0103016
2886	256	3.9085321
2886	53	3.6860936
2886	66	3.645848
2886	108	3.4510605
2887	314	5.8136373
2887	1193	4.797497
2887	74	4.7808805
2887	181	4.7535005
2887	408	4.721666
2887	36	4.6958213
2887	129	4.5485735
2887	118	4.5008926
2887	67	4.4336963
2887	21	4.2894397
2888	36	4.965825
2888	59	4.2781157
2888	66	3.9908972
2888	256	3.8314652
2888	68	3.796143
2888	148	3.7660463
2888	74	3.6920104
2888	25	3.6649778
2888	71	3.6636336
2888	129	3.6118138
2889	1508	5.4327955
2889	1577	4.7388587
2889	1096	4.126051
2889	1447	3.5453446
2889	236	3.54153
2889	1479	3.5055351
2889	958	3.3604648
2889	1557	2.89432
2889	233	2.6289802
2889	384	2.5208378
2890	139	3.9546032
2890	48	3.9473104
2890	148	3.941627
2890	151	3.712775
2890	157	3.698635
2890	68	3.6200593
2890	175	3.6068249
2890	53	3.5817642
2890	36	3.4911273
2890	286	3.4120545
2891	194	3.5093365
2891	314	3.441548
2891	12	3.284341
2891	909	3.1503184
2891	292	2.8058977
2891	738	2.5780246
2891	406	2.4594276
2891	123	2.4426327
2891	964	2.409429
2891	400	2.4050002
2892	68	6.702884
2892	157	6.6477914
2892	139	6.0524077
2892	48	5.7110233
2892	381	5.5852747
2892	36	4.8953633
2892	42	4.8891473
2892	72	4.8557277
2892	70	4.8348403
2892	25	4.8337893
2893	59	6.2128406
2893	175	6.076269
2893	47	5.84607
2893	139	5.7282805
2893	25	5.712286
2893	164	5.6303864
2893	148	5.5424924
2893	74	5.4502964
2893	68	5.3528533
2893	71	5.1146655
2894	94	3.199044
2894	143	3.1472733
2894	803	2.59274
2894	318	2.5153434
2894	323	2.4852164
2894	321	2.2814105
2894	370	2.2641213
2894	4	2.1643858
2894	58	2.158434
2894	115	2.1327884
2895	36	7.095642
2895	148	6.954109
2895	53	6.360061
2895	68	6.2066584
2895	139	6.0931168
2895	59	5.9543314
2895	48	5.6208296
2895	175	5.3742285
2895	103	5.357593
2895	25	5.3222947
2896	194	5.248099
2896	314	5.052647
2896	408	4.1610465
2896	181	4.034367
2896	257	3.810918
2896	15	3.7866437
2896	317	3.7400181
2896	895	3.6800752
2896	482	3.615479
2896	909	3.583264
2897	98	5.8563175
2897	104	5.793313
2897	453	5.3959055
2897	15	5.204867
2897	783	5.159235
2897	74	5.148307
2897	452	5.108011
2897	66	5.0430136
2897	118	4.828241
2897	269	4.824552
2898	36	7.1247616
2898	53	6.282049
2898	59	6.1464667
2898	67	5.9865103
2898	164	5.875839
2898	66	5.6591434
2898	25	5.5633893
2898	256	5.4759536
2898	148	5.421782
2898	71	5.3532786
2899	36	5.9375005
2899	175	5.16784
2899	58	5.146314
2899	164	4.797869
2899	163	4.76913
2899	345	4.6934695
2899	47	4.596728
2899	166	4.586012
2899	123	4.5825787
2899	226	4.4452267
2900	58	5.1827316
2900	67	4.954182
2900	226	4.870193
2900	59	4.84793
2900	175	4.7899156
2900	345	4.743549
2900	1023	4.7320137
2900	53	4.7282753
2900	66	4.719718
2900	286	4.656409
2901	59	5.008957
2901	36	5.0069838
2901	53	4.853813
2901	74	4.639056
2901	216	4.4483356
2901	164	4.4025164
2901	67	4.379198
2901	118	4.2994137
2901	175	4.2781215
2901	47	4.2684608
2902	36	6.5546703
2902	74	5.38009
2902	59	5.074857
2902	53	4.861526
2902	67	4.851054
2902	164	4.8420577
2902	175	4.7329326
2902	148	4.728872
2902	47	4.672747
2902	139	4.4825697
2903	314	3.4200191
2903	317	2.9462454
2903	292	2.9109738
2903	359	2.8957078
2903	895	2.6467412
2903	482	2.6253138
2903	181	2.5987926
2903	909	2.4133108
2903	406	2.4010112
2903	734	2.3460422
2904	36	6.465117
2904	67	5.695292
2904	59	5.274399
2904	53	5.1713996
2904	164	5.117957
2904	74	5.0408964
2904	175	4.8343635
2904	139	4.777225
2904	47	4.7768116
2904	25	4.720214
2905	286	2.3428283
2905	480	2.2843866
2905	58	2.2667396
2905	226	2.2589815
2905	36	2.148661
2905	989	2.0961628
2905	80	1.9566718
2905	163	1.953008
2905	334	1.8924007
2905	1321	1.8602107
2906	36	5.745102
2906	67	4.832478
2906	66	4.832153
2906	71	4.6692214
2906	68	4.6482897
2906	175	4.571251
2906	25	4.5547533
2906	47	4.476642
2906	59	4.453404
2906	164	4.3784924
2907	36	6.793872
2907	53	6.476557
2907	59	5.9209094
2907	139	5.783206
2907	67	5.752395
2907	47	5.699445
2907	164	5.427277
2907	175	5.3396277
2907	25	5.2578793
2907	148	5.1943355
2908	74	6.4240594
2908	36	5.9196873
2908	257	5.4913836
2908	129	5.186337
2908	67	5.103929
2908	769	4.9852247
2908	164	4.96115
2908	123	4.7933702
2908	59	4.7885714
2908	216	4.7201967
2909	139	5.8021975
2909	175	5.180201
2909	59	5.080166
2909	25	4.937869
2909	47	4.6850996
2909	72	4.4478326
2909	42	4.415084
2909	44	4.3446546
2909	70	4.313731
2909	225	4.2983003
2910	58	4.1503024
2910	334	3.493851
2910	286	3.3333938
2910	803	3.0450928
2910	132	2.8371153
2910	345	2.8351068
2910	141	2.8244529
2910	142	2.8239257
2910	283	2.6172833
2910	290	2.6120696
2911	432	4.3732696
2911	908	4.1218724
2911	8	3.9985955
2911	172	3.7583852
2911	362	3.3903403
2911	194	3.3498282
2911	18	3.339914
2911	22	3.0375102
2911	964	2.9971561
2911	177	2.8209438
2912	36	5.281684
2912	58	4.7311687
2912	378	4.2047367
2912	344	4.0644975
2912	1023	3.9659708
2912	74	3.94775
2912	123	3.9341516
2912	47	3.8973672
2912	163	3.8959029
2912	67	3.8908155
2913	314	5.271593
2913	257	4.5775456
2913	194	4.484388
2913	74	4.4316044
2913	181	4.3778305
2913	298	4.3264885
2913	908	4.1565843
2913	36	4.013685
2913	149	3.8999934
2913	347	3.8892603
2914	47	1.9435718
2914	53	1.8795966
2914	68	1.7661567
2914	36	1.6836002
2914	25	1.6560112
2914	48	1.6410831
2914	139	1.5716375
2914	389	1.5628867
2914	252	1.5569099
2914	148	1.5445377
2915	53	6.65953
2915	36	6.30902
2915	66	6.228711
2915	59	5.804996
2915	68	5.7670064
2915	67	5.4689393
2915	25	5.4044695
2915	151	5.3938923
2915	139	5.350543
2915	71	5.316664
2916	53	5.1629505
2916	139	4.1677327
2916	148	3.8845143
2916	68	3.729832
2916	71	3.702325
2916	25	3.6851528
2916	47	3.6209662
2916	175	3.5053008
2916	48	3.490792
2916	381	3.4578085
2917	58	3.1194959
2917	33	2.7710748
2917	123	2.7160628
2917	323	2.6128356
2917	334	2.381586
2917	143	2.3493147
2917	274	2.3056843
2917	163	2.2764547
2917	822	2.258311
2917	43	2.248295
2918	53	5.9631515
2918	36	5.7383327
2918	139	5.534528
2918	48	4.987902
2918	71	4.7238913
2918	25	4.5194077
2918	381	4.4238515
2918	47	4.3445706
2918	59	4.32974
2918	175	4.3160243
2919	157	6.09303
2919	68	5.9743767
2919	53	5.7125
2919	103	5.558751
2919	36	5.354591
2919	139	5.2928934
2919	48	5.2496767
2919	71	4.8773127
2919	381	4.5956783
2919	225	4.580741
2920	257	4.930995
2920	915	4.568982
2920	432	4.5053988
2920	8	4.456534
2920	773	4.4414806
2920	121	4.408768
2920	74	4.16727
2920	119	4.0905304
2920	75	4.0449767
2920	216	4.0187383
2921	36	6.797632
2921	53	6.429822
2921	139	5.974962
2921	59	5.7730103
2921	68	5.7137465
2921	175	5.6411953
2921	47	5.612453
2921	66	5.546124
2921	67	5.3009725
2921	157	5.271275
2922	23	4.8889747
2922	117	3.3399024
2922	1340	3.218399
2922	92	2.9637845
2922	1556	2.8187263
2922	1435	2.7249317
2922	43	2.5754404
2922	271	2.5051258
2922	1615	2.4092891
2922	1516	2.3705285
2923	139	7.5120015
2923	68	7.4892583
2923	36	7.3287015
2923	157	7.1322064
2923	59	6.8368826
2923	71	6.6783953
2923	175	6.4418626
2923	48	6.4182086
2923	47	6.381451
2923	72	6.093244
2924	74	3.859052
2924	36	3.6313548
2924	108	3.5313575
2924	257	3.4317327
2924	226	3.3830798
2924	67	3.366756
2924	402	3.3435807
2924	408	3.2070048
2924	15	3.1694186
2924	269	3.1139624
2925	36	4.882254
2925	123	4.8231735
2925	66	4.032537
2925	67	3.877154
2925	194	3.8187096
2925	148	3.5566115
2925	314	3.5450222
2925	53	3.5359302
2925	59	3.479135
2925	175	3.389459
2926	58	4.250525
2926	286	3.769059
2926	408	3.7257862
2926	226	3.615866
2926	123	3.5757167
2926	326	3.4512906
2926	36	3.4420857
2926	774	3.3395326
2926	256	3.2481813
2926	325	3.213676
2927	58	5.8095036
2927	36	5.4764132
2927	59	4.968043
2927	226	4.959298
2927	286	4.64593
2927	139	4.407828
2927	163	4.2719197
2927	166	4.24888
2927	123	4.1365776
2927	334	4.087138
2928	148	7.7148747
2928	68	7.4503245
2928	139	7.26328
2928	36	6.859664
2928	59	6.547683
2928	25	6.4810195
2928	48	6.429796
2928	273	6.062682
2928	67	6.0140657
2928	0	5.9374456
2929	123	3.5142007
2929	226	3.4199739
2929	166	3.0259168
2929	163	2.9468806
2929	345	2.9164546
2929	168	2.8263729
2929	384	2.643435
2929	1113	2.5442226
2929	58	2.5391788
2929	97	2.5344086
2930	1392	6.5984254
2930	1547	6.1064143
2930	1143	5.130115
2930	1570	4.8717723
2930	229	4.6354036
2930	429	4.5781693
2930	1626	4.493977
2930	632	4.312621
2930	668	3.960159
2930	836	3.5434344
2931	74	5.5054574
2931	194	5.300812
2931	36	4.830241
2931	164	4.4721794
2931	53	4.416226
2931	216	4.369176
2931	18	4.2248316
2931	75	4.192652
2931	257	4.1319633
2931	379	4.1266384
2932	1145	2.640639
2932	384	2.617982
2932	378	2.2595012
2932	377	2.1923666
2932	334	2.0350814
2932	326	2.0009942
2932	969	1.9936085
2932	345	1.9409124
2932	249	1.8970345
2932	166	1.8931768
2933	58	6.3811946
2933	36	6.119605
2933	286	5.918326
2933	59	5.804504
2933	326	5.208794
2933	283	4.993355
2933	256	4.873341
2933	123	4.749362
2933	463	4.7360797
2933	66	4.609817
2934	53	7.0496926
2934	139	6.69604
2934	66	6.329607
2934	148	6.319419
2934	67	6.1767898
2934	58	6.173584
2934	68	6.1297216
2934	164	5.918517
2934	163	5.915935
2934	256	5.7279305
2935	226	3.8223777
2935	286	3.8021998
2935	58	3.5285232
2935	345	3.3231144
2935	326	3.244608
2935	1516	3.018118
2935	141	2.9835298
2935	36	2.980423
2935	344	2.9510384
2935	142	2.9115853
2936	66	5.0358977
2936	53	5.0350337
2936	175	4.978051
2936	47	4.9066014
2936	148	4.8212013
2936	59	4.774728
2936	139	4.6519623
2936	163	4.598233
2936	58	4.5981483
2936	226	4.589791
2937	59	6.1361
2937	175	5.85351
2937	139	5.772133
2937	25	5.461146
2937	66	5.236602
2937	164	5.1818085
2937	68	5.1757107
2937	58	5.099513
2937	148	5.0955563
2937	74	5.0792766
2938	53	7.1301494
2938	59	6.5237823
2938	67	6.404973
2938	175	6.1519322
2938	25	6.0760937
2938	47	6.035873
2938	139	6.00748
2938	66	5.936817
2938	68	5.7810493
2938	74	5.720229
2939	36	5.4523416
2939	59	4.829554
2939	47	4.5512652
2939	139	4.3786263
2939	66	4.3502316
2939	256	4.345446
2939	163	4.268044
2939	148	4.110278
2939	151	3.9691095
2939	58	3.850591
2940	118	4.675421
2940	129	4.125802
2940	104	3.9199908
2940	1193	3.8992841
2940	783	3.7927687
2940	125	3.6457145
2940	422	3.6320238
2940	394	3.6250691
2940	775	3.5979471
2940	612	3.5766516
2941	58	6.0585065
2941	123	5.243656
2941	36	5.2072487
2941	226	5.024387
2941	286	4.9758277
2941	166	4.733976
2941	345	4.642352
2941	175	4.6037283
2941	377	4.6014247
2941	94	4.4296536
2942	408	6.208242
2942	769	6.083292
2942	104	5.3678207
2942	209	5.213456
2942	453	5.1164904
2942	98	4.845148
2942	452	4.7951565
2942	422	4.654642
2942	1188	4.5650163
2942	612	4.561691
2943	53	8.608876
2943	68	7.7729044
2943	139	7.635196
2943	157	7.578776
2943	36	7.1938133
2943	103	6.9431453
2943	59	6.7310925
2943	72	6.2191296
2943	47	6.1656876
2943	175	6.120398
2944	58	4.050061
2944	36	3.359929
2944	123	3.3563924
2944	334	3.166137
2944	226	3.1496434
2944	142	2.9888303
2944	377	2.9332707
2944	774	2.8272834
2944	290	2.8180847
2944	132	2.7516098
2945	53	4.68448
2945	59	4.2098184
2945	71	4.1018295
2945	36	4.026871
2945	105	3.7998009
2945	66	3.7960424
2945	221	3.7791479
2945	72	3.7676077
2945	148	3.749374
2945	67	3.732028
2946	36	7.2555213
2946	53	6.686482
2946	59	6.069843
2946	68	5.9959407
2946	139	5.82968
2946	67	5.7082386
2946	175	5.538596
2946	25	5.5342364
2946	47	5.429917
2946	71	5.2907987
2947	769	4.107233
2947	408	3.8024173
2947	104	3.719544
2947	59	3.654493
2947	256	3.5972502
2947	36	3.5259385
2947	129	3.499589
2947	783	3.2700992
2947	225	3.2615502
2947	452	3.24013
2948	53	6.4837646
2948	66	6.42793
2948	59	6.176594
2948	148	6.118163
2948	47	6.0272374
2948	175	5.8979797
2948	68	5.893066
2948	25	5.839684
2948	157	5.6595044
2948	67	5.498307
2949	23	5.4643936
2949	477	5.3691864
2949	175	4.11766
2949	36	4.1164722
2949	164	4.0630145
2949	379	4.0441017
2949	53	4.0109897
2949	67	3.9840658
2949	163	3.8958626
2949	344	3.7504082
2950	36	4.3033786
2950	66	4.3033495
2950	148	4.1890182
2950	71	4.0185113
2950	139	3.9468153
2950	53	3.9001188
2950	157	3.8851085
2950	151	3.7998781
2950	103	3.610512
2950	129	3.579458
2951	58	4.15621
2951	226	3.3138356
2951	334	3.0996554
2951	166	2.946933
2951	345	2.9375126
2951	36	2.8745308
2951	168	2.8249385
2951	377	2.7516398
2951	286	2.7465386
2951	331	2.7380912
2952	47	4.586232
2952	59	4.0547986
2952	58	3.869154
2952	286	3.7144067
2952	66	3.5908175
2952	25	3.5776794
2952	226	3.4631033
2952	68	3.4493725
2952	148	3.4124773
2952	48	3.381716
2953	36	7.1007566
2953	53	7.0441923
2953	66	6.8451138
2953	148	6.6389403
2953	175	6.235548
2953	68	6.1898336
2953	139	6.133001
2953	256	5.896159
2953	157	5.886659
2953	151	5.8494034
2954	453	7.737049
2954	209	7.282255
2954	398	6.7308626
2954	394	6.645573
2954	104	6.41578
2954	865	5.9341364
2954	612	5.8270283
2954	775	5.7204475
2954	769	5.719907
2954	783	5.634316
2955	15	7.2634263
2955	408	6.0476685
2955	104	5.8988223
2955	1193	5.6897902
2955	453	5.5407476
2955	129	5.4156985
2955	98	5.2512865
2955	783	5.149781
2955	612	5.0957513
2955	74	5.039369
2956	53	6.5175214
2956	66	6.2372274
2956	148	6.11265
2956	48	5.5405874
2956	151	5.5112324
2956	157	5.336887
2956	59	5.3238664
2956	139	5.2713504
2956	103	4.905171
2956	175	4.8923626
2957	74	5.3907037
2957	36	5.304002
2957	53	4.2129083
2957	344	4.1912594
2957	164	4.02033
2957	67	4.0049872
2957	226	3.9969816
2957	66	3.9431329
2957	59	3.9251046
2957	58	3.9197059
2958	58	5.322717
2958	326	5.0782743
2958	142	4.5141263
2958	318	4.30354
2958	290	4.2876735
2958	283	4.1267242
2958	774	4.1148252
2958	36	4.1067047
2958	334	3.8265386
2958	219	3.7538862
2959	36	7.0871897
2959	53	6.8638253
2959	59	5.9953356
2959	175	5.9719586
2959	67	5.8094983
2959	164	5.7233224
2959	25	5.7129397
2959	47	5.704011
2959	139	5.2835298
2959	66	5.012308
2960	59	4.302645
2960	129	4.292147
2960	53	4.2899704
2960	36	4.204117
2960	67	4.1610055
2960	66	4.029599
2960	256	3.8557577
2960	148	3.7384038
2960	25	3.7254367
2960	105	3.6725893
2961	66	3.379113
2961	148	3.2646275
2961	466	3.0470476
2961	157	3.025977
2961	662	2.9346058
2961	139	2.9001997
2961	68	2.898994
2961	151	2.887391
2961	48	2.6223783
2961	456	2.5775537
2962	15	5.2959633
2962	118	4.7039237
2962	125	4.6284456
2962	21	4.5003324
2962	104	4.185773
2962	75	4.152876
2962	121	3.9274452
2962	769	3.7503083
2962	119	3.746354
2962	394	3.4798179
2963	53	5.360703
2963	36	4.7971883
2963	59	4.3796206
2963	67	4.3587227
2963	71	4.2544904
2963	139	4.1377773
2963	66	4.0175242
2963	129	4.0013757
2963	25	3.9806464
2963	68	3.8973634
2964	148	6.823393
2964	53	6.5998807
2964	68	6.198298
2964	139	6.1260033
2964	59	5.6833897
2964	103	5.4290667
2964	175	5.293804
2964	71	5.212913
2964	25	5.1593375
2964	47	4.940555
2965	36	5.927126
2965	123	5.305906
2965	59	5.0399947
2965	345	5.0074553
2965	163	4.7214127
2965	47	4.6126895
2965	139	4.5923514
2965	286	4.5795546
2965	53	4.5234594
2965	10	4.4169126
2966	36	6.9325147
2966	59	5.295684
2966	67	5.2442565
2966	74	4.983942
2966	66	4.975773
2966	53	4.9433055
2966	175	4.864436
2966	164	4.776242
2966	148	4.692697
2966	256	4.5450735
2967	763	3.546002
2967	123	3.4120526
2967	1508	3.3773162
2967	379	2.7550938
2967	10	2.6511242
2967	969	2.6335588
2967	473	2.5859597
2967	1197	2.5227942
2967	451	2.301419
2967	741	2.2608883
2968	379	3.7375605
2968	175	3.6579463
2968	53	3.6392343
2968	66	3.3945289
2968	148	3.3490121
2968	226	3.3376284
2968	10	3.3257859
2968	139	3.3243823
2968	25	3.262239
2968	47	3.1872046
2969	514	4.095031
2969	1360	3.9144897
2969	1379	3.3273492
2969	625	2.9586322
2969	738	2.9496403
2969	510	2.939617
2969	902	2.8799887
2969	561	2.7163815
2969	827	2.496981
2969	703	2.4632504
2970	66	3.6219115
2970	36	3.4118032
2970	148	3.3586035
2970	88	3.1482043
2970	68	3.1029847
2970	53	3.0202968
2970	123	3.0144987
2970	139	2.9924936
2970	67	2.950948
2970	175	2.8946958
2971	58	4.8494363
2971	175	4.7309775
2971	123	4.7226706
2971	59	4.4425874
2971	67	4.390621
2971	53	4.3450847
2971	345	4.2671003
2971	149	4.147703
2971	47	4.073262
2971	379	4.0443716
2972	36	6.562591
2972	59	5.5688324
2972	74	5.475537
2972	67	5.3757305
2972	175	5.2909646
2972	47	5.1878567
2972	139	5.15295
2972	66	4.8922043
2972	148	4.868109
2972	216	4.811671
2973	1589	7.073252
2973	1481	6.711835
2973	1178	6.5546427
2973	1177	6.544522
2973	1361	6.130458
2973	1303	5.507153
2973	1184	5.372861
2973	1330	5.344332
2973	1323	5.262548
2973	1494	5.2309875
2974	36	5.6404905
2974	59	5.2638855
2974	408	5.059656
2974	256	5.0133653
2974	769	4.7810636
2974	148	4.700928
2974	68	4.478551
2974	157	4.2403255
2974	98	4.098922
2974	225	4.096912
2975	1615	4.974241
2975	117	4.3732824
2975	1491	4.290955
2975	1435	3.7726505
2975	194	3.537031
2975	259	3.4020247
2975	379	3.2440288
2975	819	2.9444072
2975	970	2.8732352
2975	616	2.7712913
2976	474	4.7543993
2976	66	4.710857
2976	36	4.703356
2976	463	4.668988
2976	148	4.3417068
2976	286	4.094777
2976	59	3.9793906
2976	151	3.7950354
2976	68	3.677458
2976	157	3.645533
2977	66	7.465898
2977	148	7.227654
2977	68	6.9191685
2977	53	6.885266
2977	139	6.401935
2977	36	6.3394914
2977	103	6.1306033
2977	59	5.9312344
2977	48	5.8660483
2977	71	5.7139153
2978	47	4.375994
2978	53	4.1853275
2978	74	4.119897
2978	67	4.0889616
2978	139	3.9656475
2978	59	3.8713236
2978	25	3.8535464
2978	175	3.7569883
2978	164	3.753787
2978	108	3.7368782
2979	175	4.606874
2979	36	4.556745
2979	164	4.1524944
2979	132	4.076838
2979	149	4.043181
2979	108	3.949819
2979	53	3.9036179
2979	163	3.8809175
2979	67	3.8367388
2979	123	3.828686
2980	36	7.053629
2980	59	5.7832184
2980	175	5.570003
2980	67	5.5454473
2980	53	5.5414457
2980	68	5.2692075
2980	47	5.2650566
2980	139	5.0964994
2980	25	5.091552
2980	58	5.0233164
2981	66	6.0357485
2981	148	5.8205743
2981	53	5.748116
2981	139	5.5795836
2981	68	5.434375
2981	157	5.28201
2981	151	5.0391564
2981	175	4.955677
2981	67	4.931587
2981	48	4.8191023
2982	1072	3.3348117
2982	323	3.2987592
2982	167	3.2177386
2982	290	3.1626704
2982	94	2.8436096
2982	318	2.6882799
2982	286	2.6881623
2982	329	2.6194553
2982	346	2.5987768
2982	365	2.585351
2983	36	6.5847316
2983	53	5.9871616
2983	59	5.4742913
2983	47	5.3862796
2983	67	5.3153834
2983	139	5.2689457
2983	66	5.0969014
2983	148	5.082798
2983	25	4.9475884
2983	226	4.9220586
2984	373	3.919801
2984	148	3.9190283
2984	625	3.7774994
2984	151	3.7688549
2984	157	3.7643669
2984	48	3.7023253
2984	68	3.5497448
2984	66	3.513606
2984	1032	3.3867314
2984	632	3.3522992
2985	36	5.6191707
2985	53	5.2844334
2985	139	5.1334085
2985	47	4.9563103
2985	67	4.915671
2985	66	4.731904
2985	68	4.7253323
2985	148	4.7156787
2985	175	4.44211
2985	59	4.4355664
