0	202	0.026188033
0	1148	0.023407608
0	185	0.022795483
0	50	0.021937612
0	745	0.0218363
0	768	0.020630494
0	19	0.020568172
0	224	0.020527363
0	215	0.019668795
0	1374	0.019243864
1	257	0.037402503
1	117	0.032421943
1	477	0.030964432
1	124	0.030213812
1	1343	0.028530253
1	773	0.027284754
1	961	0.02582559
1	652	0.025124885
1	915	0.025054317
1	119	0.024687918
2	59	0.02592139
2	287	0.025044836
2	72	0.023700906
2	67	0.022962837
2	271	0.022859
2	274	0.022220494
2	372	0.021894665
2	164	0.02148982
2	267	0.021447308
2	303	0.021296889
3	889	0.036046065
3	256	0.027288359
3	334	0.025698123
3	235	0.023714336
3	934	0.022044621
3	333	0.021263968
3	233	0.020547073
3	1638	0.020447947
3	286	0.020392211
3	981	0.020263359
4	44	0.0355685
4	151	0.03514218
4	139	0.0346814
4	157	0.034321528
4	148	0.033645928
4	103	0.032065414
4	66	0.02954724
4	47	0.029057456
4	225	0.028712852
4	222	0.0274185
5	1348	0.0250132
5	167	0.021037465
5	285	0.020666344
5	258	0.0206275
5	518	0.020131458
5	564	0.01972657
5	171	0.018692251
5	377	0.017822377
5	279	0.017745713
5	497	0.016843036
6	198	0.036146406
6	987	0.032797497
6	1450	0.030135931
6	264	0.029937169
6	1203	0.027544374
6	77	0.026598135
6	926	0.026419958
6	756	0.025291275
6	748	0.024898691
6	78	0.024693014
7	123	0.028871866
7	58	0.024020089
7	171	0.021197014
7	36	0.021174379
7	274	0.021046855
7	195	0.01949453
7	379	0.019395541
7	163	0.01925834
7	173	0.018997543
7	23	0.018559234
8	394	0.030525347
8	775	0.028487222
8	1637	0.026485901
8	774	0.02442671
8	682	0.024114909
8	1041	0.023612378
8	884	0.023205077
8	1043	0.02281447
8	1533	0.022787606
8	781	0.022659361
9	68	0.035911888
9	66	0.033455227
9	148	0.02894611
9	151	0.027966244
9	381	0.02657913
9	72	0.02633128
9	70	0.025685398
9	157	0.024876071
9	25	0.023926148
9	129	0.023783006
10	121	0.03567119
10	257	0.029945528
10	137	0.02813033
10	7	0.027175363
10	1003	0.025885113
10	1343	0.024559185
10	1193	0.024504974
10	21	0.024501262
10	477	0.023915498
10	23	0.023707284
11	139	0.032242645
11	47	0.026694464
11	265	0.025508244
11	100	0.02441367
11	481	0.022793982
11	175	0.02162724
11	162	0.020499762
11	69	0.02023775
11	43	0.020021765
11	58	0.019496473
12	66	0.022780582
12	97	0.019139647
12	103	0.018862719
12	273	0.017747981
12	322	0.015730461
12	324	0.015410972
12	48	0.014513658
12	68	0.014236625
12	547	0.014165158
12	360	0.013898513
13	175	0.029001802
13	226	0.028348865
13	345	0.024393134
13	25	0.024374003
13	36	0.023357015
13	54	0.022547456
13	331	0.02186112
13	379	0.021667445
13	243	0.02045158
13	265	0.020257842
14	1023	0.039363526
14	379	0.027989779
14	123	0.026871167
14	334	0.024921242
14	306	0.024439676
14	1624	0.023112817
14	345	0.022925494
14	970	0.022110123
14	969	0.021375509
14	168	0.020880153
15	384	0.034340404
15	123	0.026480846
15	58	0.02336183
15	734	0.02119417
15	166	0.020220084
15	1371	0.019436635
15	1086	0.019079242
15	89	0.018591072
15	269	0.018455056
15	67	0.01826136
16	362	0.030896708
16	432	0.026310451
16	53	0.025703756
16	364	0.025227824
16	163	0.021455579
16	915	0.018418584
16	648	0.017940281
16	424	0.017581044
16	451	0.017504377
16	246	0.017449781
17	909	0.039058276
17	1260	0.0355965
17	914	0.03473292
17	913	0.03376901
17	1512	0.032690875
17	406	0.031804707
17	1502	0.027997652
17	179	0.027529195
17	1518	0.027030693
17	416	0.0266165
18	414	0.022778811
18	1386	0.022525223
18	86	0.02175505
18	115	0.021555722
18	812	0.020718616
18	418	0.020069126
18	413	0.019241747
18	121	0.018136537
18	368	0.018008834
18	346	0.017132176
19	103	0.034386914
19	157	0.034171376
19	151	0.033052985
19	48	0.030906484
19	381	0.030170837
19	487	0.02972756
19	139	0.029092485
19	70	0.028206617
19	25	0.027809128
19	72	0.02727273
20	801	0.041040074
20	774	0.033142332
20	153	0.032217916
20	803	0.032167327
20	286	0.03075222
20	1408	0.028434942
20	326	0.026447108
20	1418	0.0244535
20	1415	0.023813823
20	1288	0.023702422
21	958	0.04889819
21	931	0.038379084
21	1314	0.030927297
21	60	0.030715838
21	329	0.029730827
21	1292	0.029711185
21	1577	0.028885541
21	616	0.028676758
21	1072	0.02865228
21	1364	0.027289432
22	246	0.025726514
22	380	0.021739343
22	383	0.021548951
22	910	0.021507535
22	1205	0.021259364
22	227	0.020410385
22	79	0.020374872
22	276	0.020230021
22	629	0.020167157
22	491	0.019821694
23	75	0.04002277
23	1137	0.032690752
23	67	0.029635506
23	1348	0.02533814
23	119	0.02478084
23	74	0.023271449
23	53	0.022932185
23	564	0.021878539
23	29	0.021581566
23	129	0.021084338
24	66	0.026173182
24	67	0.024262534
24	157	0.02239525
24	151	0.022074215
24	88	0.020405035
24	344	0.01881047
24	59	0.018008534
24	108	0.01767849
24	36	0.017034391
24	71	0.01693565
25	140	0.028139146
25	25	0.027326362
25	53	0.027149163
25	175	0.026928794
25	162	0.026856411
25	383	0.024996268
25	48	0.02441547
25	100	0.02426104
25	481	0.024220373
25	247	0.024073921
26	267	0.024770588
26	303	0.022939337
26	195	0.02282437
26	43	0.022579456
26	385	0.02229904
26	360	0.02204752
26	164	0.02184627
26	651	0.021490145
26	256	0.020147335
26	87	0.019989617
27	334	0.027527846
27	142	0.024798231
27	298	0.022967495
27	321	0.022734867
27	384	0.022404423
27	437	0.02145252
27	195	0.020949934
27	1141	0.02050335
27	314	0.020231774
27	385	0.020223932
28	139	0.025344016
28	175	0.02373769
28	47	0.02308145
28	784	0.021949714
28	25	0.021819592
28	71	0.021363245
28	428	0.020503039
28	64	0.019451188
28	216	0.019063508
28	487	0.018417006
29	255	0.025489356
29	164	0.024725778
29	1150	0.022061734
29	651	0.021658609
29	1237	0.021354245
29	268	0.021341294
29	949	0.019938648
29	87	0.019754134
29	123	0.019433882
29	763	0.019393818
30	1032	0.02293539
30	410	0.020507414
30	1053	0.019868877
30	625	0.019118022
30	424	0.018367633
30	332	0.018223884
30	1516	0.01816383
30	735	0.01815965
30	15	0.017924806
30	10	0.016953811
31	209	0.031148896
31	104	0.027523618
31	393	0.0226715
31	866	0.022106359
31	884	0.022061313
31	865	0.021864945
31	101	0.02185696
31	115	0.021438008
31	98	0.021048026
31	868	0.02086376
32	108	0.037812214
32	45	0.030827876
32	403	0.03066672
32	806	0.02699262
32	40	0.025069565
32	202	0.02504998
32	109	0.023797346
32	750	0.023100253
32	185	0.022184376
32	37	0.020358238
33	151	0.029579757
33	157	0.02823916
33	334	0.026743025
33	103	0.01854685
33	68	0.018308427
33	377	0.01768543
33	803	0.015429587
33	373	0.014512123
33	285	0.014365741
33	277	0.014359134
34	181	0.055139687
34	314	0.05214583
34	209	0.05067757
34	909	0.05024209
34	292	0.048117533
34	400	0.047948718
34	482	0.047396097
34	359	0.04722467
34	317	0.041578494
34	343	0.037694097
35	75	0.030696707
35	1193	0.028767234
35	74	0.025718203
35	785	0.02519051
35	15	0.023823235
35	123	0.023011966
35	638	0.022855593
35	648	0.021629348
35	1082	0.020600908
35	125	0.020579671
36	200	0.03627729
36	1386	0.025623335
36	812	0.024291234
36	811	0.022054398
36	465	0.020310113
36	1189	0.02020797
36	1136	0.019987527
36	935	0.019556256
36	569	0.019195054
36	981	0.01903213
37	433	0.043299716
37	149	0.042632144
37	430	0.03618837
37	979	0.027729409
37	1411	0.02673028
37	261	0.023848308
37	978	0.023390008
37	619	0.0231073
37	1545	0.022479236
37	1383	0.021944536
38	139	0.027774418
38	379	0.02263556
38	149	0.02200531
38	10	0.021420084
38	345	0.021004744
38	162	0.020053456
38	123	0.019563306
38	43	0.019009868
38	437	0.01900707
38	243	0.018647198
39	440	0.07799655
39	799	0.07353081
39	447	0.072890826
39	767	0.06297835
39	31	0.061250333
39	438	0.060643777
39	443	0.05788252
39	579	0.0566132
39	34	0.05298782
39	1618	0.036513735
40	123	0.035662595
40	377	0.028454948
40	437	0.02745729
40	334	0.025814306
40	379	0.025334219
40	318	0.024976002
40	249	0.024384761
40	326	0.023671275
40	1002	0.02327753
40	94	0.022785828
41	1188	0.030795855
41	452	0.03046603
41	209	0.02773109
41	408	0.026169825
41	1135	0.023646552
41	868	0.023457466
41	1010	0.019289805
41	866	0.018781597
41	1636	0.018704569
41	818	0.017926678
42	662	0.06841835
42	457	0.050014313
42	455	0.04970895
42	474	0.02285912
42	1578	0.02049578
42	1604	0.02030281
42	1462	0.01958628
42	676	0.018942302
42	1486	0.01889654
42	649	0.018389275
43	219	0.05132386
43	346	0.045626935
43	822	0.032779638
43	874	0.027471818
43	995	0.026654756
43	1201	0.026450565
43	994	0.025738182
43	596	0.024751283
43	700	0.024393283
43	1086	0.023453915
44	175	0.02850188
44	483	0.02256169
44	475	0.02123465
44	149	0.020989101
44	497	0.020526422
44	97	0.02015889
44	10	0.020065723
44	111	0.01984068
44	350	0.019668723
44	259	0.019023689
45	463	0.026278017
45	325	0.023690071
45	58	0.019691262
45	311	0.018578231
45	292	0.018488001
45	334	0.018211024
45	474	0.017643163
45	68	0.01718441
45	377	0.016886437
45	498	0.016858978
46	58	0.025352012
46	345	0.024533145
46	149	0.022187399
46	94	0.022179207
46	363	0.021782715
46	47	0.02131358
46	166	0.021061558
46	10	0.020941097
46	318	0.020681316
46	475	0.01974611
47	444	0.016653914
47	445	0.016618814
47	31	0.016575925
47	440	0.016061934
47	34	0.013261374
47	744	0.012671395
47	721	0.012652711
47	192	0.012385925
47	799	0.012187739
47	433	0.011652008
48	806	0.037893534
48	108	0.03603844
48	802	0.024943575
48	810	0.02158628
48	201	0.021298766
48	256	0.0206774
48	1004	0.020355975
48	162	0.019889126
48	842	0.019626277
48	287	0.019025804
49	58	0.027830234
49	334	0.022301141
49	195	0.020305688
49	132	0.019896692
49	47	0.019652316
49	95	0.01938447
49	774	0.018780084
49	45	0.018343747
49	123	0.018204663
49	802	0.018182307
50	329	0.02497337
50	814	0.021842638
50	326	0.021540172
50	196	0.021091573
50	1472	0.020475933
50	1633	0.019876568
50	384	0.018321292
50	266	0.01822105
50	243	0.017806439
50	318	0.01762498
51	58	0.025500765
51	378	0.023824975
51	171	0.02371799
51	43	0.023667013
51	306	0.02250564
51	33	0.021644292
51	344	0.01927879
51	379	0.018854724
51	402	0.018808082
51	166	0.018653877
52	62	0.031520814
52	372	0.028203718
52	256	0.028089289
52	333	0.027296454
52	348	0.023803847
52	37	0.02264738
52	385	0.02231921
52	403	0.021610131
52	872	0.021483324
52	32	0.021134071
53	763	0.024967728
53	1557	0.021764759
53	835	0.02121059
53	384	0.020347007
53	284	0.019725667
53	18	0.019642107
53	785	0.01909709
53	923	0.018957876
53	194	0.018504499
53	1633	0.018105755
54	1347	0.02487131
54	1130	0.02460582
54	1443	0.021719808
54	628	0.02080987
54	1563	0.020541003
54	1132	0.019530818
54	1562	0.019380694
54	20	0.019049868
54	964	0.01889472
54	1612	0.018663816
55	283	0.032545175
55	281	0.03199592
55	343	0.030160198
55	145	0.03000254
55	232	0.029586466
55	290	0.028193487
55	352	0.027895426
55	318	0.026185716
55	85	0.024928572
55	94	0.024762627
56	402	0.030833155
56	10	0.023086086
56	257	0.021507656
56	201	0.021166261
56	379	0.021152291
56	806	0.0202912
56	387	0.019202948
56	802	0.017879453
56	256	0.017359607
56	488	0.01691963
57	465	0.037291255
57	831	0.03550308
57	1433	0.028451506
57	310	0.025970628
57	154	0.025355348
57	199	0.023382528
57	853	0.022626808
57	826	0.02085074
57	262	0.02065535
57	1241	0.020040987
58	151	0.038200494
58	157	0.037007593
58	66	0.035040084
58	103	0.033732776
58	71	0.024778396
58	381	0.02265428
58	42	0.022281552
58	44	0.019649517
58	225	0.019447943
58	70	0.017454024
59	81	0.021472966
59	84	0.020065095
59	150	0.019558331
59	146	0.019061793
59	163	0.017865993
59	717	0.017865133
59	2	0.017060326
59	226	0.01692441
59	15	0.015934968
59	648	0.015838891
60	836	0.047738556
60	568	0.04530104
60	114	0.037848223
60	433	0.03758024
60	1557	0.03701424
60	1303	0.03677745
60	19	0.034380294
60	1392	0.032866985
60	1292	0.03260668
60	1496	0.03189114
61	200	0.025343943
61	414	0.023855686
61	648	0.02309207
61	204	0.02131498
61	533	0.020549254
61	1517	0.019327663
61	541	0.019157056
61	169	0.018530533
61	380	0.017872272
61	483	0.01756447
62	2	0.027498493
62	22	0.02531199
62	5	0.024842171
62	119	0.02299307
62	216	0.02268339
62	15	0.022652589
62	811	0.021299148
62	121	0.02100473
62	410	0.020955479
62	652	0.020685036
63	474	0.033408158
63	403	0.033351913
63	895	0.026552405
63	1006	0.02353172
63	595	0.02264831
63	1619	0.021590257
63	498	0.021415753
63	311	0.020888524
63	878	0.020779228
63	104	0.020640982
64	738	0.031856224
64	924	0.0284548
64	409	0.027707063
64	481	0.026123704
64	433	0.025386073
64	483	0.023573697
64	1340	0.023151621
64	1517	0.022869362
64	1343	0.022500854
64	1205	0.022114025
65	151	0.03325409
65	157	0.030255193
65	103	0.024543539
65	68	0.019130116
65	944	0.014305165
65	1061	0.013090497
65	225	0.012453999
65	71	0.012402532
65	1516	0.0120031815
65	632	0.0119477995
66	1449	0.028706944
66	913	0.028352348
66	502	0.026224645
66	726	0.025907634
66	522	0.025519287
66	1225	0.025265254
66	52	0.025038103
66	517	0.024413418
66	1402	0.02441329
66	914	0.0242564
67	786	0.027265422
67	789	0.02513172
67	889	0.023516072
67	65	0.02226096
67	1367	0.021056257
67	56	0.019679474
67	75	0.017376512
67	187	0.016672408
67	1225	0.016616197
67	416	0.016529469
68	783	0.026087847
68	98	0.025897326
68	769	0.025692033
68	612	0.02434677
68	223	0.022600396
68	66	0.022109486
68	70	0.022022346
68	495	0.020896733
68	453	0.020440402
68	1188	0.020041635
69	386	0.02454259
69	162	0.022880232
69	387	0.020047123
69	345	0.019592557
69	51	0.016976982
69	335	0.016565451
69	744	0.016541475
69	364	0.015860371
69	33	0.015790327
69	385	0.015755434
70	68	0.030282764
70	103	0.026875263
70	383	0.025707893
70	36	0.022653667
70	276	0.022012724
70	487	0.019644648
70	48	0.0180732
70	182	0.017453685
70	225	0.016749697
70	540	0.016688228
71	103	0.034091216
71	148	0.03216386
71	157	0.03103609
71	151	0.02902372
71	71	0.025007823
71	273	0.02239474
71	225	0.021689797
71	48	0.021073883
71	139	0.021055616
71	72	0.020547036
72	157	0.038515568
72	66	0.037736144
72	139	0.036200553
72	68	0.035009652
72	103	0.03483972
72	53	0.032414485
72	48	0.031554274
72	225	0.028951053
72	381	0.028869445
72	70	0.02602602
73	181	0.03184777
73	114	0.027221518
73	257	0.02555176
73	5	0.024936482
73	149	0.024859842
73	121	0.023598589
73	835	0.0225905
73	1063	0.022521831
73	993	0.02241863
73	119	0.022064852
74	381	0.040230416
74	71	0.039264325
74	487	0.037249748
74	719	0.036476996
74	225	0.036292892
74	222	0.034886
74	105	0.03448889
74	383	0.033581886
74	224	0.032808285
74	495	0.03166395
75	889	0.040651415
75	209	0.03497996
75	453	0.031576212
75	452	0.02888311
75	1188	0.026716473
75	118	0.02643842
75	1135	0.02561417
75	865	0.02481484
75	134	0.023966253
75	398	0.02395008
76	133	0.021989228
76	15	0.02019363
76	828	0.019861052
76	1517	0.01907813
76	118	0.017983582
76	366	0.017632073
76	648	0.017281964
76	700	0.017075969
76	1275	0.016686859
76	783	0.01576918
77	334	0.022436991
77	58	0.022233665
77	171	0.021275295
77	379	0.01986299
77	201	0.019529361
77	378	0.019376783
77	108	0.018085154
77	115	0.016946075
77	98	0.016780715
77	345	0.0164694
78	192	0.026668075
78	252	0.02072847
78	43	0.02020505
78	727	0.018874794
78	934	0.017381826
78	629	0.015421402
78	323	0.01509346
78	770	0.014987186
78	798	0.014176486
78	383	0.013818248
79	373	0.020562558
79	727	0.019344205
79	332	0.019301418
79	836	0.018732198
79	433	0.018671313
79	103	0.01855856
79	139	0.01829429
79	114	0.017980888
79	364	0.017838432
79	524	0.0177629
80	56	0.058159478
80	1511	0.035300016
80	641	0.033724673
80	699	0.033076316
80	789	0.031079799
80	1188	0.030501643
80	1529	0.030276988
80	1357	0.029903233
80	759	0.029838478
80	452	0.02940429
81	414	0.049684394
81	221	0.040807668
81	200	0.04007304
81	569	0.027668612
81	811	0.027614381
81	418	0.023620062
81	1136	0.023280175
81	23	0.023070686
81	74	0.02278785
81	1060	0.02259834
82	257	0.028541304
82	11	0.026003245
82	961	0.02334486
82	2	0.023338273
82	1193	0.022806339
82	908	0.020436458
82	131	0.02032118
82	15	0.02022278
82	124	0.019197073
82	112	0.017715693
83	520	0.019267196
83	3	0.01687646
83	786	0.016365793
83	81	0.015967155
83	148	0.015899315
83	641	0.015725208
83	226	0.015292534
83	1434	0.015219654
83	803	0.01517355
83	139	0.014730051
84	118	0.036061514
84	256	0.028056413
84	21	0.023984741
84	648	0.02104661
84	766	0.019747417
84	165	0.01826648
84	53	0.017852599
84	1137	0.017610844
84	54	0.01717886
84	287	0.01692618
85	447	0.039021965
85	445	0.038654845
85	443	0.034889378
85	442	0.034156088
85	799	0.033748627
85	444	0.032777328
85	767	0.030795898
85	21	0.024373008
85	555	0.021925686
85	1188	0.021892667
86	71	0.038100902
86	53	0.03654613
86	148	0.035977095
86	36	0.032518744
86	47	0.030910581
86	225	0.029407823
86	144	0.028476715
86	175	0.028389022
86	64	0.028177364
86	44	0.02813431
87	384	0.028430015
87	734	0.026436644
87	149	0.02376066
87	468	0.021775458
87	166	0.019576356
87	803	0.01900653
87	379	0.018804396
87	36	0.018401517
87	139	0.01780599
87	162	0.017527422
88	381	0.042500302
88	68	0.04038074
88	144	0.040193297
88	103	0.0394915
88	487	0.038304634
88	428	0.03823342
88	71	0.03793058
88	495	0.035606362
88	70	0.03429847
88	224	0.034204274
89	22	0.033044457
89	414	0.03129321
89	113	0.030024664
89	915	0.023219949
89	204	0.023183594
89	126	0.023096032
89	252	0.023020618
89	216	0.022797136
89	15	0.02239496
89	432	0.021788033
90	346	0.049243316
90	822	0.036544792
90	994	0.02983578
90	596	0.028158354
90	874	0.02803057
90	1201	0.026829211
90	995	0.024503829
90	856	0.023698306
90	700	0.023339886
90	872	0.023316018
91	482	0.047291428
91	317	0.039922684
91	909	0.039056458
91	406	0.03712638
91	1260	0.037011303
91	292	0.036783136
91	359	0.0342847
91	400	0.031347297
91	984	0.03133034
91	194	0.029658884
92	1082	0.026727717
92	58	0.025806515
92	347	0.024329234
92	886	0.024288578
92	10	0.024065102
92	470	0.023692627
92	377	0.02347102
92	149	0.022066686
92	937	0.020702934
92	1113	0.020410364
93	71	0.022689844
93	53	0.02268062
93	75	0.022340171
93	25	0.022003965
93	216	0.021823976
93	1193	0.021046218
93	61	0.020377833
93	129	0.019204935
93	495	0.018949743
93	118	0.018743979
94	2	0.028835034
94	113	0.027125891
94	467	0.022154218
94	1577	0.020440063
94	14	0.01948285
94	121	0.018772544
94	7	0.018190855
94	756	0.017641192
94	835	0.016595328
94	672	0.01602878
95	314	0.04541457
95	181	0.045120858
95	406	0.043434165
95	909	0.041785456
95	408	0.041035425
95	209	0.04081719
95	482	0.040614072
95	317	0.03356619
95	1260	0.032420292
95	343	0.03231545
96	909	0.05828533
96	1260	0.0536108
96	406	0.0490882
96	400	0.042468984
96	1281	0.041588157
96	180	0.03981343
96	482	0.03891911
96	674	0.037018426
96	1225	0.036722478
96	317	0.036080673
97	108	0.028304722
97	303	0.020357238
97	802	0.020169225
97	33	0.019921336
97	95	0.019701881
97	417	0.019699063
97	98	0.019526778
97	806	0.019512417
97	118	0.019495402
97	256	0.018787611
98	934	0.027831715
98	43	0.025609884
98	61	0.024851633
98	648	0.024552837
98	937	0.023843948
98	981	0.023538308
98	23	0.023262428
98	171	0.021743432
98	271	0.020871956
98	71	0.02081353
99	445	0.045804456
99	441	0.045375716
99	447	0.04510155
99	799	0.042859446
99	439	0.042346146
99	446	0.041208956
99	442	0.040909916
99	443	0.039187998
99	440	0.038970098
99	444	0.038703278
100	908	0.026535159
100	432	0.024515538
100	738	0.024453249
100	648	0.021783914
100	177	0.021064732
100	571	0.02050565
100	350	0.020503115
100	22	0.020459523
100	1205	0.02029909
100	993	0.01988598
101	384	0.019042432
101	734	0.01868802
101	146	0.018604008
101	334	0.018365774
101	1371	0.018224435
101	285	0.017673643
101	61	0.017419493
101	246	0.016865894
101	6	0.015269788
101	84	0.015252197
102	1347	0.023344742
102	432	0.023195634
102	975	0.02278692
102	833	0.022148944
102	8	0.02188059
102	1205	0.020993108
102	245	0.02013639
102	1075	0.019068902
102	964	0.018994672
102	835	0.01882157
103	68	0.040973477
103	157	0.039072156
103	103	0.03890504
103	151	0.038836915
103	66	0.037301075
103	71	0.034036938
103	139	0.03360375
103	44	0.029461814
103	42	0.027826857
103	719	0.025758315
104	371	0.020185355
104	351	0.019821478
104	123	0.019646004
104	345	0.019493576
104	706	0.01927765
104	128	0.018295757
104	784	0.01754791
104	162	0.017198
104	51	0.016717644
104	200	0.016163087
105	157	0.038441826
105	103	0.03633311
105	68	0.033205956
105	71	0.030084575
105	381	0.02845927
105	48	0.0274516
105	225	0.021481657
105	42	0.02109391
105	72	0.020970354
105	383	0.020890305
106	71	0.03225081
106	719	0.029176943
106	68	0.027089488
106	36	0.026055448
106	0	0.02588163
106	53	0.025200374
106	139	0.024978591
106	256	0.024954889
106	109	0.024014492
106	29	0.02383551
107	157	0.03306564
107	151	0.030691234
107	103	0.024025075
107	68	0.02098738
107	323	0.017269934
107	373	0.015550616
107	48	0.014932976
107	286	0.01474474
107	484	0.013444015
107	226	0.013274319
108	8	0.03029294
108	18	0.030180784
108	12	0.028240139
108	193	0.02613976
108	45	0.025296776
108	2	0.02503824
108	778	0.02496188
108	216	0.02451934
108	129	0.022995953
108	915	0.02290365
109	783	0.06350994
109	394	0.058543738
109	134	0.057879634
109	398	0.051535178
109	865	0.0494427
109	1188	0.039982483
109	1312	0.036728855
109	452	0.035936356
109	682	0.035468195
109	1135	0.034748044
110	778	0.02675311
110	464	0.022583134
110	914	0.022459064
110	518	0.022303356
110	184	0.020037048
110	181	0.019512378
110	1021	0.01926022
110	909	0.019052843
110	529	0.018778505
110	381	0.018707149
111	19	0.027129626
111	1345	0.026793346
111	761	0.026515748
111	1088	0.025981728
111	332	0.025744272
111	1253	0.02548336
111	1361	0.02507951
111	430	0.024534378
111	1276	0.024307426
111	1305	0.024191104
112	204	0.04751648
112	221	0.044822022
112	811	0.03648932
112	1136	0.029156763
112	1386	0.02392958
112	115	0.023667619
112	1103	0.02187584
112	1241	0.021739844
112	1444	0.021618938
112	812	0.021585174
113	162	0.021419002
113	164	0.019227441
113	259	0.018667674
113	139	0.01748157
113	640	0.01706992
113	330	0.016385574
113	163	0.015882345
113	331	0.015804453
113	69	0.014888068
113	437	0.014753389
114	59	0.038838424
114	29	0.027152408
114	383	0.026458556
114	36	0.026069961
114	333	0.024980048
114	303	0.023144487
114	62	0.02227058
114	372	0.022133153
114	547	0.021731908
114	64	0.019909922
115	151	0.035430327
115	157	0.035197146
115	68	0.030170038
115	139	0.027251994
115	103	0.026584443
115	273	0.024427287
115	71	0.024326675
115	44	0.023647496
115	42	0.023145225
115	487	0.022780078
116	147	0.038849175
116	547	0.03703367
116	151	0.027524631
116	157	0.02726406
116	68	0.025300194
116	103	0.022480115
116	428	0.019770011
116	175	0.018659309
116	70	0.018656515
116	67	0.01829453
117	177	0.02497182
117	362	0.024380779
117	451	0.02372035
117	364	0.023353444
117	432	0.02231186
117	1206	0.020797951
117	1018	0.019968757
117	651	0.019539464
117	17	0.018260889
117	121	0.018208563
118	199	0.04818486
118	1189	0.028345544
118	1569	0.028004134
118	202	0.027434586
118	1244	0.024816632
118	88	0.023747988
118	699	0.023527548
118	474	0.02328743
118	421	0.023003729
118	1443	0.021997545
119	1303	0.039462484
119	1577	0.038238373
119	233	0.037795827
119	1373	0.036010742
119	1292	0.035865437
119	1474	0.03500578
119	988	0.03204426
119	1392	0.030840697
119	1361	0.03043153
119	1465	0.030377038
120	1487	0.03208304
120	1140	0.029338604
120	732	0.027247915
120	1608	0.023468254
120	1153	0.02341168
120	567	0.022549381
120	317	0.022425199
120	146	0.021562295
120	1492	0.020933291
120	1245	0.020829642
121	1281	0.035548706
121	1193	0.03490419
121	172	0.032541323
121	913	0.03020857
121	909	0.029857008
121	125	0.029707437
121	406	0.02918532
121	113	0.028022787
121	400	0.027380422
121	775	0.025766874
122	100	0.027959786
122	140	0.024840327
122	483	0.023162981
122	414	0.021718081
122	107	0.021577481
122	47	0.021415552
122	481	0.021220848
122	221	0.021181049
122	216	0.02072133
122	10	0.020257069
123	116	0.022773517
123	163	0.021395192
123	196	0.018803906
123	53	0.017556557
123	59	0.01655966
123	470	0.01607562
123	111	0.016071623
123	693	0.015855381
123	12	0.015556926
123	947	0.015550909
124	456	0.026602477
124	459	0.024975477
124	455	0.024481406
124	466	0.023117388
124	457	0.021857616
124	460	0.02177773
124	379	0.021401752
124	378	0.020827558
124	141	0.020687062
124	273	0.019640798
125	265	0.02311325
125	47	0.02293808
125	385	0.02293535
125	100	0.021922229
125	651	0.019181687
125	140	0.019031068
125	59	0.018727392
125	383	0.016734999
125	147	0.016417008
125	334	0.016368054
126	821	0.036457054
126	1474	0.03417019
126	494	0.030840099
126	1631	0.030494303
126	1544	0.029559843
126	1478	0.028859861
126	1557	0.028840829
126	1513	0.028539276
126	1292	0.027386205
126	1325	0.027233124
127	344	0.03257116
127	1023	0.026991505
127	108	0.026066463
127	465	0.023503212
127	204	0.0209975
127	402	0.020857232
127	200	0.019810556
127	36	0.01973067
127	414	0.019688362
127	74	0.019346867
128	431	0.025001928
128	290	0.023746246
128	94	0.022484733
128	8	0.02155941
128	288	0.021421332
128	1033	0.021323552
128	1565	0.021295816
128	915	0.021192184
128	313	0.021000888
128	295	0.020679105
129	579	0.035461646
129	440	0.032830372
129	447	0.03207108
129	439	0.02684705
129	36	0.025990108
129	157	0.024401138
129	42	0.023546314
129	463	0.022167206
129	799	0.021771625
129	286	0.021298673
130	835	0.0412545
130	833	0.04110391
130	1609	0.04023194
130	1343	0.036686778
130	1348	0.035545062
130	1381	0.035500273
130	570	0.035154447
130	1203	0.034795742
130	1621	0.034466296
130	568	0.03168936
131	911	0.030874705
131	2	0.030465022
131	1587	0.027598366
131	1636	0.027258562
131	1293	0.025521716
131	1524	0.025128188
131	666	0.023299724
131	124	0.022565661
131	1271	0.02231425
131	1256	0.022227399
132	1204	0.030372266
132	518	0.029210562
132	1205	0.027770344
132	81	0.027226096
132	180	0.024592506
132	1054	0.02435726
132	1124	0.024253748
132	908	0.023380874
132	15	0.023152458
132	851	0.023090813
133	1057	0.03739844
133	1133	0.033295926
133	958	0.028175281
133	233	0.027906308
133	281	0.027221702
133	898	0.025502846
133	85	0.024136811
133	1488	0.024121152
133	1153	0.024098944
133	667	0.02375455
134	91	0.03262385
134	385	0.031019539
134	33	0.028977552
134	51	0.026570613
134	651	0.023625452
134	23	0.023155702
134	36	0.022093348
134	303	0.021177012
134	327	0.020832952
134	47	0.020302951
135	306	0.032906096
135	433	0.027089074
135	970	0.025997773
135	632	0.02591344
135	261	0.024007466
135	465	0.021067716
135	130	0.020749588
135	1397	0.020609647
135	378	0.019774757
135	149	0.019750018
136	46	0.03325431
136	241	0.031334657
136	29	0.027318776
136	842	0.0250487
136	428	0.023454985
136	1329	0.023223625
136	0	0.022756396
136	487	0.022587083
136	491	0.022511002
136	864	0.022309372
137	306	0.039420675
137	378	0.03577503
137	257	0.030254826
137	13	0.025852004
137	331	0.024498828
137	970	0.023634452
137	47	0.023188591
137	120	0.022906385
137	79	0.022791615
137	259	0.02177775
138	365	0.062950775
138	822	0.060282193
138	856	0.04873556
138	1201	0.047301304
138	995	0.04289111
138	996	0.04133991
138	507	0.037235092
138	872	0.0366376
138	357	0.028015312
138	1225	0.02403143
139	88	0.028488351
139	474	0.025209038
139	889	0.024466615
139	298	0.022198332
139	1420	0.021047879
139	209	0.020914027
139	311	0.01982286
139	400	0.019223602
139	914	0.019021401
139	172	0.018986706
140	123	0.029800644
140	166	0.026523057
140	249	0.026444394
140	371	0.024283443
140	345	0.02273304
140	94	0.022328138
140	141	0.02217763
140	132	0.021174358
140	367	0.020008497
140	243	0.019550411
141	584	0.023288878
141	626	0.021527918
141	561	0.02103088
141	250	0.020919107
141	426	0.020757267
141	852	0.020221159
141	557	0.019878488
141	50	0.019874219
141	1508	0.019166935
141	393	0.018793209
142	147	0.042476177
142	360	0.03378123
142	148	0.030361263
142	151	0.03006306
142	157	0.028911458
142	68	0.028164998
142	948	0.027657872
142	103	0.025469923
142	383	0.022442209
142	223	0.02198868
143	1083	0.023458723
143	408	0.022250576
143	238	0.02205495
143	1266	0.021775996
143	306	0.021179596
143	886	0.019338189
143	114	0.01883093
143	10	0.018204497
143	116	0.01805138
143	841	0.01761785
144	463	0.021076627
144	88	0.020023318
144	774	0.019143274
144	474	0.018990574
144	157	0.018613515
144	62	0.018177927
144	68	0.017885484
144	273	0.017550593
144	1023	0.017497623
144	677	0.017330442
145	216	0.019160196
145	40	0.018792808
145	35	0.017575692
145	414	0.017118525
145	144	0.017044535
145	17	0.016896456
145	119	0.016544616
145	784	0.016539747
145	72	0.01645915
145	719	0.016209133
146	406	0.037949275
146	400	0.035362415
146	482	0.029884102
146	909	0.029202059
146	181	0.027565774
146	292	0.0273702
146	314	0.026734736
146	193	0.026175348
146	1260	0.025524845
146	1347	0.025234347
147	752	0.024867438
147	14	0.02386853
147	889	0.021973204
147	10	0.021350449
147	811	0.020752462
147	378	0.020250961
147	216	0.019895973
147	290	0.019834165
147	769	0.019175854
147	166	0.019020915
148	66	0.045832064
148	157	0.04279565
148	381	0.032391854
148	53	0.028265804
148	48	0.023255484
148	225	0.021993062
148	72	0.02013719
148	70	0.018822324
148	643	0.015359564
148	224	0.015065227
149	453	0.030335262
149	115	0.029457482
149	1188	0.028672345
149	408	0.025816455
149	104	0.024760887
149	632	0.024713947
149	769	0.023180733
149	142	0.021960618
149	868	0.020550461
149	783	0.020472538
150	346	0.04379275
150	365	0.0435371
150	148	0.034036167
150	596	0.02927374
150	994	0.02697896
150	874	0.026965428
150	1201	0.026553722
150	995	0.025337588
150	856	0.023634845
150	872	0.023577955
151	113	0.03345879
151	12	0.028441077
151	20	0.027510623
151	257	0.025830915
151	1193	0.024447413
151	1343	0.023905445
151	193	0.022538103
151	22	0.02226058
151	14	0.022086931
151	7	0.02121265
152	209	0.022635078
152	303	0.02256335
152	287	0.022098193
152	408	0.021429544
152	1281	0.021109633
152	333	0.019472474
152	181	0.018878981
152	1522	0.01852039
152	291	0.0184563
152	453	0.017417442
153	286	0.030324657
153	326	0.024409777
153	625	0.022357654
153	376	0.022135567
153	1002	0.021194637
153	226	0.021127528
153	482	0.020968277
153	94	0.020942513
153	318	0.020525388
153	1159	0.020149643
154	331	0.019059319
154	769	0.01840869
154	130	0.018203
154	408	0.01797919
154	10	0.017721469
154	74	0.017109387
154	842	0.01618406
154	94	0.016058538
154	162	0.015712205
154	185	0.01557608
155	47	0.03005144
155	123	0.029707575
155	265	0.026690267
155	100	0.025524372
155	475	0.024397075
155	140	0.023291653
155	734	0.022159955
155	384	0.021565545
155	97	0.02115403
155	854	0.021128321
156	146	0.027253387
156	332	0.027152553
156	945	0.022222275
156	904	0.021295521
156	488	0.020969229
156	944	0.020630497
156	835	0.01953154
156	9	0.019296164
156	141	0.018248918
156	1269	0.018022003
157	356	0.021583254
157	43	0.021413215
157	191	0.020324096
157	465	0.01951783
157	1241	0.018911812
157	168	0.018821746
157	262	0.01852746
157	269	0.01847424
157	1565	0.018197339
157	1508	0.017094793
158	151	0.033122726
158	157	0.031486634
158	453	0.026983898
158	103	0.024576278
158	68	0.0221407
158	1188	0.019791646
158	452	0.019084377
158	1192	0.018820262
158	1135	0.017442286
158	408	0.016877314
159	1469	0.02260262
159	432	0.021676004
159	329	0.020278132
159	177	0.019965384
159	832	0.019517528
159	136	0.018633263
159	1069	0.01849177
159	638	0.017405732
159	1343	0.017232422
159	1193	0.016924027
160	148	0.03754496
160	48	0.0373091
160	71	0.03555403
160	719	0.03525209
160	381	0.035017673
160	0	0.034926377
160	72	0.03455149
160	103	0.03394105
160	29	0.033547875
160	42	0.033200715
161	108	0.028896006
161	806	0.022708647
161	390	0.022200769
161	768	0.021876136
161	45	0.020989135
161	465	0.020599356
161	421	0.020527722
161	391	0.01996317
161	199	0.018855853
161	750	0.018829772
162	345	0.028350422
162	334	0.026458945
162	784	0.025436651
162	256	0.025325494
162	108	0.02405854
162	95	0.022831293
162	94	0.022581859
162	123	0.022489948
162	379	0.022413125
162	842	0.02208964
163	408	0.04354345
163	194	0.04103166
163	400	0.037639443
163	292	0.035897914
163	181	0.03562611
163	359	0.03522958
163	406	0.034400135
163	482	0.031770077
163	317	0.02905584
163	909	0.02630449
164	181	0.046562515
164	314	0.045138285
164	317	0.04448739
164	292	0.041335095
164	359	0.039569087
164	194	0.03953784
164	406	0.03896519
164	1260	0.035524447
164	343	0.033898704
164	400	0.03191254
165	402	0.026772825
165	127	0.023751352
165	95	0.023569824
165	802	0.02271847
165	2	0.022357326
165	45	0.022259258
165	74	0.02189212
165	10	0.021404365
165	1064	0.020878086
165	810	0.02084357
166	109	0.030807339
166	151	0.028527144
166	157	0.025603248
166	103	0.025503801
166	0	0.022550398
166	144	0.021081934
166	139	0.020931533
166	48	0.020831643
166	71	0.01969795
166	72	0.019643342
167	66	0.03617524
167	72	0.03075142
167	216	0.030654589
167	381	0.03036546
167	68	0.029934129
167	71	0.029899599
167	157	0.02828691
167	53	0.028160067
167	151	0.027957225
167	784	0.027225636
168	47	0.026495848
168	53	0.023186391
168	25	0.021910554
168	123	0.02184853
168	149	0.020106073
168	379	0.01993704
168	384	0.018584378
168	103	0.01793874
168	450	0.01758239
168	48	0.017174713
169	157	0.043644503
169	151	0.042899024
169	71	0.027190512
169	381	0.025284223
169	42	0.021886785
169	225	0.021173684
169	70	0.020878404
169	44	0.019425308
169	643	0.01734959
169	25	0.016397608
170	48	0.034458715
170	202	0.028837766
170	59	0.025271907
170	67	0.025085924
170	286	0.02313678
170	273	0.022982538
170	641	0.02278375
170	256	0.022728901
170	402	0.022599664
170	151	0.02148496
171	58	0.018791227
171	94	0.01824514
171	166	0.01798403
171	286	0.017915329
171	317	0.01721533
171	333	0.016985169
171	373	0.016233722
171	123	0.016165778
171	59	0.015976034
171	345	0.015693488
172	451	0.01679486
172	1220	0.016251333
172	77	0.016154883
172	1296	0.01585289
172	480	0.014682269
172	951	0.014564881
172	589	0.0142790545
172	720	0.014016743
172	317	0.013896189
172	515	0.0136770215
173	25	0.022037365
173	71	0.021351578
173	323	0.020548584
173	72	0.019756509
173	368	0.019357808
173	365	0.019325547
173	364	0.019109372
173	157	0.01902217
173	651	0.0189425
173	784	0.018884547
174	367	0.02697316
174	166	0.026397867
174	345	0.025875468
174	249	0.025599394
174	13	0.022380766
174	740	0.021569015
174	306	0.0213546
174	141	0.021314992
174	652	0.020300867
174	259	0.017972762
175	199	0.026142266
175	98	0.020797744
175	340	0.019624516
175	333	0.018930873
175	463	0.018893698
175	283	0.018871168
175	226	0.016584227
175	334	0.016575724
175	32	0.016471716
175	163	0.016350515
176	226	0.024042962
176	15	0.023544097
176	666	0.02141036
176	119	0.019614343
176	230	0.017786313
176	35	0.017639184
176	424	0.017329773
176	137	0.017148001
176	2	0.016855754
176	129	0.016737597
177	115	0.04532859
177	185	0.039939556
177	414	0.031466756
177	200	0.027100539
177	641	0.025165364
177	868	0.0225643
177	216	0.022193525
177	1136	0.020979896
177	402	0.020828273
177	1189	0.020611767
178	368	0.03659301
178	201	0.032212175
178	463	0.029817734
178	62	0.02947758
178	346	0.027065482
178	256	0.025754828
178	822	0.025214972
178	474	0.023603009
178	59	0.022173308
178	320	0.021921154
179	1188	0.033747777
179	452	0.031695988
179	408	0.029682212
179	209	0.028610108
179	453	0.025601609
179	1250	0.021502778
179	147	0.021084996
179	865	0.02075492
179	1530	0.020744385
179	1189	0.020245437
180	68	0.038362645
180	719	0.036507323
180	71	0.03536208
180	53	0.034596715
180	784	0.034475476
180	680	0.033778317
180	151	0.033646144
180	139	0.033296917
180	0	0.033192065
180	842	0.031219466
181	318	0.020445595
181	334	0.017876081
181	352	0.0148356
181	283	0.014596832
181	584	0.013816306
181	376	0.013795655
181	298	0.013743666
181	492	0.013601832
181	145	0.013468566
181	793	0.01314247
182	1481	0.032459043
182	1177	0.031173658
182	143	0.030371157
182	304	0.028499812
182	1292	0.028013555
182	1589	0.02777776
182	1488	0.027338091
182	236	0.027214238
182	326	0.026696295
182	286	0.026545988
183	1189	0.022524482
183	1102	0.020893028
183	408	0.019411216
183	204	0.019148225
183	640	0.01841443
183	2	0.018380087
183	410	0.017681746
183	465	0.017681316
183	1089	0.017114202
183	257	0.01699656
184	452	0.06361129
184	398	0.051420774
184	209	0.0500668
184	865	0.048926614
184	408	0.04700062
184	134	0.043812208
184	940	0.043017767
184	783	0.041602504
184	422	0.04109605
184	1532	0.038719844
185	750	0.01907359
185	518	0.017867407
185	1431	0.01765123
185	477	0.016952539
185	736	0.016325938
185	186	0.016316356
185	915	0.016063487
185	1165	0.01593611
185	1615	0.015171837
185	360	0.015049684
186	381	0.037232388
186	144	0.033171304
186	719	0.033055373
186	25	0.032418553
186	68	0.032340657
186	64	0.030074965
186	109	0.02978788
186	53	0.029659651
186	46	0.029477272
186	70	0.028835483
187	1193	0.04154943
187	652	0.03724019
187	961	0.03408384
187	1089	0.02908506
187	124	0.02872887
187	27	0.027541077
187	1374	0.027471524
187	16	0.027329752
187	907	0.026617572
187	1064	0.02598627
188	483	0.018326951
188	842	0.017148986
188	638	0.017032726
188	18	0.01597733
188	681	0.015788982
188	345	0.015370119
188	25	0.015291792
188	162	0.015057624
188	46	0.0150531195
188	195	0.014916068
189	987	0.036621474
189	79	0.034830466
189	518	0.025157202
189	756	0.022205817
189	226	0.021879328
189	53	0.020576354
189	1450	0.019522024
189	562	0.018376196
189	276	0.01802217
189	82	0.017885953
190	22	0.03355938
190	245	0.032924842
190	1007	0.030642875
190	7	0.02901244
190	21	0.02881799
190	1390	0.027546575
190	652	0.027496269
190	1193	0.027052818
190	1269	0.026878692
190	350	0.026838046
191	258	0.018250111
191	915	0.017893849
191	162	0.01709086
191	432	0.017063756
191	83	0.0149372
191	700	0.014760033
191	34	0.014639831
191	483	0.014598401
191	681	0.014481993
191	908	0.014301696
192	384	0.03140502
192	377	0.03034767
192	1492	0.0257996
192	367	0.022851242
192	1518	0.022368964
192	168	0.022306481
192	270	0.021905476
192	1002	0.02034154
192	249	0.02003737
192	128	0.019668894
193	36	0.021150297
193	225	0.019553216
193	33	0.019054532
193	123	0.018872883
193	195	0.018601544
193	279	0.018465264
193	73	0.01686994
193	318	0.01679356
193	296	0.01678357
193	43	0.016731558
194	83	0.022284385
194	187	0.021663725
194	476	0.02010117
194	345	0.01646865
194	480	0.016250683
194	283	0.016235584
194	854	0.015518183
194	201	0.015303128
194	1516	0.014890372
194	363	0.014737338
195	88	0.024602203
195	118	0.023774644
195	144	0.022895714
195	223	0.021417432
195	487	0.021148516
195	773	0.020947082
195	0	0.0196812
195	225	0.019680634
195	915	0.019648334
195	908	0.019574916
196	941	0.017474456
196	923	0.016649354
196	126	0.016074985
196	194	0.01606044
196	364	0.014884165
196	942	0.014412903
196	1358	0.014358311
196	432	0.01321643
196	1360	0.013197003
196	1390	0.012789322
197	271	0.021169428
197	204	0.02078902
197	108	0.01913144
197	23	0.0181972
197	812	0.016476838
197	24	0.01601693
197	1219	0.01584015
197	1241	0.015600588
197	184	0.015402145
197	61	0.015063285
198	123	0.026735768
198	334	0.024213336
198	364	0.023845894
198	949	0.023063745
198	268	0.022397434
198	335	0.021438334
198	282	0.020077735
198	285	0.01964238
198	361	0.019132253
198	283	0.018927483
199	835	0.03265793
199	833	0.03128904
199	2	0.023424167
199	1303	0.023420086
199	146	0.02187866
199	746	0.021678645
199	836	0.021642886
199	1292	0.021016616
199	332	0.020984013
199	19	0.020234326
200	292	0.025536217
200	181	0.024934776
200	909	0.018890774
200	317	0.018297108
200	1023	0.017182557
200	216	0.016686874
200	378	0.016652755
200	408	0.016465355
200	290	0.015447858
200	115	0.015127586
201	53	0.029897302
201	144	0.02517138
201	175	0.024396913
201	383	0.024295311
201	18	0.02416628
201	784	0.02275096
201	842	0.022694388
201	719	0.022202041
201	680	0.021758817
201	491	0.021583783
202	286	0.031840634
202	326	0.031486988
202	243	0.025708148
202	55	0.025483841
202	625	0.023261076
202	142	0.022350715
202	1141	0.021319536
202	236	0.01940604
202	1113	0.01927255
202	931	0.01887987
203	1064	0.037667774
203	196	0.032614168
203	477	0.03122488
203	257	0.03102101
203	287	0.027070895
203	962	0.025292391
203	61	0.024940139
203	410	0.023694761
203	905	0.02357175
203	23	0.022897866
204	306	0.025959868
204	1114	0.024171062
204	280	0.021357456
204	970	0.02106869
204	961	0.020944554
204	378	0.019392008
204	257	0.019288046
204	1276	0.018823706
204	15	0.01816141
204	763	0.017809782
205	118	0.022183495
205	1082	0.018974233
205	1193	0.017332774
205	885	0.016419932
205	74	0.016147994
205	196	0.015994491
205	907	0.015369173
205	908	0.015181769
205	915	0.015117503
205	1054	0.014787977
206	326	0.023915764
206	232	0.020987533
206	283	0.020011004
206	1185	0.019386495
206	243	0.018193537
206	1141	0.017933318
206	250	0.017648285
206	491	0.017595012
206	94	0.017565183
206	290	0.017292954
207	252	0.016820973
207	481	0.014991326
207	12	0.014858674
207	483	0.014801461
207	908	0.014293126
207	480	0.0138806105
207	47	0.0137629835
207	785	0.013597815
207	290	0.013583958
207	638	0.013579961
208	181	0.06334813
208	359	0.06194311
208	482	0.061184824
208	909	0.056199923
208	292	0.052126884
208	1260	0.050633866
208	194	0.047180317
208	317	0.04705854
208	343	0.04675851
208	209	0.043111812
209	1358	0.036898214
209	1230	0.026802035
209	688	0.02548791
209	514	0.025345316
209	258	0.02505175
209	42	0.024318088
209	549	0.023756707
209	1348	0.023397692
209	690	0.023356294
209	1569	0.023239434
210	886	0.02155685
210	10	0.020663057
210	706	0.019849364
210	330	0.01939611
210	160	0.018515445
210	243	0.018303897
210	58	0.017364012
210	53	0.017099421
210	345	0.016828978
210	280	0.016520413
211	466	0.02493583
211	460	0.021310432
211	457	0.02060266
211	459	0.019862453
211	148	0.019807903
211	455	0.018869614
211	139	0.018088063
211	0	0.0180819
211	144	0.01784636
211	433	0.017621255
212	1487	0.02433711
212	508	0.024144098
212	1302	0.023065915
212	435	0.022554735
212	1386	0.021462146
212	342	0.020759478
212	1348	0.020685893
212	1551	0.020326555
212	1511	0.02003721
212	935	0.019287929
213	962	0.02919657
213	1548	0.028008513
213	852	0.027289234
213	634	0.025531312
213	850	0.024885662
213	1359	0.02475605
213	1291	0.024540396
213	1502	0.024528926
213	1580	0.024011629
213	1033	0.023860432
214	113	0.041392066
214	22	0.029306138
214	12	0.025249282
214	205	0.023685176
214	1360	0.023247154
214	40	0.02164087
214	1305	0.021591436
214	20	0.021099834
214	2	0.02043317
214	14	0.019989686
215	1051	0.047475968
215	1547	0.043665722
215	795	0.043119904
215	1560	0.043094505
215	1036	0.041764177
215	505	0.041070394
215	1379	0.04094467
215	1396	0.040922094
215	845	0.040787492
215	1048	0.040665604
216	477	0.03450575
216	92	0.028771365
216	1481	0.028086271
216	1491	0.027811665
216	236	0.024838021
216	1478	0.024501737
216	740	0.02342342
216	117	0.023256276
216	1615	0.022670047
216	1392	0.022500806
217	1082	0.049522415
217	555	0.041971467
217	638	0.038051575
217	785	0.035010226
217	409	0.032769617
217	681	0.031762633
217	177	0.028600212
217	993	0.026262835
217	1193	0.024401985
217	329	0.023959452
218	306	0.042909417
218	344	0.031921472
218	257	0.02964394
218	970	0.028852388
218	11	0.028484
218	13	0.02807977
218	125	0.025820022
218	854	0.025780452
218	20	0.025394483
218	1423	0.025163723
219	58	0.03199732
219	123	0.02845655
219	149	0.025710987
219	483	0.022727804
219	384	0.022171723
219	162	0.021661956
219	47	0.021213109
219	163	0.020834066
219	53	0.019767214
219	95	0.019640671
220	256	0.031733908
220	474	0.027961137
220	62	0.02592209
220	463	0.025861697
220	334	0.024108568
220	348	0.023515258
220	277	0.021792198
220	326	0.020876456
220	318	0.020584047
220	142	0.019984676
221	379	0.036856856
221	166	0.030069856
221	763	0.028712073
221	1404	0.022970965
221	384	0.021241028
221	334	0.020325603
221	249	0.020274846
221	367	0.020048946
221	1492	0.01956217
221	371	0.019373672
222	456	0.05320453
222	457	0.045557838
222	464	0.02383769
222	157	0.023694055
222	151	0.021653093
222	373	0.019267676
222	226	0.018843275
222	53	0.017893637
222	68	0.017563345
222	795	0.017437764
223	396	0.029452734
223	91	0.024821335
223	100	0.023091028
223	358	0.021797232
223	756	0.02169028
223	393	0.020696819
223	337	0.020169908
223	800	0.020138612
223	248	0.019214934
223	1329	0.019157156
224	945	0.0288273
224	79	0.028139606
224	1204	0.02781192
224	1276	0.026896805
224	11	0.026884152
224	1392	0.026656633
224	581	0.026546156
224	120	0.026158797
224	1245	0.025438562
224	748	0.023365326
225	329	0.024005778
225	1082	0.018175056
225	117	0.017560458
225	330	0.017453881
225	384	0.01736633
225	344	0.016674586
225	1113	0.01619413
225	473	0.015982306
225	424	0.015426459
225	351	0.0154054295
226	444	0.025276843
226	1133	0.022841478
226	775	0.022497697
226	440	0.02180728
226	580	0.0202971
226	356	0.020244772
226	792	0.018700914
226	33	0.018695384
226	1057	0.01828845
226	441	0.018203229
227	343	0.033050403
227	317	0.030984681
227	482	0.030541765
227	181	0.026858453
227	298	0.026644826
227	909	0.02577357
227	406	0.025733866
227	243	0.024411974
227	123	0.023399003
227	693	0.023069154
228	474	0.034663238
228	62	0.028708689
228	498	0.025848983
228	287	0.020984868
228	311	0.019687412
228	333	0.019290447
228	844	0.018638656
228	849	0.018544283
228	372	0.018139886
228	36	0.018121757
229	103	0.041710366
229	0	0.03723361
229	105	0.036515124
229	487	0.033979986
229	222	0.03223482
229	48	0.032099605
229	273	0.031667914
229	66	0.031455085
229	383	0.030991763
229	428	0.030305626
230	326	0.028810032
230	1358	0.026896037
230	1415	0.022894304
230	1067	0.020641554
230	231	0.0197046
230	703	0.019175071
230	1046	0.018862357
230	714	0.017844845
230	632	0.017667226
230	54	0.017550362
231	58	0.025122194
231	969	0.023955116
231	123	0.018492106
231	465	0.01847411
231	142	0.018262563
231	286	0.018056363
231	155	0.017357362
231	243	0.016467711
231	252	0.01628863
231	947	0.016234055
232	47	0.031070895
232	25	0.030489054
232	162	0.02680636
232	163	0.02459183
232	10	0.021863576
232	69	0.01979005
232	43	0.01962969
232	330	0.01945254
232	53	0.018847298
232	141	0.018564506
233	775	0.047742203
233	422	0.04435033
233	783	0.04386616
233	1188	0.041957915
233	452	0.041423902
233	394	0.04031625
233	398	0.040223163
233	408	0.040170614
233	612	0.03921947
233	1135	0.036376018
234	97	0.02613301
234	199	0.025870327
234	185	0.025450297
234	42	0.023373496
234	1023	0.021188725
234	690	0.02110078
234	163	0.02086617
234	86	0.020513069
234	0	0.02050175
234	703	0.019982116
235	148	0.041596297
235	157	0.037725717
235	103	0.023866955
235	68	0.021815704
235	48	0.020474574
235	44	0.017478878
235	273	0.017033713
235	71	0.015746268
235	42	0.015338
235	1403	0.015018925
236	273	0.024217525
236	175	0.023725543
236	383	0.022907013
236	298	0.021658493
236	151	0.021487135
236	68	0.02146678
236	246	0.020370865
236	67	0.020324785
236	373	0.019973459
236	46	0.019643882
237	119	0.026295278
237	784	0.021195672
237	196	0.02048728
237	1064	0.020299742
237	129	0.019930467
237	2	0.019744145
237	1193	0.019473312
237	915	0.017670577
237	1082	0.017500885
237	164	0.017385809
238	1008	0.02951252
238	983	0.028850058
238	975	0.028426697
238	2	0.026731506
238	8	0.025409795
238	1400	0.023349965
238	119	0.023274494
238	81	0.0230837
238	908	0.02185918
238	1193	0.021462277
239	1605	0.029686883
239	972	0.027266579
239	973	0.026582299
239	1378	0.024606343
239	1057	0.023657516
239	1609	0.022431217
239	63	0.021814229
239	1631	0.02109298
239	1309	0.020856498
239	570	0.02077224
240	68	0.02624649
240	381	0.023906088
240	139	0.022096649
240	719	0.021958183
240	267	0.02185834
240	221	0.021685015
240	271	0.021580337
240	148	0.02141197
240	70	0.020827256
240	216	0.02048451
241	877	0.023237187
241	547	0.021462876
241	1319	0.018346414
241	123	0.01811132
241	53	0.017497957
241	246	0.017447973
241	362	0.017241362
241	371	0.016977476
241	740	0.016816456
241	763	0.016016845
242	256	0.030526934
242	29	0.024653964
242	258	0.02365583
242	1348	0.022669457
242	75	0.02211949
242	164	0.02178731
242	46	0.021596028
242	564	0.020798365
242	287	0.020119967
242	67	0.019944793
243	344	0.0315342
243	23	0.027850598
243	269	0.024200652
243	164	0.02401375
243	130	0.02381756
243	74	0.022962896
243	378	0.022456938
243	43	0.021396585
243	51	0.019826103
243	204	0.019683043
244	1517	0.02203317
244	417	0.021662518
244	389	0.019852335
244	286	0.019487184
244	989	0.017942416
244	58	0.017893
244	774	0.017658615
244	638	0.017109007
244	232	0.016540596
244	231	0.016477074
245	103	0.034929164
245	42	0.030586716
245	71	0.030413833
245	381	0.029497866
245	0	0.027642222
245	70	0.026326412
245	72	0.025197677
245	47	0.022740923
245	428	0.022731321
245	719	0.022020945
246	378	0.048960485
246	82	0.032000963
246	1256	0.029005691
246	1002	0.028042184
246	1271	0.025532702
246	1267	0.025027443
246	120	0.023492089
246	257	0.023191707
246	1266	0.021980708
246	1598	0.020925095
247	345	0.027731748
247	87	0.024407983
247	58	0.021776386
247	379	0.021017572
247	149	0.020091036
247	409	0.019244468
247	763	0.019020975
247	360	0.01753509
247	155	0.017381549
247	412	0.016604349
248	59	0.033150222
248	115	0.03072692
248	62	0.024135167
248	333	0.023990998
248	202	0.022702787
248	1352	0.02046366
248	185	0.016431933
248	287	0.016357059
248	676	0.016237274
248	641	0.015562623
249	118	0.041605245
249	452	0.036253873
249	209	0.034388628
249	1188	0.03430961
249	1135	0.030916328
249	769	0.03074055
249	21	0.029076101
249	398	0.024904791
249	612	0.023529146
249	407	0.023147829
250	74	0.024218185
250	414	0.022763602
250	204	0.022616504
250	290	0.021503827
250	47	0.019161057
250	221	0.019071467
250	130	0.017158655
250	286	0.016786948
250	58	0.016652387
250	811	0.016348224
251	786	0.034790676
251	789	0.027680429
251	115	0.024808615
251	677	0.023882547
251	1244	0.02307619
251	676	0.021174682
251	202	0.020910142
251	1352	0.020604817
251	147	0.018452523
251	44	0.018297179
252	768	0.02642877
252	402	0.0263935
252	0	0.025162037
252	147	0.023929251
252	334	0.023843657
252	168	0.023271715
252	802	0.022695305
252	199	0.022104189
252	868	0.021284508
252	465	0.021123094
253	216	0.027058192
253	221	0.02138204
253	396	0.020489197
253	465	0.019466707
253	796	0.019104652
253	44	0.019081615
253	811	0.01901524
253	1017	0.01887416
253	204	0.018592061
253	981	0.018397603
254	258	0.025536995
254	1557	0.02494739
254	1348	0.024579722
254	119	0.023093311
254	1563	0.023033073
254	410	0.02125034
254	1193	0.020407708
254	839	0.020206125
254	216	0.019622786
254	1421	0.019326637
255	66	0.046248052
255	157	0.03895298
255	151	0.037755456
255	139	0.025960812
255	71	0.024890421
255	381	0.024114903
255	70	0.023229415
255	225	0.02260957
255	53	0.021778962
255	48	0.018701572
256	157	0.03336414
256	151	0.031985987
256	103	0.020605886
256	68	0.019926334
256	853	0.013118901
256	1235	0.01303933
256	48	0.012796789
256	1403	0.012597199
256	71	0.011612941
256	273	0.011465548
257	94	0.027509807
257	290	0.023075243
257	334	0.022700524
257	283	0.022133328
257	402	0.019953039
257	59	0.019888358
257	232	0.019599097
257	463	0.019186711
257	256	0.018739682
257	1023	0.018700117
258	22	0.035317164
258	778	0.033268128
258	908	0.028088797
258	117	0.027214505
258	245	0.026963508
258	7	0.025342824
258	8	0.02459152
258	17	0.024001362
258	136	0.023982598
258	124	0.023324717
259	157	0.04158223
259	71	0.029497927
259	139	0.028537514
259	225	0.023339514
259	48	0.02263988
259	70	0.022280829
259	256	0.020132191
259	273	0.019160792
259	72	0.018698344
259	44	0.01808097
260	151	0.027731936
260	148	0.027729465
260	66	0.027708793
260	381	0.026039923
260	164	0.025919631
260	71	0.02580273
260	36	0.025482409
260	221	0.02491385
260	67	0.024907652
260	842	0.023843782
261	1189	0.029715138
261	1281	0.02771557
261	564	0.026521718
261	396	0.026311439
261	392	0.025817055
261	1148	0.025670439
261	752	0.025436325
261	206	0.02419035
261	903	0.024053385
261	411	0.023714306
262	814	0.04746912
262	604	0.03782417
262	51	0.03533809
262	43	0.034937426
262	477	0.033039626
262	1038	0.032434702
262	475	0.032138374
262	1157	0.02805035
262	720	0.027346017
262	337	0.027143976
263	1064	0.029107893
263	189	0.029081758
263	1544	0.027159223
263	1072	0.026382644
263	962	0.025777718
263	1082	0.025440155
263	303	0.025169866
263	821	0.022806736
263	419	0.021593532
263	1431	0.02154179
264	186	0.03037779
264	86	0.027299173
264	33	0.025889095
264	483	0.023999084
264	43	0.023371367
264	421	0.022909358
264	259	0.02283529
264	202	0.021670658
264	331	0.020696566
264	471	0.020207832
265	148	0.040505957
265	151	0.03931087
265	103	0.03728942
265	66	0.03592047
265	68	0.034866635
265	71	0.033292048
265	53	0.03315145
265	381	0.03205934
265	48	0.027149556
265	47	0.021878855
266	151	0.024545195
266	139	0.019982364
266	175	0.019398091
266	402	0.018951131
266	609	0.018145155
266	44	0.018137697
266	806	0.01805014
266	141	0.017538212
266	42	0.017323056
266	148	0.0156815
267	378	0.0429905
267	306	0.04268921
267	1023	0.032394554
267	115	0.030306822
267	826	0.023160696
267	1624	0.023113754
267	130	0.022949351
267	993	0.020198325
267	905	0.019749722
267	149	0.018299814
268	1131	0.03250993
268	523	0.029036254
268	1587	0.02684029
268	1416	0.02663237
268	180	0.026064316
268	81	0.026014145
268	987	0.025957536
268	52	0.025933119
268	1318	0.02571336
268	79	0.025704954
269	148	0.041865315
269	103	0.038181584
269	381	0.03523964
269	48	0.033461183
269	53	0.03197801
269	25	0.028488824
269	225	0.027109046
269	175	0.026370373
269	70	0.025933728
269	719	0.025511868
270	326	0.03127637
270	283	0.026411477
270	290	0.024968775
270	142	0.022629797
270	64	0.01990082
270	383	0.019130547
270	226	0.017834753
270	773	0.017376354
270	363	0.017276231
270	877	0.01680816
271	22	0.026000448
271	2	0.025975809
271	137	0.022724435
271	12	0.022160595
271	113	0.021415146
271	424	0.021121701
271	119	0.02075015
271	362	0.020125251
271	67	0.01964838
271	778	0.018867696
272	181	0.044295263
272	909	0.03877689
272	406	0.03442615
272	400	0.03426347
272	482	0.03180562
272	146	0.030773604
272	114	0.030717192
272	1608	0.0300709
272	1158	0.029455075
272	910	0.029279428
273	286	0.03253988
273	94	0.032097492
273	414	0.030844385
273	290	0.028816195
273	326	0.02822572
273	153	0.026108379
273	803	0.025077736
273	123	0.024736233
273	142	0.02170314
273	232	0.021385174
274	196	0.04529114
274	555	0.028225597
274	189	0.024009144
274	164	0.022474453
274	904	0.021961886
274	64	0.020969395
274	351	0.020529173
274	149	0.017836178
274	246	0.01740188
274	230	0.01737331
275	139	0.033937693
275	42	0.033583414
275	44	0.032920334
275	25	0.03009305
275	71	0.0295581
275	68	0.027832724
275	69	0.027345808
275	719	0.027077155
275	680	0.026767118
275	151	0.026388092
276	773	0.02604892
276	432	0.024744801
276	908	0.023658019
276	915	0.023600526
276	266	0.023215411
276	329	0.022516146
276	424	0.021364534
276	18	0.01992264
276	1094	0.018833568
276	571	0.01763364
277	66	0.029918851
277	148	0.025598614
277	157	0.025323726
277	182	0.0232686
277	343	0.022302018
277	29	0.02214132
277	225	0.02147947
277	428	0.021139698
277	286	0.020773275
277	383	0.020657206
278	92	0.026495669
278	477	0.026006693
278	23	0.023771688
278	345	0.019446295
278	371	0.018737188
278	10	0.018572332
278	13	0.017200764
278	123	0.016630456
278	87	0.016551444
278	54	0.015380168
279	385	0.05005062
279	451	0.037658248
279	949	0.025879333
279	388	0.023193588
279	282	0.022193853
279	915	0.02195186
279	176	0.021742381
279	1206	0.020452764
279	908	0.019457048
279	350	0.019317951
280	1404	0.029211327
280	969	0.02797185
280	482	0.027865417
280	909	0.027412182
280	56	0.023313131
280	889	0.022173142
280	1260	0.021831846
280	94	0.02166383
280	976	0.02108714
280	1525	0.020692607
281	164	0.02421878
281	36	0.023394287
281	331	0.02134585
281	648	0.020582654
281	259	0.020234829
281	67	0.020223854
281	71	0.020217013
281	518	0.020208742
281	47	0.0199898
281	72	0.019912977
282	166	0.027679399
282	171	0.024200177
282	123	0.02312306
282	58	0.020315338
282	94	0.019456824
282	334	0.019444674
282	314	0.018258676
282	1002	0.01809534
282	384	0.017677706
282	377	0.017652312
283	142	0.032889504
283	232	0.023627592
283	1381	0.022396475
283	795	0.022362825
283	330	0.019838788
283	1545	0.019674996
283	318	0.019589942
283	47	0.019582007
283	283	0.019356003
283	1163	0.019021356
284	326	0.030107848
284	43	0.024808567
284	142	0.023320718
284	51	0.020676464
284	44	0.019423205
284	769	0.019248115
284	247	0.019012129
284	25	0.0187811
284	680	0.018366158
284	94	0.018208489
285	1292	0.045303304
285	1488	0.04061478
285	236	0.03996185
285	1481	0.03960347
285	1182	0.039072376
285	1178	0.038060907
285	1361	0.037766792
285	1474	0.037304144
285	1184	0.033955343
285	834	0.03344488
286	1237	0.022842221
286	1219	0.020273373
286	898	0.020158378
286	1404	0.020113884
286	854	0.020020196
286	1286	0.019468527
286	904	0.018814536
286	1598	0.018726818
286	473	0.016456924
286	476	0.015879164
287	256	0.04794158
287	333	0.03755284
287	1188	0.032487124
287	408	0.03071219
287	452	0.030440448
287	372	0.029230785
287	407	0.028635928
287	287	0.026546262
287	348	0.026375106
287	303	0.025836153
288	118	0.030978717
288	981	0.026590075
288	934	0.024833858
288	21	0.024339223
288	269	0.023652343
288	56	0.019003086
288	59	0.016560638
288	1525	0.016518734
288	493	0.016093284
288	1193	0.015835758
289	68	0.035278924
289	72	0.031516813
289	719	0.031385843
289	29	0.03128083
289	381	0.031118166
289	144	0.03105042
289	71	0.030751325
289	25	0.030517004
289	157	0.030368732
289	151	0.029945433
290	394	0.03628629
290	884	0.028941544
290	714	0.028147753
290	612	0.027594661
290	775	0.027529392
290	783	0.027457831
290	865	0.024910947
290	1392	0.023589458
290	134	0.023263017
290	231	0.02302354
291	53	0.03659462
291	151	0.032126468
291	157	0.031091025
291	66	0.029061241
291	48	0.028739117
291	381	0.027773531
291	68	0.027133174
291	719	0.025601078
291	72	0.024148175
291	42	0.023809714
292	265	0.040345963
292	162	0.038492534
292	483	0.034084186
292	107	0.02832797
292	562	0.025078034
292	69	0.024557965
292	163	0.024153773
292	149	0.02077171
292	471	0.019481085
292	25	0.019098882
293	204	0.0393665
293	811	0.034670044
293	216	0.033801366
293	569	0.03216981
293	221	0.03126038
293	200	0.03090085
293	113	0.027802924
293	1023	0.022918224
293	20	0.021190643
293	218	0.020974066
294	66	0.030452183
294	148	0.030289141
294	157	0.027564548
294	139	0.025159018
294	273	0.021053044
294	48	0.020094693
294	175	0.018428281
294	162	0.017939636
294	103	0.01772241
294	123	0.017630732
295	181	0.05345554
295	406	0.048496917
295	909	0.046609282
295	194	0.041948166
295	1260	0.0412746
295	400	0.040728778
295	298	0.033972926
295	343	0.03130774
295	73	0.030705912
295	209	0.029620893
296	23	0.025675787
296	61	0.023470903
296	648	0.022801178
296	555	0.020531278
296	784	0.019466
296	256	0.019447977
296	45	0.019019946
296	216	0.018883994
296	471	0.018207643
296	119	0.017949838
297	306	0.035031743
297	378	0.03133961
297	10	0.028058182
297	344	0.025677886
297	477	0.025315674
297	114	0.024859222
297	123	0.023497455
297	181	0.023373239
297	763	0.023298828
297	13	0.022128798
298	889	0.031649135
298	934	0.02967191
298	267	0.029585777
298	130	0.029189792
298	808	0.022442682
298	958	0.022226825
298	274	0.022034492
298	61	0.021654172
298	57	0.020963764
298	1419	0.02013342
299	456	0.07782244
299	459	0.073067024
299	455	0.063062854
299	457	0.06244816
299	461	0.0617127
299	1578	0.0358633
299	462	0.03197322
299	1462	0.030484838
299	1604	0.028479952
299	649	0.027778616
300	376	0.040370975
300	94	0.03795738
300	368	0.032623935
300	318	0.031530783
300	219	0.031230442
300	365	0.030762753
300	286	0.03026415
300	346	0.027734691
300	326	0.027361093
300	357	0.025374364
301	11	0.04136854
301	118	0.038456302
301	1193	0.034692563
301	124	0.028116561
301	1376	0.027203599
301	7	0.026839368
301	27	0.026579292
301	15	0.024936313
301	1375	0.02335128
301	597	0.02256637
302	775	0.049774773
302	422	0.04555212
302	134	0.04312362
302	398	0.04120596
302	98	0.03913201
302	15	0.03539621
302	127	0.034734838
302	408	0.03326076
302	884	0.033247143
302	1188	0.032961115
303	931	0.026581876
303	1085	0.026580742
303	1142	0.0263804
303	160	0.02558559
303	1055	0.024811624
303	128	0.02413503
303	752	0.023808615
303	589	0.023659077
303	377	0.022860344
303	51	0.022401093
304	195	0.031029997
304	61	0.029184505
304	651	0.02818552
304	33	0.025083771
304	87	0.022312757
304	303	0.021613106
304	285	0.021589218
304	93	0.021464758
304	812	0.020492842
304	267	0.020299727
305	640	0.0194516
305	981	0.019311937
305	650	0.017223923
305	396	0.016507389
305	24	0.016359795
305	1237	0.015773354
305	93	0.015737122
305	35	0.015372787
305	36	0.015245401
305	325	0.01490723
306	256	0.03798252
306	303	0.030474575
306	333	0.029485336
306	291	0.027441563
306	372	0.02429104
306	182	0.02379655
306	62	0.02288095
306	286	0.021265721
306	340	0.020953083
306	348	0.019839186
307	68	0.036060937
307	381	0.03593334
307	157	0.03553468
307	139	0.035154767
307	151	0.03498351
307	148	0.03472147
307	53	0.032631483
307	72	0.03071309
307	225	0.025859928
307	144	0.024875022
308	625	0.028100185
308	373	0.021472054
308	389	0.01778118
308	226	0.017415365
308	322	0.016097335
308	69	0.013514503
308	1138	0.013481023
308	166	0.013431861
308	521	0.013236247
308	1517	0.013233802
309	1376	0.03359216
309	1416	0.027216988
309	1350	0.022385325
309	1505	0.022204908
309	602	0.021945806
309	664	0.021814814
309	707	0.0204249
309	240	0.020171633
309	1607	0.019677777
309	1260	0.019675393
310	175	0.02348392
310	250	0.023252223
310	151	0.022457564
310	48	0.022237653
310	157	0.020993289
310	222	0.02068824
310	42	0.020231431
310	148	0.019987136
310	47	0.019969095
310	71	0.019587038
311	157	0.040735546
311	103	0.038432885
311	139	0.033276252
311	48	0.029522924
311	72	0.02718515
311	70	0.02628264
311	25	0.02585972
311	53	0.024657011
311	0	0.023554366
311	59	0.022961723
312	1188	0.06288657
312	452	0.060869463
312	453	0.050788946
312	394	0.04868058
312	612	0.04677727
312	104	0.045073237
312	134	0.039900806
312	940	0.037888233
312	422	0.03716043
312	783	0.035422817
313	256	0.04014776
313	303	0.040003166
313	287	0.03660361
313	348	0.03252101
313	385	0.027608508
313	269	0.02669316
313	32	0.026171943
313	878	0.025604457
313	596	0.025125269
313	340	0.024923237
314	148	0.039008968
314	103	0.037645835
314	151	0.0371049
314	68	0.032660384
314	25	0.024442516
314	48	0.022345833
314	72	0.020103771
314	47	0.018991003
314	36	0.017775865
314	42	0.016854245
315	175	0.029515631
315	64	0.026636448
315	67	0.026355192
315	47	0.026336323
315	29	0.025157094
315	216	0.025050374
315	547	0.023538912
315	383	0.023474548
315	147	0.022548394
315	223	0.022540942
316	286	0.038952082
316	148	0.025285512
316	232	0.02196712
316	44	0.021384941
316	42	0.020957232
316	294	0.020826923
316	58	0.019702125
316	94	0.01909231
316	318	0.018734202
316	803	0.018453088
317	784	0.02654478
317	381	0.025803333
317	495	0.02548792
317	216	0.025247296
317	72	0.024972709
317	680	0.024737934
317	129	0.02470742
317	221	0.023687026
317	144	0.023390686
317	202	0.023046961
318	219	0.0421459
318	323	0.039352227
318	66	0.028831067
318	42	0.025694298
318	822	0.025651855
318	1201	0.02123134
318	139	0.020338085
318	874	0.01957232
318	856	0.019525066
318	995	0.019343717
319	1051	0.04849678
319	1560	0.047184885
319	1481	0.0471752
319	1297	0.044980466
319	1397	0.042946253
319	795	0.042329364
319	561	0.03980104
319	510	0.039760444
319	1045	0.03924751
319	1358	0.03877842
320	216	0.04012274
320	569	0.029188607
320	811	0.026058557
320	1136	0.024649333
320	385	0.023840118
320	418	0.023355508
320	195	0.021176869
320	364	0.020824295
320	1241	0.02049789
320	413	0.0204186
321	123	0.043252323
321	168	0.032499097
321	306	0.026887076
321	886	0.024772238
321	437	0.024518143
321	141	0.024109848
321	1113	0.023963068
321	132	0.023782127
321	149	0.022720503
321	377	0.02198133
322	276	0.03294898
322	192	0.032410897
322	1358	0.02910778
322	1043	0.02457219
322	1230	0.024369275
322	1622	0.021473335
322	690	0.021016404
322	1464	0.020853145
322	727	0.020797884
322	524	0.020332078
323	358	0.037939772
323	337	0.033985686
323	287	0.02862901
323	269	0.027621655
323	87	0.027520012
323	62	0.026677467
323	303	0.026508784
323	53	0.025955321
323	58	0.025510151
323	333	0.025043556
324	200	0.03267566
324	204	0.029755034
324	783	0.027037336
324	394	0.026371436
324	221	0.025104286
324	868	0.024933707
324	402	0.023744557
324	403	0.02292505
324	769	0.022439968
324	24	0.021853738
325	1219	0.027680457
325	648	0.026592525
325	924	0.021670248
325	822	0.021201834
325	996	0.021003898
325	878	0.020980027
325	62	0.020843554
325	994	0.020733183
325	706	0.020145204
325	995	0.0199389
326	21	0.030587375
326	59	0.028127115
326	769	0.024533216
326	53	0.022767311
326	269	0.022689123
326	129	0.022417614
326	148	0.021374596
326	256	0.021111581
326	25	0.021033103
326	1193	0.020775292
327	124	0.033198263
327	923	0.032883063
327	1524	0.029787786
327	839	0.02919222
327	1474	0.028914085
327	598	0.02790298
327	1513	0.024710048
327	1590	0.024082532
327	1531	0.023137292
327	884	0.022718675
328	139	0.036225814
328	157	0.03474133
328	148	0.034407508
328	68	0.03190508
328	103	0.030457055
328	44	0.028130164
328	381	0.028035598
328	71	0.027967963
328	42	0.027448999
328	225	0.02693678
329	66	0.039275948
329	48	0.036336757
329	68	0.03528546
329	139	0.033392742
329	42	0.032266155
329	72	0.029593652
329	71	0.029407624
329	381	0.02929203
329	0	0.029088255
329	680	0.028053164
330	937	0.02411199
330	226	0.021717146
330	1003	0.021472823
330	426	0.019297766
330	123	0.018821858
330	518	0.017702783
330	54	0.017595895
330	1508	0.01707192
330	1495	0.0167753
330	370	0.01538738
331	67	0.029876467
331	216	0.027861835
331	64	0.024030464
331	719	0.023110518
331	66	0.022776142
331	221	0.022702143
331	18	0.022378735
331	68	0.02212599
331	652	0.021974513
331	487	0.021880694
332	0	0.037443064
332	103	0.037360277
332	139	0.03716152
332	381	0.035184342
332	428	0.0350688
332	29	0.0348818
332	70	0.03381702
332	487	0.033520892
332	719	0.033492837
332	680	0.032862015
333	124	0.03008035
333	1007	0.029005654
333	2	0.028532287
333	1193	0.027525378
333	19	0.027138256
333	1089	0.026376823
333	20	0.026041232
333	908	0.02595038
333	1204	0.02445507
333	8	0.024299338
334	256	0.03297943
334	269	0.032547638
334	59	0.031828403
334	33	0.029548606
334	270	0.02896501
334	345	0.028099153
334	372	0.026970342
334	385	0.02645617
334	62	0.026314484
334	287	0.025834227
335	181	0.030958576
335	482	0.024929542
335	406	0.024018606
335	117	0.022220757
335	359	0.02206174
335	194	0.020594446
335	317	0.020565381
335	909	0.019608123
335	298	0.019029982
335	1305	0.01865425
336	1051	0.043351892
336	1381	0.038379893
336	1560	0.037627697
336	1045	0.03606535
336	224	0.03198078
336	1036	0.03150143
336	1322	0.030846301
336	735	0.03076566
336	633	0.0284327
336	1379	0.02754995
337	103	0.031513583
337	25	0.02995304
337	0	0.029425554
337	105	0.029105501
337	487	0.028933344
337	383	0.028742623
337	381	0.02868338
337	222	0.028481672
337	48	0.027831145
337	491	0.027639879
338	59	0.02428904
338	108	0.024020445
338	221	0.0235725
338	36	0.021199279
338	127	0.020474717
338	40	0.020133408
338	414	0.020113185
338	171	0.019967927
338	204	0.0197617
338	109	0.01952286
339	68	0.022025457
339	64	0.021534007
339	46	0.021331256
339	247	0.020906258
339	66	0.02074595
339	491	0.020742586
339	72	0.020567799
339	70	0.020508796
339	25	0.020467827
339	50	0.01998171
340	506	0.034953646
340	589	0.03294873
340	604	0.031564176
340	1350	0.029150762
340	51	0.028133098
340	808	0.028057843
340	1142	0.025929281
340	794	0.021801248
340	32	0.020835636
340	166	0.020515922
341	151	0.035917938
341	103	0.034809873
341	157	0.03398689
341	148	0.033153668
341	48	0.032154508
341	381	0.02971426
341	71	0.02942505
341	44	0.027421273
341	0	0.024263777
341	225	0.023760742
342	314	0.038453605
342	181	0.036955655
342	909	0.03486461
342	194	0.03289974
342	406	0.032620367
342	317	0.028975386
342	1305	0.027744522
342	400	0.027426349
342	292	0.027158305
342	359	0.02652959
343	171	0.023405325
343	200	0.022257995
343	344	0.020723369
343	164	0.02069082
343	271	0.020439526
343	23	0.02023266
343	893	0.019749163
343	752	0.018713273
343	43	0.017297547
343	36	0.016674805
344	835	0.03031259
344	833	0.027805232
344	1343	0.026584359
344	1620	0.025817597
344	411	0.024244238
344	20	0.024064755
344	40	0.021659352
344	568	0.021463538
344	983	0.021006368
344	1622	0.019988509
345	13	0.023193771
345	10	0.020749113
345	345	0.020423869
345	149	0.019444825
345	64	0.018138027
345	437	0.017835576
345	162	0.016709672
345	36	0.016703088
345	347	0.016695319
345	367	0.016348926
346	465	0.024597768
346	108	0.02150434
346	579	0.019645788
346	47	0.01733273
346	86	0.016541388
346	200	0.016420374
346	59	0.016321657
346	262	0.015968274
346	421	0.015853805
346	1060	0.015735783
347	303	0.023078837
347	287	0.022718223
347	62	0.022601936
347	333	0.0218203
347	194	0.019095052
347	231	0.018435732
347	372	0.017551167
347	291	0.016813051
347	453	0.016265426
347	484	0.015769612
348	306	0.02927922
348	1404	0.02800375
348	904	0.02411196
348	11	0.023831213
348	149	0.023795037
348	384	0.023540864
348	387	0.022290524
348	652	0.021698058
348	378	0.021653822
348	993	0.021539226
349	157	0.04149699
349	103	0.033876527
349	68	0.028487192
349	139	0.02478605
349	381	0.022938045
349	48	0.020345265
349	72	0.014019524
349	44	0.0138416765
349	225	0.013407895
349	261	0.012738996
350	1082	0.03763742
350	452	0.037623174
350	196	0.037592895
350	1188	0.034971528
350	1135	0.03268199
350	209	0.032643937
350	408	0.032613467
350	1193	0.032180868
350	885	0.029406637
350	11	0.027395643
351	13	0.024899162
351	149	0.023313046
351	246	0.02230121
351	243	0.019994978
351	10	0.019724991
351	53	0.0193074
351	373	0.019030202
351	330	0.018511413
351	146	0.018285945
351	247	0.0180687
352	343	0.044533804
352	317	0.038592063
352	292	0.03819456
352	314	0.037478603
352	482	0.037028033
352	94	0.0367587
352	286	0.035764527
352	298	0.034402523
352	400	0.03361394
352	909	0.03134771
353	123	0.02965127
353	94	0.028403359
353	345	0.026132861
353	10	0.02252403
353	162	0.021394378
353	36	0.02065222
353	290	0.02017736
353	54	0.019966211
353	286	0.01984527
353	335	0.018906428
354	148	0.034504987
354	151	0.031066168
354	103	0.028861387
354	68	0.027993236
354	36	0.023814492
354	139	0.02134448
354	247	0.021224903
354	70	0.021216609
354	694	0.02113402
354	48	0.019807888
355	157	0.038525686
355	71	0.034633018
355	48	0.03132587
355	70	0.02615631
355	0	0.025605243
355	273	0.024512175
355	175	0.024487374
355	495	0.023899801
355	44	0.023844901
355	42	0.023547042
356	418	0.026243087
356	967	0.025343066
356	1386	0.022408398
356	992	0.021179779
356	903	0.020438299
356	381	0.020077296
356	221	0.019473663
356	416	0.019431122
356	1400	0.018669972
356	742	0.018044997
357	681	0.02930504
357	785	0.027657622
357	924	0.026985288
357	648	0.024902841
357	18	0.02422072
357	219	0.023381675
357	323	0.023318153
357	596	0.023183763
357	105	0.022610342
357	996	0.020858258
358	252	0.020447183
358	54	0.018516487
358	432	0.018340722
358	43	0.017189223
358	175	0.017013833
358	17	0.016964328
358	481	0.01649147
358	741	0.01611504
358	162	0.016054118
358	249	0.015998276
359	725	0.029381128
359	619	0.02772126
359	498	0.02610263
359	1442	0.025109991
359	433	0.024507793
359	1383	0.021992886
359	344	0.019990023
359	375	0.019923694
359	584	0.019269366
359	311	0.01844095
360	110	0.03137275
360	960	0.031160722
360	6	0.021799061
360	1286	0.019190902
360	84	0.01882761
360	926	0.018785484
360	146	0.017158167
360	1487	0.016178116
360	1395	0.015827825
360	1461	0.0156344
361	66	0.04330242
361	151	0.041401148
361	68	0.03712317
361	381	0.03150179
361	71	0.030682873
361	53	0.027873712
361	48	0.024486285
361	225	0.023920646
361	72	0.0193708
361	70	0.017968612
362	306	0.048169542
362	344	0.045229144
362	334	0.02914414
362	803	0.027038943
362	1624	0.026364611
362	325	0.025410162
362	826	0.024897156
362	895	0.023205047
362	377	0.023170216
362	82	0.022348894
363	909	0.073316105
363	400	0.0678702
363	292	0.06566514
363	194	0.0591109
363	1260	0.05437366
363	209	0.041254517
363	408	0.032322932
363	910	0.03199346
363	73	0.029480115
363	1050	0.024384696
364	948	0.02896338
364	1008	0.025737764
364	52	0.025275482
364	641	0.020280063
364	1010	0.019971658
364	878	0.019684259
364	147	0.019468933
364	983	0.018160764
364	97	0.016848067
364	1367	0.016682828
365	325	0.040120646
365	853	0.039193206
365	1443	0.03443039
365	1612	0.03388128
365	1624	0.0325171
365	1578	0.03085655
365	1366	0.02956256
365	1271	0.028647708
365	991	0.028156716
365	1608	0.027660614
366	1153	0.027967019
366	1472	0.025676912
366	106	0.024324657
366	575	0.023540469
366	888	0.023062589
366	266	0.022803362
366	1228	0.02148574
366	1002	0.02096556
366	265	0.020591892
366	1268	0.020176828
367	129	0.024360161
367	216	0.02326004
367	784	0.022416323
367	64	0.020605069
367	221	0.020157617
367	495	0.020042779
367	381	0.019987699
367	719	0.019126298
367	72	0.018300703
367	680	0.017924884
368	1358	0.027570503
368	1230	0.022919714
368	474	0.022837754
368	1141	0.021295935
368	290	0.021099683
368	232	0.021001976
368	389	0.02099399
368	143	0.019357914
368	226	0.018770803
368	1032	0.018637639
369	148	0.034966983
369	151	0.033068866
369	44	0.022642944
369	139	0.021426791
369	42	0.02123917
369	1145	0.019147644
369	458	0.018839572
369	163	0.018532913
369	103	0.01783666
369	831	0.01768138
370	934	0.03784775
370	1575	0.036827393
370	1069	0.033527292
370	1627	0.032943588
370	1511	0.032804128
370	981	0.03236506
370	1638	0.030589346
370	1525	0.030115124
370	903	0.030025823
370	65	0.029508475
371	269	0.022952005
371	51	0.020259319
371	259	0.019500745
371	47	0.019344889
371	802	0.018411119
371	0	0.017995026
371	67	0.01796381
371	385	0.017931411
371	129	0.017918304
371	331	0.017909799
372	103	0.036724776
372	719	0.036071695
372	71	0.035353925
372	0	0.03524768
372	487	0.03466692
372	144	0.034165222
372	139	0.033187456
372	70	0.03285678
372	44	0.03264636
372	222	0.032478303
373	226	0.023460196
373	265	0.02340446
373	1030	0.019899746
373	94	0.01884223
373	760	0.018247934
373	145	0.01823437
373	1141	0.017618941
373	298	0.017430153
373	562	0.017370412
373	374	0.017328562
374	785	0.035857823
374	638	0.02904778
374	1517	0.024113046
374	8	0.022723876
374	1343	0.021867031
374	75	0.020143244
374	773	0.019920796
374	648	0.019367227
374	915	0.019260108
374	908	0.01921311
375	368	0.0674254
375	365	0.059649017
375	874	0.05263731
375	1201	0.05222507
375	700	0.04684679
375	856	0.046716146
375	994	0.04538641
375	995	0.039938077
375	681	0.036138162
375	1086	0.032195456
376	1375	0.030354641
376	945	0.026807316
376	1288	0.023216303
376	1352	0.022511655
376	132	0.021266304
376	788	0.020881562
376	1033	0.020603646
376	6	0.020581018
376	1260	0.020476017
376	1373	0.01971223
377	1508	0.040359017
377	367	0.035694033
377	740	0.030876964
377	123	0.030829566
377	1495	0.030617945
377	379	0.030105416
377	426	0.029478487
377	626	0.023010422
377	1197	0.022833703
377	1088	0.022488195
378	151	0.041105915
378	103	0.039246593
378	71	0.035900876
378	139	0.033938676
378	48	0.02895621
378	25	0.028122883
378	70	0.026939295
378	46	0.026499059
378	383	0.025822448
378	225	0.02570905
379	209	0.028558226
379	48	0.026134856
379	44	0.02435201
379	453	0.022480084
379	1188	0.021562979
379	452	0.019852234
379	1124	0.0189484
379	1023	0.018803122
379	1135	0.01849655
379	1530	0.017382089
380	432	0.032314047
380	908	0.032156415
380	1340	0.030833855
380	773	0.029724529
380	915	0.029699575
380	904	0.029486552
380	888	0.028861215
380	433	0.026534492
380	245	0.025678016
380	180	0.025661388
381	229	0.039306033
381	1033	0.03836668
381	142	0.03741881
381	1374	0.037400927
381	1376	0.036852032
381	1378	0.035429683
381	1548	0.034655236
381	1623	0.034473006
381	1318	0.03396478
381	1379	0.033531945
382	132	0.023253877
382	127	0.02115251
382	886	0.020574987
382	806	0.019939618
382	94	0.019252704
382	10	0.018482432
382	163	0.018277334
382	351	0.018132525
382	259	0.01762786
382	47	0.017160775
383	541	0.01467748
383	336	0.010782925
383	324	0.010779656
383	380	0.010665585
383	1273	0.010383699
383	1450	0.0100525655
383	1157	0.009963614
383	518	0.009901781
383	909	0.009838861
383	184	0.00973227
384	465	0.025667619
384	310	0.022377003
384	91	0.022070605
384	337	0.02000433
384	324	0.018757278
384	991	0.01852535
384	168	0.017693551
384	94	0.01758207
384	396	0.01711567
384	493	0.0160418
385	379	0.02708516
385	1404	0.024822945
385	854	0.023189172
385	345	0.022948114
385	763	0.021894773
385	384	0.021872146
385	58	0.021204202
385	249	0.020532329
385	93	0.018881286
385	387	0.018581584
386	18	0.03265758
386	432	0.02919021
386	915	0.028158521
386	842	0.026087968
386	908	0.025076794
386	222	0.023952348
386	680	0.02324137
386	247	0.023096511
386	25	0.02288534
386	175	0.022456188
387	68	0.040206477
387	148	0.036516946
387	151	0.036428947
387	71	0.033742096
387	48	0.030505972
387	225	0.029439459
387	72	0.025601653
387	0	0.024927463
387	719	0.023701733
387	42	0.02310837
388	1177	0.034136683
388	1589	0.031067383
388	435	0.02880923
388	1178	0.028651087
388	389	0.02858317
388	1474	0.02769922
388	1319	0.027222186
388	1303	0.026757596
388	236	0.026485868
388	1330	0.025782628
389	547	0.033248626
389	273	0.028907686
389	256	0.0269721
389	948	0.026288254
389	201	0.02587608
389	62	0.025623146
389	59	0.023390314
389	303	0.023089934
389	681	0.021308605
389	372	0.021298805
390	1240	0.020357734
390	49	0.019582512
390	387	0.019396912
390	385	0.018533623
390	386	0.018313887
390	334	0.017873626
390	195	0.01715902
390	73	0.016984582
390	25	0.01679893
390	989	0.016687194
391	164	0.019648544
391	74	0.019499015
391	175	0.019369245
391	331	0.019242072
391	162	0.0190894
391	149	0.018856248
391	842	0.016840085
391	216	0.016608318
391	935	0.016565584
391	119	0.016348932
392	332	0.025549958
392	163	0.02232358
392	1304	0.020814162
392	246	0.020670526
392	834	0.020234065
392	251	0.018957296
392	80	0.018573316
392	177	0.018049072
392	146	0.017921664
392	1141	0.017560665
393	103	0.037819464
393	72	0.03711544
393	0	0.033977594
393	680	0.032570686
393	273	0.032444425
393	157	0.03196538
393	383	0.031662982
393	175	0.031373493
393	222	0.030551627
393	487	0.030073475
394	287	0.046799615
394	59	0.0433097
394	291	0.037475944
394	333	0.036080077
394	372	0.03464687
394	340	0.032112498
394	62	0.031065667
394	348	0.02906143
394	1519	0.026934834
394	385	0.020157255
395	139	0.02982539
395	64	0.028781151
395	784	0.028464712
395	46	0.028403532
395	71	0.028162241
395	47	0.02814563
395	487	0.028009767
395	105	0.027693486
395	72	0.027315214
395	221	0.027145246
396	1517	0.025329653
396	257	0.022076687
396	12	0.020807244
396	488	0.01983854
396	121	0.019606259
396	1429	0.018837577
396	7	0.01816969
396	1193	0.018057665
396	193	0.0178172
396	1343	0.017713403
397	195	0.04825071
397	177	0.047099438
397	1206	0.028047968
397	949	0.025641382
397	388	0.024071388
397	282	0.022457045
397	915	0.021936204
397	475	0.020971483
397	176	0.020772774
397	951	0.020716492
398	574	0.02738663
398	463	0.026447065
398	474	0.023939017
398	277	0.023137072
398	231	0.02222139
398	801	0.022000732
398	73	0.019718496
398	339	0.019485792
398	123	0.019445393
398	991	0.019315422
399	66	0.03243788
399	103	0.02696356
399	139	0.026764987
399	632	0.026529562
399	151	0.025152426
399	68	0.022626702
399	487	0.021611392
399	261	0.021357078
399	48	0.020872086
399	484	0.020842066
400	43	0.03010268
400	47	0.021732314
400	25	0.021088708
400	92	0.018282872
400	475	0.01803643
400	744	0.017712813
400	345	0.017488508
400	471	0.017281754
400	379	0.017276749
400	335	0.017018491
401	1080	0.030740246
401	1320	0.02419985
401	1561	0.02041384
401	944	0.01922459
401	1508	0.018671729
401	1237	0.017090928
401	305	0.016961424
401	1163	0.01642775
401	560	0.01621797
401	426	0.016081562
402	181	0.04210681
402	406	0.037007976
402	317	0.036498997
402	482	0.036148127
402	359	0.035756852
402	314	0.03543942
402	177	0.033936176
402	400	0.031555045
402	364	0.030227348
402	292	0.028960675
403	252	0.022008548
403	54	0.016723914
403	1002	0.016633535
403	94	0.01628433
403	424	0.016063148
403	246	0.015917901
403	13	0.01582863
403	652	0.015293893
403	243	0.015238448
403	286	0.015195943
404	384	0.030382004
404	58	0.02450184
404	168	0.018549288
404	377	0.015512361
404	1052	0.015428062
404	84	0.014976278
404	83	0.014903981
404	143	0.014861325
404	94	0.014588619
404	803	0.014488512
405	257	0.027047804
405	118	0.021729838
405	648	0.021268543
405	424	0.021247633
405	54	0.020249553
405	432	0.02021618
405	12	0.019915847
405	908	0.019239835
405	74	0.018900221
405	681	0.018808177
406	690	0.0340953
406	433	0.026344161
406	1203	0.026162256
406	1265	0.025276676
406	373	0.024519563
406	902	0.022947112
406	1048	0.022401415
406	500	0.0223221
406	1407	0.022064205
406	80	0.0215184
407	148	0.027128967
407	151	0.022904672
407	334	0.022780946
407	157	0.021494128
407	378	0.020617263
407	139	0.01985533
407	66	0.019756962
407	175	0.01955971
407	44	0.019535951
407	42	0.019496389
408	989	0.027066741
408	283	0.024003644
408	352	0.021824908
408	298	0.02068634
408	822	0.020433126
408	41	0.020364825
408	256	0.019921035
408	372	0.01955287
408	317	0.019485086
408	400	0.018774835
409	482	0.026311891
409	257	0.026045073
409	88	0.024396481
409	637	0.024317224
409	2	0.020974949
409	1344	0.020583045
409	18	0.019487662
409	224	0.019377202
409	1318	0.019267315
409	474	0.018884188
410	286	0.038271166
410	58	0.030075153
410	290	0.029100431
410	153	0.028360166
410	326	0.027259309
410	801	0.025788944
410	143	0.023628775
410	231	0.023040898
410	232	0.022928527
410	334	0.022410568
411	226	0.024095241
411	396	0.02302993
411	390	0.0229555
411	108	0.020798486
411	423	0.020392556
411	768	0.020280607
411	391	0.020061562
411	397	0.02000423
411	493	0.018929992
411	115	0.01739472
412	581	0.03673366
412	136	0.035950836
412	568	0.03585582
412	835	0.032103185
412	620	0.030799996
412	124	0.029295864
412	1015	0.028685648
412	1609	0.028395798
412	1260	0.02699638
412	778	0.026967062
413	164	0.022444507
413	33	0.021766225
413	71	0.020436488
413	385	0.020100374
413	62	0.019962534
413	43	0.019868182
413	195	0.019414246
413	269	0.019068511
413	68	0.018591605
413	651	0.018057384
414	157	0.038352925
414	68	0.037257284
414	148	0.03555823
414	139	0.03507448
414	103	0.035036016
414	53	0.033403363
414	381	0.03213192
414	680	0.031598557
414	70	0.031339813
414	144	0.031077497
415	58	0.019179938
415	67	0.019113652
415	129	0.018976232
415	286	0.016191449
415	61	0.015592698
415	326	0.015529931
415	334	0.015308757
415	216	0.015028794
415	5	0.014997358
415	256	0.014292318
416	118	0.028221868
416	385	0.024281045
416	651	0.024154693
416	59	0.022676779
416	15	0.022048851
416	62	0.021629993
416	818	0.021191318
416	408	0.020552795
416	769	0.020540053
416	108	0.019095382
417	15	0.021100018
417	118	0.018446507
417	410	0.018022941
417	61	0.017848138
417	1193	0.016415447
417	26	0.01617915
417	331	0.016115202
417	408	0.015579389
417	265	0.0144371865
417	164	0.014174806
418	167	0.027201537
418	58	0.027097577
418	153	0.026790874
418	334	0.026071366
418	377	0.025551502
418	384	0.025441008
418	1492	0.024285814
418	345	0.024066804
418	101	0.023614187
418	347	0.022058234
419	463	0.059310813
419	498	0.029591426
419	547	0.029035596
419	62	0.029031366
419	147	0.028563911
419	360	0.027371429
419	311	0.025953962
419	261	0.023585169
419	256	0.022496613
419	210	0.022154666
420	59	0.028815452
420	269	0.025001913
420	273	0.024725193
420	147	0.02423394
420	547	0.023134671
420	36	0.022836037
420	62	0.022024775
420	67	0.02105865
420	66	0.019928949
420	453	0.019154329
421	1060	0.029273644
421	325	0.024043635
421	204	0.023399247
421	115	0.020796882
421	1399	0.020149989
421	262	0.019731952
421	1	0.01941619
421	209	0.019092582
421	110	0.018712007
421	200	0.01846922
422	44	0.036170393
422	231	0.03063736
422	151	0.027718976
422	286	0.0259281
422	148	0.024428438
422	803	0.024362592
422	153	0.023350155
422	157	0.022369694
422	677	0.022289874
422	139	0.021880463
423	4	0.025691396
423	215	0.0176919
423	514	0.017261134
423	1148	0.01706699
423	768	0.016401112
423	364	0.016123496
423	1381	0.015690103
423	69	0.015633179
423	289	0.014832048
423	466	0.014591638
424	352	0.020480849
424	937	0.020055084
424	706	0.019058628
424	265	0.018298658
424	377	0.017919762
424	51	0.01775409
424	371	0.01582807
424	141	0.015796967
424	58	0.015649693
424	990	0.015600572
425	164	0.0259125
425	36	0.024173861
425	149	0.022071853
425	68	0.021974087
425	64	0.021354036
425	92	0.020683497
425	345	0.020250801
425	54	0.020097027
425	109	0.020057574
425	117	0.019928413
426	11	0.029827828
426	27	0.02757486
426	652	0.023456052
426	314	0.02299723
426	121	0.022727886
426	124	0.022710418
426	1343	0.022322308
426	1102	0.021446526
426	1305	0.021183187
426	74	0.02085284
427	148	0.030910667
427	103	0.02706359
427	151	0.024472196
427	157	0.02359264
427	453	0.020190634
427	56	0.017581524
427	452	0.0167498
427	70	0.016717987
427	71	0.015249638
427	1188	0.014576669
428	108	0.029283566
428	129	0.026938427
428	216	0.022239132
428	221	0.021988096
428	889	0.020237157
428	74	0.020036343
428	109	0.01983853
428	421	0.019761184
428	1191	0.019231264
428	35	0.01873775
429	136	0.028124053
429	119	0.02671501
429	408	0.026151998
429	783	0.025641108
429	15	0.025112448
429	908	0.024341268
429	2	0.02429009
429	964	0.0238368
429	105	0.023579651
429	126	0.021491373
430	219	0.033923693
430	323	0.029981691
430	62	0.028162781
430	333	0.027800588
430	365	0.026845438
430	346	0.02585171
430	256	0.025618678
430	396	0.025236528
430	368	0.025114259
430	465	0.024878796
431	103	0.03958344
431	381	0.039433263
431	42	0.038412113
431	225	0.037193887
431	428	0.033656437
431	273	0.032937106
431	383	0.032310016
431	495	0.031859513
431	540	0.029889323
431	224	0.029711772
432	148	0.034264263
432	103	0.03257069
432	68	0.032349437
432	139	0.032235626
432	42	0.028905876
432	71	0.027693912
432	44	0.027535541
432	381	0.024932684
432	25	0.022801425
432	225	0.022459632
433	31	0.0302971
433	151	0.028315455
433	445	0.026895171
433	148	0.026738407
433	48	0.025798017
433	441	0.02520574
433	444	0.024097614
433	202	0.023771644
433	1486	0.023457317
433	579	0.022842746
434	970	0.055506624
434	149	0.034772567
434	371	0.02699303
434	123	0.026800169
434	82	0.026537325
434	120	0.026123226
434	141	0.024761379
434	379	0.024714032
434	384	0.023447407
434	895	0.02305857
435	43	0.023172384
435	356	0.022310022
435	1052	0.019745326
435	58	0.019528737
435	175	0.017884165
435	345	0.017205307
435	377	0.017189441
435	330	0.01696677
435	47	0.016449613
435	96	0.015388621
436	148	0.042411726
436	151	0.03742614
436	103	0.0255123
436	68	0.024917401
436	48	0.01860178
436	71	0.016586596
436	273	0.015224728
436	44	0.015090247
436	381	0.014535449
436	662	0.014504104
437	108	0.029227844
437	344	0.027223058
437	200	0.025310276
437	115	0.02442834
437	306	0.024407156
437	194	0.024404176
437	750	0.024312204
437	970	0.021815697
437	414	0.021681273
437	408	0.020623658
438	441	0.024510827
438	142	0.024211857
438	444	0.021262515
438	820	0.020761125
438	85	0.020605827
438	145	0.019708786
438	283	0.018698867
438	294	0.018247128
438	442	0.017342135
438	667	0.017278682
439	139	0.028798252
439	53	0.028422672
439	224	0.02813709
439	632	0.025549626
439	0	0.02542526
439	491	0.024489319
439	68	0.024006708
439	47	0.023352358
439	103	0.022989932
439	71	0.021914953
440	915	0.04535265
440	18	0.04107169
440	1205	0.032593448
440	1209	0.02720658
440	245	0.02499351
440	7	0.024371427
440	350	0.023565961
440	266	0.023393407
440	2	0.023370542
440	911	0.022570794
441	74	0.024400027
441	25	0.02433017
441	129	0.023215458
441	119	0.02275093
441	908	0.02223325
441	15	0.021843528
441	22	0.021136813
441	36	0.020778038
441	424	0.020394059
441	67	0.020354535
442	88	0.052692957
442	15	0.03471457
442	21	0.02891184
442	769	0.026302928
442	311	0.024409788
442	498	0.024284655
442	876	0.023329772
442	885	0.022066085
442	1193	0.021839565
442	612	0.021405198
443	482	0.032494362
443	359	0.028373184
443	339	0.028296318
443	292	0.027702859
443	317	0.02730818
443	406	0.027150007
443	1597	0.02591731
443	209	0.025112161
443	181	0.024558429
443	1260	0.024171393
444	465	0.032443307
444	78	0.028427413
444	423	0.02732835
444	180	0.026788127
444	84	0.02579048
444	79	0.023388317
444	380	0.023250466
444	276	0.022772297
444	198	0.02270038
444	484	0.022324033
445	18	0.02442851
445	74	0.022243029
445	53	0.01880527
445	8	0.018790498
445	2	0.018759906
445	842	0.018122176
445	680	0.018030077
445	52	0.017960263
445	487	0.017911183
445	600	0.017891977
446	1431	0.031646397
446	556	0.029393815
446	1149	0.026274126
446	739	0.025997173
446	1191	0.02596248
446	1241	0.025084076
446	1165	0.023710229
446	750	0.023109773
446	796	0.022721175
446	1331	0.022221759
447	483	0.021120206
447	379	0.02037608
447	347	0.019876895
447	53	0.01970648
447	162	0.019695492
447	915	0.019544596
447	993	0.018971084
447	470	0.01889663
447	18	0.01824116
447	196	0.017927563
448	209	0.039217286
448	1188	0.03853493
448	452	0.03806536
448	612	0.03190047
448	453	0.030421238
448	884	0.029245319
448	865	0.028770614
448	398	0.028494697
448	1533	0.027780281
448	940	0.024657398
449	25	0.022529703
449	464	0.022384357
449	53	0.019593948
449	163	0.018004013
449	108	0.01767117
449	119	0.017639518
449	71	0.017497154
449	717	0.016732313
449	379	0.01616143
449	26	0.016010424
450	1240	0.032306083
450	24	0.030351015
450	308	0.023773905
450	1225	0.022291185
450	150	0.020382581
450	874	0.020252291
450	450	0.019641511
450	814	0.019607618
450	283	0.019385207
450	1390	0.018533377
451	58	0.042107742
451	334	0.031935867
451	345	0.02785983
451	143	0.027842762
451	94	0.026961118
451	132	0.026358454
451	1002	0.025601454
451	1492	0.025601417
451	288	0.025267968
451	379	0.024904845
452	256	0.02660446
452	15	0.024979694
452	67	0.023393603
452	199	0.0232389
452	21	0.022925863
452	0	0.020258013
452	207	0.02022386
452	75	0.020208059
452	127	0.019538281
452	70	0.019386917
453	379	0.03348039
453	149	0.027761724
453	904	0.027032347
453	306	0.026694298
453	1002	0.025843289
453	344	0.024918236
453	841	0.023426041
453	146	0.02317999
453	54	0.022802252
453	652	0.022369511
454	148	0.032729205
454	151	0.030610727
454	175	0.03004242
454	103	0.028604032
454	47	0.028156115
454	66	0.028024869
454	71	0.025626643
454	25	0.024868181
454	48	0.02393271
454	381	0.021339707
455	71	0.029996654
455	381	0.028596984
455	68	0.02844645
455	103	0.02834257
455	719	0.027201235
455	70	0.025456918
455	495	0.025201643
455	148	0.02509866
455	144	0.025029704
455	0	0.024770278
456	200	0.033255573
456	290	0.026946971
456	283	0.026531579
456	916	0.025680702
456	145	0.025299106
456	356	0.024332164
456	94	0.022431234
456	85	0.020600287
456	1057	0.020179216
456	969	0.020002248
457	68	0.033573095
457	151	0.032439142
457	29	0.031910405
457	139	0.031255648
457	72	0.02973492
457	46	0.029411424
457	105	0.029019281
457	44	0.028617963
457	42	0.028164646
457	67	0.027508913
458	42	0.0392703
458	148	0.034059126
458	0	0.033880573
458	68	0.03348565
458	66	0.032870375
458	139	0.03216996
458	103	0.032136057
458	222	0.031888172
458	71	0.031632513
458	381	0.031572964
459	71	0.03350062
459	221	0.033017617
459	72	0.031973463
459	25	0.03065938
459	144	0.029568888
459	139	0.028805563
459	175	0.028424384
459	719	0.028056178
459	495	0.027871469
459	67	0.027155323
460	121	0.036033496
460	22	0.035028785
460	118	0.032349277
460	125	0.031382546
460	15	0.030879378
460	7	0.02959148
460	11	0.028919518
460	410	0.028606838
460	257	0.0283168
460	1089	0.0280359
461	48	0.042335965
461	157	0.040124826
461	139	0.02822885
461	103	0.027542526
461	68	0.026633004
461	53	0.022263575
461	71	0.020903178
461	225	0.020665815
461	273	0.020610929
461	428	0.018560864
462	625	0.030812344
462	66	0.029491764
462	151	0.026829327
462	157	0.026813341
462	373	0.025939746
462	277	0.023060933
462	139	0.022746077
462	1401	0.02270894
462	1623	0.022196168
462	703	0.022179497
463	164	0.031274304
463	139	0.026399832
463	33	0.025752008
463	64	0.024739444
463	59	0.024540512
463	71	0.023840066
463	23	0.023811735
463	36	0.023178684
463	72	0.02256485
463	25	0.02246017
464	108	0.02189306
464	58	0.02188362
464	450	0.020032382
464	384	0.019969149
464	132	0.01786436
464	10	0.017520463
464	130	0.017483583
464	806	0.017446432
464	95	0.016462231
464	47	0.016452128
465	80	0.022444643
465	298	0.020511273
465	406	0.019765122
465	343	0.01975927
465	400	0.019574575
465	482	0.018807258
465	83	0.018722463
465	78	0.018257223
465	317	0.015912753
465	276	0.015677536
466	147	0.031487178
466	273	0.028622916
466	948	0.020819651
466	360	0.020272862
466	317	0.020147372
466	408	0.0196736
466	909	0.019608548
466	150	0.017447695
466	323	0.017018182
466	201	0.015992722
467	148	0.040025964
467	103	0.03324945
467	53	0.026413627
467	139	0.026126761
467	48	0.024694405
467	273	0.02257475
467	71	0.02236009
467	225	0.022231493
467	256	0.022087378
467	44	0.022050576
468	385	0.026050372
468	333	0.025416935
468	195	0.025067445
468	323	0.024589254
468	43	0.023531724
468	33	0.02297845
468	87	0.020193191
468	219	0.018887315
468	175	0.01820638
468	1201	0.017653314
469	68	0.03266124
469	48	0.030163916
469	139	0.02930325
469	225	0.027273264
469	59	0.025144966
469	0	0.024196636
469	579	0.023867624
469	34	0.023705138
469	44	0.022988984
469	273	0.022853514
470	286	0.03065053
470	142	0.028371092
470	579	0.025540132
470	442	0.024536509
470	31	0.024532828
470	799	0.023818316
470	290	0.021927714
470	443	0.021874312
470	438	0.021123938
470	145	0.020799642
471	56	0.04411402
471	1357	0.0265612
471	555	0.019741932
471	717	0.019516058
471	847	0.01913282
471	826	0.018547228
471	981	0.018031485
471	94	0.016867349
471	179	0.016791034
471	1563	0.015526865
472	123	0.034417007
472	314	0.021962468
472	317	0.021807874
472	298	0.02161822
472	371	0.021508284
472	290	0.021091232
472	343	0.020409876
472	181	0.02019988
472	482	0.020012746
472	334	0.019881196
473	68	0.03464085
473	66	0.031878494
473	72	0.031856697
473	151	0.030681921
473	144	0.028252285
473	164	0.028172325
473	719	0.02801011
473	64	0.02760519
473	273	0.027516289
473	53	0.027407419
474	71	0.036362745
474	139	0.035052944
474	103	0.034737762
474	53	0.034547165
474	25	0.03375883
474	70	0.02878409
474	784	0.028423954
474	144	0.028314764
474	151	0.028053684
474	157	0.0273643
475	909	0.032145996
475	181	0.030721318
475	923	0.025828704
475	116	0.023441948
475	317	0.022718184
475	913	0.022341682
475	400	0.022265922
475	406	0.021993704
475	124	0.02123039
475	314	0.021100335
476	306	0.037675858
476	318	0.031929594
476	970	0.02959856
476	94	0.029264966
476	326	0.027848972
476	149	0.027247254
476	377	0.026031816
476	292	0.025863137
476	334	0.025649996
476	142	0.02395996
477	58	0.0279015
477	334	0.02780963
477	42	0.025583878
477	139	0.023378355
477	44	0.023296477
477	318	0.020621937
477	175	0.019253297
477	151	0.01894366
477	59	0.018827572
477	148	0.018480614
478	53	0.030233322
478	383	0.028911186
478	487	0.028856581
478	680	0.028016504
478	784	0.02764972
478	144	0.027570587
478	29	0.027256902
478	719	0.026896445
478	842	0.02654955
478	72	0.026015332
479	368	0.027645158
479	201	0.027195793
479	62	0.02527545
479	323	0.024592025
479	822	0.02307663
479	365	0.02260795
479	1486	0.022275748
479	303	0.021794567
479	346	0.021570755
479	287	0.020256117
480	381	0.029028447
480	221	0.025730494
480	0	0.024094064
480	18	0.023225665
480	144	0.02287578
480	25	0.02246543
480	139	0.021443663
480	216	0.021348542
480	72	0.021216247
480	103	0.02052591
481	13	0.03780576
481	344	0.036790233
481	993	0.03563894
481	378	0.03485814
481	970	0.028990116
481	423	0.02530629
481	257	0.024717748
481	384	0.024368152
481	329	0.02281324
481	1271	0.022711044
482	25	0.03854594
482	719	0.038060155
482	66	0.03699826
482	151	0.036477204
482	221	0.033652853
482	222	0.03198134
482	225	0.031487126
482	223	0.030806668
482	842	0.030620834
482	48	0.030506466
483	802	0.026595706
483	194	0.024165405
483	73	0.023822665
483	482	0.022851247
483	750	0.020900656
483	547	0.020248676
483	1119	0.019053267
483	87	0.017789496
483	67	0.017429024
483	123	0.016951272
484	148	0.044667516
484	103	0.03715153
484	139	0.029985923
484	48	0.027618786
484	71	0.025765633
484	381	0.023421673
484	44	0.022125259
484	70	0.022056656
484	42	0.021691373
484	175	0.021247368
485	604	0.015497494
485	364	0.01423073
485	814	0.014103876
485	377	0.013896374
485	437	0.01332718
485	808	0.01318877
485	43	0.012367777
485	282	0.012256262
485	279	0.012213078
485	715	0.0120446645
486	8	0.024032768
486	908	0.023965549
486	915	0.022671008
486	118	0.022104543
486	1305	0.021138519
486	783	0.020567376
486	1517	0.019734554
486	638	0.019632673
486	1082	0.019205248
486	1344	0.018915083
487	24	0.021118717
487	474	0.019291056
487	62	0.01899079
487	876	0.018234625
487	872	0.017012589
487	822	0.01655333
487	213	0.016325155
487	1451	0.015787834
487	1188	0.015592074
487	195	0.015529838
488	148	0.041903988
488	151	0.039629944
488	433	0.0317595
488	103	0.022980316
488	619	0.0218128
488	1383	0.019964097
488	978	0.019091653
488	68	0.018696528
488	48	0.018297598
488	474	0.017813805
489	1051	0.041530557
489	1397	0.04036198
489	1396	0.040123496
489	1036	0.03930404
489	1475	0.03898869
489	505	0.03805916
489	1560	0.037046604
489	1389	0.035012785
489	633	0.034802392
489	795	0.034709387
490	1374	0.048414104
490	597	0.047218602
490	494	0.045938987
490	549	0.045792397
490	1354	0.043659884
490	1605	0.0429299
490	1375	0.042825922
490	1379	0.042529225
490	502	0.0417517
490	517	0.041421372
491	352	0.02407493
491	1287	0.021165976
491	1275	0.020908454
491	110	0.020192035
491	343	0.019433599
491	549	0.018383017
491	1057	0.018118609
491	1067	0.018025247
491	323	0.017226793
491	1141	0.016509708
492	123	0.032932423
492	10	0.029620666
492	909	0.025240907
492	246	0.024074052
492	181	0.022839855
492	194	0.02250748
492	384	0.022064319
492	141	0.021537527
492	923	0.020804122
492	367	0.020755896
493	22	0.03392074
493	17	0.028846052
493	12	0.028355164
493	53	0.025079334
493	113	0.024884941
493	7	0.023145678
493	811	0.022995371
493	362	0.022927195
493	432	0.021737017
493	257	0.021361174
494	440	0.047863014
494	447	0.0473929
494	31	0.046325818
494	444	0.04511093
494	439	0.04385708
494	442	0.041905783
494	446	0.040499553
494	579	0.038348433
494	34	0.03712827
494	443	0.036827635
495	286	0.030796906
495	36	0.02855577
495	175	0.024499107
495	68	0.022826064
495	142	0.022652134
495	25	0.022402547
495	10	0.020537322
495	64	0.020412916
495	283	0.020337675
495	151	0.019777792
496	104	0.056003947
496	775	0.05598401
496	422	0.050533
496	769	0.04715048
496	398	0.044810724
496	865	0.044138487
496	1188	0.03420049
496	940	0.033957094
496	884	0.033032868
496	1312	0.032537024
497	314	0.020000631
497	899	0.019833202
497	10	0.019200794
497	640	0.01882873
497	141	0.017920328
497	384	0.017865134
497	194	0.017668322
497	969	0.017570212
497	1003	0.017543828
497	124	0.017481029
498	326	0.03269252
498	318	0.028324597
498	1265	0.027319433
498	625	0.026861249
498	290	0.024122562
498	283	0.023782376
498	142	0.023170158
498	294	0.022672355
498	139	0.022619886
498	58	0.022210997
499	71	0.032718927
499	68	0.029704824
499	53	0.028892558
499	25	0.0282726
499	47	0.027068023
499	103	0.02571679
499	164	0.025273547
499	151	0.02464125
499	157	0.024582753
499	48	0.0240395
500	1265	0.03016591
500	1067	0.028744165
500	1177	0.028551495
500	1002	0.02828364
500	1579	0.02813801
500	1181	0.028120227
500	1323	0.027069403
500	1339	0.027067121
500	231	0.026655866
500	1321	0.026615676
501	441	0.038511064
501	445	0.03717502
501	447	0.035175502
501	31	0.034214847
501	151	0.032943327
501	157	0.031134252
501	579	0.030804738
501	446	0.028205005
501	443	0.027654909
501	34	0.02761908
502	53	0.028250085
502	66	0.026998697
502	811	0.025989955
502	414	0.02310611
502	381	0.022828424
502	221	0.022460638
502	200	0.022402674
502	121	0.021258721
502	157	0.020895146
502	119	0.020678261
503	111	0.024931975
503	181	0.024034107
503	638	0.02330728
503	314	0.021808432
503	371	0.020223843
503	379	0.018770248
503	105	0.018645553
503	908	0.018496117
503	149	0.018288892
503	616	0.018099993
504	66	0.040457815
504	157	0.036850553
504	151	0.03561438
504	139	0.033323426
504	381	0.032546233
504	72	0.03128302
504	225	0.030125165
504	70	0.02937303
504	48	0.025981925
504	175	0.025353966
505	915	0.02958569
505	121	0.026299179
505	20	0.025100728
505	571	0.02367731
505	194	0.022834586
505	124	0.022822455
505	125	0.022677926
505	257	0.022479773
505	1193	0.022115687
505	652	0.021717614
506	256	0.024625547
506	62	0.024137847
506	36	0.021877822
506	358	0.021473145
506	372	0.02044718
506	219	0.02041199
506	337	0.019612145
506	651	0.01873151
506	822	0.018348634
506	360	0.017274616
507	219	0.06429398
507	368	0.061527696
507	365	0.056976378
507	822	0.046751425
507	596	0.042514842
507	856	0.040974014
507	1201	0.039870612
507	700	0.038903154
507	994	0.038156766
507	507	0.03675077
508	1069	0.032765888
508	1357	0.029512238
508	1575	0.029071225
508	1079	0.026481414
508	1563	0.026341287
508	1019	0.026094366
508	903	0.025012901
508	1076	0.022963503
508	1338	0.022624863
508	1627	0.02252375
509	383	0.03549925
509	247	0.03265948
509	36	0.028773986
509	59	0.0286839
509	227	0.02782421
509	67	0.027045297
509	547	0.026608326
509	175	0.02653759
509	842	0.024833176
509	18	0.024774974
510	148	0.029622355
510	151	0.026495181
510	157	0.025602242
510	256	0.025028052
510	103	0.018893551
510	333	0.017408848
510	1172	0.017314611
510	68	0.01625402
510	198	0.015581193
510	62	0.015504971
511	247	0.034514442
511	242	0.027704699
511	1329	0.027094886
511	877	0.021862114
511	251	0.019439392
511	540	0.017992105
511	123	0.017551374
511	491	0.017499834
511	252	0.0171106
511	330	0.01703642
512	913	0.038198877
512	1518	0.03723665
512	180	0.037074532
512	172	0.034553003
512	1260	0.033169594
512	956	0.03233128
512	1347	0.031704444
512	416	0.031261396
512	11	0.031159349
512	1502	0.030750412
513	334	0.030211907
513	886	0.027933609
513	345	0.026868604
513	194	0.025679981
513	94	0.024992714
513	73	0.024833968
513	306	0.02431946
513	378	0.02418596
513	195	0.023024889
513	318	0.023015508
514	151	0.028623868
514	157	0.027762843
514	1177	0.024518318
514	373	0.022810377
514	223	0.02207455
514	714	0.021641007
514	1067	0.021293372
514	231	0.021122316
514	1473	0.020954352
514	332	0.020342764
515	394	0.029983021
515	74	0.029858027
515	612	0.028290961
515	769	0.026502496
515	783	0.026187677
515	865	0.025921622
515	408	0.024813037
515	204	0.024780769
515	59	0.024365786
515	422	0.024143673
516	314	0.04090102
516	909	0.03383251
516	292	0.032771498
516	482	0.03196949
516	194	0.03186259
516	359	0.029833723
516	317	0.029729748
516	406	0.027951833
516	693	0.02390031
516	763	0.023681922
517	286	0.02382625
517	139	0.02338504
517	226	0.022647906
517	47	0.020949112
517	373	0.020941623
517	36	0.020035814
517	25	0.019752776
517	247	0.01961518
517	162	0.01950482
517	774	0.018431183
518	915	0.030047173
518	908	0.027679255
518	137	0.027337179
518	22	0.026621236
518	126	0.025400924
518	20	0.024988636
518	961	0.024375526
518	7	0.024274705
518	773	0.023868494
518	245	0.02385327
519	1119	0.030740496
519	241	0.028402647
519	247	0.025115432
519	314	0.023183966
519	383	0.022308195
519	1205	0.021140171
519	79	0.02108953
519	84	0.020682178
519	238	0.019510042
519	1004	0.019212851
520	648	0.022765582
520	33	0.021619596
520	162	0.02135718
520	31	0.021026028
520	792	0.020664573
520	164	0.020386532
520	321	0.019725969
520	331	0.018832587
520	87	0.018064648
520	149	0.0176756
521	216	0.035179112
521	71	0.032119006
521	0	0.031513695
521	164	0.0313747
521	784	0.031001698
521	719	0.030839974
521	25	0.030256048
521	64	0.02980064
521	144	0.02936182
521	381	0.029182566
522	474	0.046191253
522	876	0.036235146
522	1502	0.035219245
522	1036	0.031238398
522	775	0.029728275
522	682	0.029303282
522	1442	0.028122569
522	1320	0.027983354
522	1379	0.027936373
522	311	0.027578084
523	59	0.028318135
523	36	0.025967667
523	360	0.022984289
523	547	0.02270302
523	68	0.022133064
523	67	0.020173514
523	25	0.019184541
523	345	0.018123869
523	71	0.017778136
523	29	0.017656308
524	166	0.025588881
524	10	0.024727095
524	226	0.023698173
524	51	0.022497252
524	648	0.022158561
524	286	0.022035778
524	130	0.021883193
524	269	0.021752892
524	23	0.021273514
524	54	0.020579882
525	1133	0.022842264
525	262	0.020044735
525	416	0.019910522
525	183	0.01927201
525	468	0.018319894
525	815	0.018129408
525	1459	0.01712346
525	718	0.017034706
525	191	0.016827008
525	269	0.016826196
526	157	0.036256827
526	148	0.036252744
526	66	0.029801732
526	103	0.029539587
526	42	0.029166773
526	68	0.027732277
526	44	0.027698897
526	71	0.02596665
526	381	0.02550967
526	225	0.02139695
527	345	0.029054372
527	166	0.027952636
527	249	0.02557979
527	36	0.024788884
527	479	0.023920368
527	226	0.02347774
527	10	0.022892296
527	383	0.022727994
527	43	0.021565383
527	47	0.02127844
528	256	0.023319513
528	403	0.022289038
528	878	0.021620722
528	171	0.021088108
528	141	0.020020837
528	108	0.01979461
528	681	0.0196656
528	894	0.019006472
528	412	0.01895528
528	156	0.018893711
529	408	0.05092578
529	1188	0.04401916
529	452	0.041868493
529	1135	0.038636208
529	148	0.027266124
529	407	0.024972208
529	398	0.02459077
529	151	0.024194563
529	400	0.023622375
529	104	0.023196336
530	303	0.05682409
530	287	0.054588847
530	291	0.045862485
530	59	0.045181073
530	1180	0.029505352
530	535	0.0294343
530	88	0.028654786
530	32	0.027376242
530	360	0.026319284
530	1201	0.025894195
531	88	0.03787188
531	463	0.031654045
531	58	0.028232528
531	474	0.027918465
531	73	0.02663151
531	344	0.02567899
531	377	0.024386361
531	286	0.022114191
531	334	0.02132707
531	378	0.020408416
532	638	0.03313977
532	409	0.028906379
532	738	0.02657267
532	18	0.02648921
532	924	0.024544587
532	230	0.022612069
532	564	0.02191771
532	1117	0.021854287
532	74	0.021398343
532	129	0.0209755
533	221	0.03605829
533	144	0.034597147
533	72	0.03332374
533	68	0.033253938
533	67	0.032860115
533	25	0.03127855
533	381	0.031010205
533	71	0.031003293
533	109	0.030938154
533	105	0.029993858
534	53	0.031027732
534	162	0.021632995
534	103	0.020502426
534	25	0.019859636
534	47	0.019727886
534	148	0.0190854
534	373	0.018606458
534	429	0.018424796
534	146	0.018331233
534	247	0.017369289
535	256	0.020521985
535	333	0.019919839
535	171	0.018758543
535	123	0.018659925
535	108	0.018369505
535	168	0.017971633
535	62	0.016804775
535	286	0.016639782
535	625	0.016342023
535	803	0.016100595
536	394	0.040434945
536	612	0.040115368
536	1188	0.039737403
536	783	0.039610833
536	1135	0.037458695
536	398	0.03664821
536	865	0.03556469
536	775	0.03549062
536	453	0.0347299
536	769	0.0335889
537	59	0.021972608
537	36	0.021155749
537	123	0.02040968
537	25	0.019741962
537	109	0.018676167
537	64	0.01854451
537	66	0.018258616
537	216	0.017362308
537	67	0.017268488
537	802	0.017107064
538	987	0.01888494
538	477	0.018417474
538	394	0.018086933
538	67	0.017715083
538	847	0.01623218
538	198	0.015963377
538	518	0.015943602
538	117	0.01566051
538	750	0.015659986
538	889	0.01549553
539	344	0.023650218
539	139	0.022344047
539	149	0.021528523
539	168	0.021240596
539	378	0.02047099
539	280	0.019477462
539	164	0.017271534
539	68	0.016764184
539	465	0.016652139
539	339	0.016462268
540	915	0.04227812
540	432	0.040175352
540	909	0.033743203
540	8	0.033552054
540	1556	0.0321095
540	1557	0.030232396
540	773	0.028416902
540	180	0.028057812
540	911	0.027843446
540	116	0.027642746
541	1276	0.032469325
541	1141	0.028298438
541	281	0.026622899
541	1002	0.024763977
541	1033	0.024401244
541	229	0.023768375
541	1296	0.023627412
541	1037	0.02270538
541	60	0.022601519
541	1110	0.022279471
542	1384	0.027766027
542	570	0.027347127
542	748	0.026876489
542	1043	0.025926938
542	81	0.025160426
542	1048	0.024514468
542	581	0.024290137
542	1400	0.02409997
542	1385	0.023716558
542	380	0.023345796
543	181	0.04258985
543	482	0.029618891
543	314	0.028834464
543	292	0.02786166
543	317	0.027766183
543	406	0.025652528
543	359	0.02561538
543	306	0.023732712
543	378	0.023654658
543	298	0.02317188
544	579	0.028418181
544	358	0.025720067
544	337	0.024966434
544	642	0.02363493
544	445	0.022993676
544	441	0.021691304
544	192	0.021311482
544	321	0.020930508
544	767	0.019644696
544	440	0.01947763
545	769	0.0264813
545	127	0.024662808
545	402	0.023418847
545	110	0.021397484
545	100	0.020374147
545	202	0.019701868
545	802	0.018297475
545	783	0.018058538
545	899	0.017809596
545	421	0.017343644
546	319	0.025598163
546	327	0.02558572
546	299	0.025373353
546	331	0.025124805
546	163	0.024675982
546	214	0.024301529
546	720	0.024145566
546	1120	0.023966582
546	758	0.022274142
546	157	0.021737799
547	73	0.025109451
547	302	0.022398224
547	439	0.02226364
547	799	0.02146354
547	1408	0.021432739
547	442	0.0211674
547	446	0.020532006
547	447	0.02045108
547	376	0.020191627
547	325	0.019572143
548	579	0.03760459
548	31	0.03682308
548	71	0.02509605
548	441	0.024934553
548	67	0.022930713
548	445	0.02208704
548	381	0.020178841
548	68	0.020087672
548	680	0.019934485
548	331	0.019768551
549	68	0.04171228
549	381	0.03869776
549	157	0.0351988
549	48	0.030933626
549	784	0.028652472
549	495	0.028282281
549	222	0.027393198
549	42	0.025892207
549	491	0.025861628
549	428	0.02564439
550	290	0.030128056
550	286	0.02995891
550	363	0.027908739
550	94	0.027869092
550	226	0.02704318
550	326	0.02501782
550	318	0.023868665
550	123	0.023770226
550	376	0.023489427
550	437	0.022821663
551	103	0.04357937
551	139	0.038990512
551	487	0.03778794
551	44	0.035949808
551	71	0.035426002
551	0	0.03536305
551	70	0.033465434
551	222	0.033184946
551	72	0.03267533
551	224	0.03227229
552	865	0.06242362
552	775	0.060762595
552	783	0.060260788
552	422	0.059160497
552	134	0.05797425
552	1188	0.054997325
552	452	0.04992946
552	1135	0.04736956
552	209	0.0440253
552	884	0.041909713
553	256	0.029271413
553	62	0.026334533
553	323	0.025906824
553	219	0.023259852
553	368	0.022382367
553	681	0.021853771
553	66	0.021633312
553	108	0.021530196
553	385	0.020506583
553	360	0.020448258
554	398	0.06487716
554	422	0.06026895
554	865	0.059895933
554	940	0.05231772
554	1312	0.046571434
554	408	0.046217468
554	209	0.04597028
554	1533	0.045966405
554	1530	0.045950986
554	769	0.045906566
555	292	0.028001424
555	482	0.025377382
555	181	0.023134632
555	317	0.02307239
555	909	0.022603046
555	314	0.021120615
555	73	0.020223863
555	437	0.01917942
555	343	0.017993867
555	201	0.017942037
556	68	0.030857679
556	48	0.030574407
556	72	0.030395895
556	29	0.030158948
556	144	0.029667782
556	53	0.029551404
556	719	0.029523995
556	44	0.029271135
556	71	0.028445251
556	0	0.02844305
557	491	0.016802512
557	50	0.015350407
557	139	0.014138068
557	421	0.013998429
557	46	0.013960582
557	289	0.013616948
557	47	0.013159895
557	609	0.013055162
557	71	0.012780096
557	51	0.0125130955
558	1193	0.034411516
558	257	0.032713577
558	121	0.028441865
558	961	0.028196618
558	1082	0.027612846
558	245	0.026902245
558	22	0.02636253
558	2	0.025906513
558	904	0.025773985
558	125	0.025680173
559	286	0.037851892
559	142	0.031971075
559	157	0.024975078
559	792	0.02273361
559	151	0.022548893
559	66	0.021846918
559	283	0.020968225
559	48	0.018837681
559	139	0.018800559
559	294	0.018094538
560	58	0.026559217
560	74	0.021937849
560	15	0.021508558
560	54	0.021021763
560	1054	0.019611886
560	886	0.019138556
560	335	0.018918075
560	2	0.018113205
560	125	0.017822558
560	1193	0.017408729
561	296	0.037655693
561	247	0.02485785
561	103	0.022501873
561	175	0.02158966
561	470	0.020205257
561	241	0.019577319
561	246	0.018774856
561	242	0.018504826
561	540	0.018345935
561	139	0.018282713
562	59	0.030435229
562	47	0.023108475
562	108	0.022891892
562	273	0.022447279
562	402	0.021268288
562	0	0.020953128
562	44	0.020463323
562	70	0.020258185
562	129	0.019914536
562	784	0.019732622
563	783	0.03152638
563	326	0.029414283
563	339	0.0293393
563	1420	0.027924428
563	1531	0.027105073
563	1135	0.026928814
563	1188	0.025873987
563	408	0.025727239
563	452	0.024919033
563	394	0.024727385
564	625	0.038437515
564	66	0.033568878
564	1265	0.024772558
564	151	0.024610894
564	157	0.024141902
564	286	0.022204598
564	1401	0.021667138
564	231	0.020750906
564	53	0.019705718
564	727	0.019239187
565	257	0.022786558
565	908	0.021875544
565	123	0.020182543
565	196	0.019802969
565	252	0.019516038
565	10	0.019181952
565	226	0.019166391
565	246	0.018660665
565	347	0.018372046
565	345	0.018072572
566	151	0.039725147
566	66	0.03739543
566	103	0.036187787
566	48	0.033008114
566	381	0.02985627
566	53	0.0289969
566	70	0.026244123
566	25	0.026157314
566	72	0.024253137
566	42	0.022529827
567	1348	0.05051621
567	75	0.047205184
567	1281	0.030404557
567	164	0.027551197
567	912	0.027012829
567	257	0.023918346
567	401	0.02315699
567	370	0.021412669
567	61	0.020853655
567	34	0.018712755
568	121	0.02737714
568	14	0.024217084
568	208	0.024110585
568	12	0.022069333
568	440	0.021944115
568	2	0.021204166
568	7	0.020558167
568	442	0.020551309
568	441	0.020525353
568	445	0.020021718
569	103	0.0394929
569	148	0.03812521
569	68	0.03721861
569	381	0.035915818
569	157	0.035783462
569	66	0.032810643
569	53	0.032038517
569	48	0.028519198
569	719	0.028153898
569	70	0.02631681
570	422	0.024386851
570	258	0.023386203
570	129	0.023176527
570	134	0.02228707
570	75	0.022171615
570	164	0.020990718
570	118	0.020606358
570	15	0.020290257
570	125	0.020247221
570	127	0.020110486
571	1348	0.027183313
571	44	0.025783602
571	258	0.025229324
571	216	0.024673173
571	119	0.024424382
571	48	0.021788191
571	74	0.020956026
571	67	0.02091555
571	129	0.019348903
571	221	0.016938478
572	491	0.04025053
572	139	0.03997665
572	66	0.03929742
572	29	0.039038606
572	157	0.038549926
572	70	0.038156833
572	719	0.038115628
572	103	0.037345476
572	144	0.037146643
572	680	0.03710282
573	64	0.02192958
573	216	0.021886677
573	414	0.019308813
573	108	0.017884208
573	175	0.017355768
573	221	0.01653704
573	842	0.016534014
573	72	0.016500391
573	110	0.016496591
573	130	0.015822668
574	68	0.041738063
574	151	0.041480243
574	139	0.040699933
574	157	0.038929492
574	66	0.03831429
574	381	0.036025885
574	44	0.03348349
574	72	0.032320924
574	70	0.031763513
574	59	0.030459609
575	123	0.03193291
575	437	0.0266774
575	334	0.02343677
575	468	0.020983843
575	171	0.020811915
575	168	0.020438168
575	947	0.019966165
575	141	0.01975234
575	1002	0.018542062
575	465	0.01846021
576	129	0.026318647
576	216	0.025731923
576	164	0.024129359
576	414	0.023156855
576	200	0.022672258
576	784	0.022426777
576	811	0.022180982
576	259	0.021988528
576	196	0.020898126
576	189	0.02083571
577	400	0.036037613
577	181	0.033620503
577	482	0.033144634
577	359	0.033098754
577	909	0.030735986
577	292	0.029048353
577	317	0.028750665
577	194	0.02514343
577	343	0.025024371
577	1281	0.022177236
578	223	0.02843576
578	785	0.028367097
578	196	0.027631344
578	8	0.026225833
578	1082	0.025351837
578	124	0.02523212
578	915	0.025187006
578	105	0.02510044
578	245	0.023836337
578	53	0.023797857
579	1429	0.03433585
579	417	0.030710235
579	1460	0.020666942
579	738	0.02036603
579	1459	0.019735165
579	648	0.019227272
579	687	0.019218042
579	119	0.017238973
579	1381	0.016829675
579	1518	0.016551927
580	1486	0.029696353
580	899	0.028616546
580	403	0.025697267
580	862	0.024362223
580	802	0.02090529
580	371	0.02062146
580	141	0.020052573
580	891	0.019922331
580	598	0.019737389
580	127	0.019426126
581	216	0.033937257
581	204	0.02785778
581	200	0.027221031
581	221	0.025578853
581	839	0.023740735
581	75	0.022770816
581	811	0.02173721
581	131	0.020841634
581	569	0.020346707
581	981	0.016960595
582	604	0.02803173
582	815	0.027901232
582	483	0.027340684
582	23	0.027174406
582	506	0.025594117
582	589	0.025536207
582	808	0.025392523
582	814	0.025030706
582	385	0.023668956
582	249	0.022995342
583	59	0.037716705
583	62	0.028797356
583	207	0.02854672
583	287	0.02848997
583	186	0.027897522
583	202	0.026202722
583	348	0.02487765
583	333	0.02487128
583	372	0.02386496
583	769	0.022245124
584	422	0.031073514
584	134	0.03016599
584	885	0.028217763
584	1188	0.026814109
584	452	0.02671263
584	104	0.026195353
584	769	0.025746306
584	1054	0.025366701
584	398	0.024045648
584	21	0.023749068
585	286	0.0295668
585	318	0.029320668
585	246	0.028045565
585	243	0.027224408
585	10	0.026813151
585	374	0.026743753
585	429	0.023931496
585	1032	0.022402897
585	389	0.021305291
585	1113	0.020795155
586	287	0.045097347
586	596	0.041418757
586	323	0.04134361
586	59	0.040647324
586	348	0.04010955
586	219	0.0381395
586	340	0.037405368
586	700	0.036849305
586	1519	0.03469686
586	994	0.03448812
587	1180	0.028396703
587	62	0.026139487
587	1623	0.019554049
587	390	0.018948501
587	232	0.018882643
587	39	0.018752238
587	1144	0.018149147
587	635	0.018020868
587	1201	0.01782597
587	207	0.017691772
588	1082	0.036774628
588	37	0.030997004
588	555	0.026737139
588	329	0.02649518
588	196	0.024789149
588	40	0.024329633
588	750	0.022318156
588	45	0.021431886
588	402	0.021215389
588	821	0.020684937
589	123	0.049607456
589	249	0.046106737
589	763	0.04245872
589	740	0.033693917
589	1508	0.023498131
589	10	0.022426724
589	345	0.021798123
589	573	0.021524085
589	334	0.021157142
589	141	0.020968517
590	385	0.03708002
590	195	0.036280643
590	1206	0.031246161
590	915	0.027308678
590	951	0.026001494
590	949	0.024103744
590	908	0.023951752
590	8	0.022770995
590	429	0.021818245
590	350	0.021641884
591	1023	0.0345257
591	1158	0.027411442
591	1607	0.020964969
591	945	0.02077695
591	1219	0.020283988
591	834	0.02010081
591	1271	0.019469652
591	812	0.0190362
591	665	0.01827249
591	821	0.018024582
592	59	0.026298987
592	385	0.024127802
592	256	0.02374385
592	706	0.021125223
592	271	0.020828743
592	372	0.020726645
592	719	0.02072642
592	274	0.020523535
592	25	0.02044837
592	269	0.020328658
593	389	0.034572333
593	1292	0.03215818
593	118	0.032080334
593	1589	0.031749588
593	1032	0.030509278
593	1330	0.030437868
593	1178	0.029552199
593	1048	0.028577145
593	1397	0.028116465
593	1474	0.027079307
594	344	0.032160692
594	115	0.030940931
594	168	0.023870613
594	378	0.023521153
594	204	0.023187308
594	970	0.02276433
594	48	0.020746697
594	569	0.020573065
594	44	0.01995547
594	200	0.019587278
595	273	0.029572967
595	360	0.02828605
595	149	0.023166072
595	948	0.022788089
595	947	0.021166245
595	123	0.020074014
595	150	0.018943649
595	390	0.018338075
595	187	0.018021183
595	383	0.017424488
596	433	0.033777416
596	81	0.029261531
596	168	0.02883969
596	1080	0.027081711
596	588	0.025498291
596	484	0.023244372
596	465	0.022324769
596	690	0.022248885
596	1358	0.021880127
596	1540	0.021734817
597	204	0.037408814
597	123	0.032367364
597	811	0.029087275
597	569	0.025259063
597	92	0.024594802
597	10	0.024571868
597	477	0.023796488
597	74	0.023039665
597	259	0.022823267
597	64	0.021522304
598	638	0.024981894
598	48	0.021653436
598	432	0.0213546
598	915	0.020324118
598	487	0.019603483
598	149	0.019201277
598	222	0.018986017
598	103	0.018652555
598	69	0.018522501
598	67	0.018407179
599	67	0.0315267
599	18	0.028592762
599	25	0.027125297
599	164	0.02710025
599	129	0.026957601
599	103	0.024998931
599	144	0.02471106
599	719	0.024703823
599	70	0.024601053
599	64	0.024569752
600	1023	0.02177595
600	390	0.021091016
600	118	0.018926661
600	318	0.017915806
600	465	0.016866485
600	334	0.016779428
600	56	0.016524315
600	750	0.016426552
600	769	0.016158076
600	326	0.016152874
601	18	0.028066512
601	432	0.027974954
601	8	0.027829867
601	1343	0.025414119
601	638	0.023993434
601	738	0.0238062
601	915	0.023573916
601	257	0.023547193
601	652	0.022304555
601	230	0.021652441
602	344	0.031861477
602	378	0.030473575
602	92	0.02912789
602	477	0.028490419
602	652	0.027253222
602	13	0.026752414
602	117	0.02535571
602	119	0.024918208
602	993	0.0244082
602	137	0.02392072
603	326	0.029612727
603	352	0.025899634
603	58	0.025784528
603	1167	0.024891619
603	85	0.02472286
603	343	0.02459996
603	94	0.023665534
603	290	0.023445867
603	1141	0.02290738
603	295	0.022650389
604	638	0.03396775
604	785	0.028915735
604	924	0.024163455
604	257	0.022421576
604	23	0.020903809
604	1113	0.019619983
604	1429	0.017897176
604	120	0.017237276
604	1495	0.017029086
604	370	0.016841602
605	34	0.03305509
605	148	0.029881153
605	151	0.028882802
605	36	0.02887487
605	157	0.027636886
605	59	0.026228802
605	441	0.024387944
605	445	0.023835193
605	42	0.023305187
605	67	0.022570712
606	381	0.0353682
606	151	0.033628885
606	139	0.033371318
606	66	0.030887866
606	0	0.030339748
606	148	0.030320358
606	225	0.029228587
606	25	0.028696425
606	53	0.028554866
606	495	0.027506854
607	1032	0.031593353
607	118	0.02988499
607	1158	0.02371312
607	63	0.023448195
607	1129	0.021868097
607	880	0.021676425
607	410	0.021336433
607	896	0.020637704
607	1379	0.02059537
607	1504	0.01963057
608	1023	0.031898346
608	334	0.027729087
608	168	0.022122417
608	379	0.0220886
608	166	0.020667842
608	895	0.018697629
608	327	0.018689055
608	470	0.018577851
608	378	0.018254204
608	141	0.01752348
609	889	0.025235264
609	641	0.024401508
609	1298	0.023816757
609	267	0.023728315
609	1018	0.023032196
609	56	0.02189915
609	1069	0.021581726
609	221	0.021143308
609	851	0.01971116
609	1079	0.01937267
610	662	0.038451556
610	466	0.035640527
610	459	0.03378808
610	455	0.02915982
610	461	0.0286247
610	72	0.02196603
610	42	0.01829465
610	273	0.017479016
610	144	0.016845573
610	381	0.016823243
611	915	0.025930583
611	2	0.024882061
611	362	0.021335248
611	24	0.021319292
611	172	0.020942084
611	33	0.019701637
611	15	0.019675303
611	432	0.019256277
611	842	0.018813284
611	908	0.018477488
612	21	0.036549374
612	15	0.03594613
612	769	0.025810922
612	962	0.025212653
612	19	0.024985058
612	1616	0.024698505
612	1193	0.02378351
612	976	0.023309173
612	1190	0.022817967
612	885	0.021738403
613	221	0.033895016
613	139	0.033878464
613	71	0.033422012
613	148	0.03215788
613	103	0.03197942
613	72	0.030436
613	157	0.028889772
613	151	0.028668057
613	25	0.027587222
613	68	0.027215907
614	147	0.04343018
614	45	0.02347649
614	108	0.02310813
614	878	0.022093652
614	36	0.02018928
614	171	0.020045199
614	778	0.017912913
614	194	0.017641421
614	66	0.017372591
614	129	0.016784396
615	66	0.040346492
615	103	0.036839843
615	151	0.036738813
615	139	0.02935676
615	68	0.028200626
615	71	0.026600333
615	48	0.019125158
615	225	0.017606003
615	25	0.017582582
615	72	0.0169725
616	1032	0.02898483
616	139	0.026778597
616	1265	0.025462443
616	231	0.022231651
616	326	0.02216503
616	491	0.021625252
616	44	0.021049282
616	157	0.020385262
616	318	0.020334896
616	801	0.020246346
617	447	0.024451675
617	445	0.02321794
617	441	0.021771468
617	443	0.020852651
617	44	0.019614289
617	440	0.018824628
617	151	0.018721174
617	0	0.018495977
617	767	0.018234044
617	444	0.018011818
618	175	0.031107172
618	72	0.02818261
618	164	0.027988954
618	70	0.02604222
618	719	0.024818229
618	495	0.02381535
618	144	0.023741353
618	64	0.022826135
618	69	0.022106836
618	221	0.022047967
619	775	0.05336024
619	612	0.053316776
619	104	0.053031832
619	783	0.0514617
619	422	0.049215317
619	398	0.049152903
619	1533	0.048982013
619	134	0.046455316
619	865	0.045406856
619	452	0.043233063
620	88	0.03109967
620	326	0.030359613
620	79	0.027865766
620	142	0.027734935
620	474	0.026019568
620	283	0.020943727
620	987	0.019617818
620	895	0.016474124
620	677	0.01606397
620	62	0.015916158
621	945	0.024928626
621	1583	0.024213456
621	1190	0.022611728
621	975	0.021518104
621	944	0.021352801
621	876	0.021181667
621	180	0.021140512
621	645	0.020822316
621	1108	0.02071101
621	264	0.020687746
622	306	0.045246914
622	58	0.029421143
622	895	0.026526246
622	379	0.024666969
622	149	0.024175877
622	384	0.02347944
622	82	0.02175296
622	171	0.021620039
622	334	0.021483598
622	377	0.020995567
623	53	0.027747089
623	148	0.02766612
623	66	0.024729528
623	103	0.022814149
623	68	0.022653872
623	71	0.022244228
623	72	0.022027578
623	381	0.021885466
623	151	0.02151429
623	256	0.0209824
624	899	0.020882804
624	53	0.019836577
624	1234	0.01769467
624	891	0.01767986
624	1080	0.01701191
624	231	0.016868602
624	1533	0.01641294
624	10	0.016343025
624	223	0.016263023
624	403	0.016236506
625	123	0.037014544
625	402	0.030399742
625	108	0.026427161
625	750	0.025813878
625	58	0.024341969
625	270	0.0229683
625	143	0.022688266
625	171	0.022569217
625	806	0.021870198
625	168	0.021328265
626	53	0.031239538
626	18	0.026206316
626	25	0.021820731
626	773	0.020873288
626	247	0.020217145
626	373	0.020024462
626	29	0.019156782
626	741	0.01913019
626	908	0.018401552
626	915	0.018385157
627	909	0.032543518
627	181	0.029536933
627	317	0.029178202
627	194	0.02863708
627	400	0.023355579
627	910	0.019078473
627	298	0.019075299
627	292	0.018769694
627	911	0.018259872
627	343	0.017484505
628	36	0.030235665
628	256	0.027606055
628	43	0.026798071
628	195	0.025087586
628	33	0.024804574
628	286	0.023837471
628	87	0.02339813
628	283	0.023115668
628	163	0.022033716
628	334	0.022006268
629	66	0.019736199
629	68	0.019168776
629	641	0.018395431
629	144	0.018311663
629	70	0.018181907
629	59	0.018028019
629	878	0.017854735
629	148	0.017631933
629	194	0.017195767
629	45	0.017191784
630	129	0.024503319
630	269	0.023208586
630	200	0.023037245
630	1241	0.022744259
630	108	0.022458658
630	209	0.021852963
630	414	0.021578602
630	104	0.020790659
630	137	0.020225234
630	1188	0.0202044
631	202	0.023325905
631	59	0.023072978
631	273	0.021681048
631	447	0.021564169
631	547	0.02128208
631	456	0.019789897
631	789	0.019382864
631	108	0.01918697
631	88	0.018782614
631	595	0.018770937
632	775	0.043147225
632	104	0.040463552
632	394	0.038326297
632	134	0.03781592
632	865	0.033412796
632	398	0.03279003
632	98	0.03171154
632	118	0.026689038
632	15	0.02438308
632	1188	0.02388062
633	74	0.02757247
633	119	0.026389018
633	129	0.025075112
633	1348	0.022700887
633	1193	0.022206483
633	1517	0.021479905
633	854	0.019167483
633	258	0.018590366
633	269	0.017873697
633	410	0.017390117
634	286	0.046821147
634	142	0.03868108
634	1053	0.038474023
634	281	0.03412055
634	1141	0.03305019
634	1350	0.032661106
634	1057	0.03150678
634	1418	0.029898975
634	1288	0.029628832
634	982	0.028556695
635	200	0.03359834
635	148	0.032846816
635	414	0.032810546
635	221	0.02884254
635	784	0.025026813
635	103	0.023888366
635	109	0.023678647
635	68	0.023651764
635	67	0.023204708
635	71	0.021948107
636	1555	0.045555107
636	1090	0.035041116
636	1608	0.033398297
636	1345	0.031299155
636	834	0.030683625
636	1314	0.029819075
636	332	0.029617738
636	1053	0.029158445
636	181	0.028475333
636	1276	0.028333865
637	400	0.06915363
637	482	0.068751715
637	314	0.06753237
637	1260	0.061303657
637	194	0.060703266
637	408	0.041424334
637	913	0.031326067
637	910	0.028747663
637	914	0.025932476
637	1281	0.02457017
638	314	0.046043508
638	194	0.043329827
638	317	0.039862026
638	359	0.03820665
638	292	0.032679446
638	384	0.02992738
638	181	0.02973343
638	941	0.028949551
638	909	0.026988104
638	343	0.023095425
639	256	0.029198958
639	858	0.02446885
639	600	0.022862272
639	303	0.018249637
639	118	0.017804595
639	923	0.017461821
639	62	0.017228825
639	769	0.016862111
639	1236	0.01679827
639	1564	0.01617221
640	72	0.023502322
640	35	0.021207271
640	40	0.019819135
640	164	0.019335816
640	216	0.01928186
640	23	0.019224668
640	256	0.018591845
640	87	0.018590188
640	267	0.01858898
640	33	0.018488161
641	231	0.031998202
641	1181	0.030420542
641	1177	0.029914383
641	246	0.026648397
641	1481	0.02624346
641	236	0.025958942
641	232	0.023629969
641	1002	0.022683337
641	1288	0.022349956
641	226	0.021908447
642	148	0.039541885
642	157	0.0362691
642	151	0.03544289
642	381	0.021884227
642	71	0.020930272
642	139	0.020155882
642	70	0.019693548
642	225	0.017125303
642	53	0.015816888
642	643	0.01453991
643	123	0.033385117
643	166	0.02370672
643	437	0.020886963
643	243	0.020598
643	345	0.02030403
643	141	0.019977536
643	841	0.019718558
643	1002	0.019636167
643	488	0.01880029
643	111	0.018651089
644	783	0.04478391
644	775	0.04376497
644	104	0.042821594
644	394	0.04191067
644	769	0.03979804
644	398	0.038565427
644	865	0.036509246
644	408	0.03523166
644	1193	0.03214748
644	452	0.031853165
645	256	0.05164915
645	372	0.048338417
645	333	0.045851495
645	62	0.040403824
645	348	0.03994564
645	340	0.038499236
645	1519	0.035457406
645	182	0.02964014
645	385	0.028497394
645	360	0.02767863
646	94	0.021752043
646	1407	0.021302866
646	1579	0.021271147
646	756	0.019561036
646	153	0.017507855
646	223	0.01618599
646	325	0.016077364
646	445	0.016030386
646	492	0.014130342
646	146	0.014074952
647	1581	0.01870463
647	1218	0.017895361
647	931	0.01680702
647	23	0.01456218
647	1053	0.014430162
647	1072	0.01439819
647	1210	0.014094195
647	233	0.013340325
647	480	0.012865765
647	342	0.012060847
648	1241	0.029561685
648	110	0.025376135
648	56	0.024618026
648	108	0.02446441
648	40	0.023943331
648	36	0.022993349
648	752	0.022973308
648	130	0.021005696
648	43	0.020439839
648	168	0.020230733
649	752	0.021102667
649	35	0.018808559
649	44	0.018262455
649	108	0.01818076
649	40	0.018146204
649	43	0.017814172
649	221	0.017318053
649	200	0.01698006
649	64	0.016207408
649	273	0.015537505
650	286	0.039909232
650	514	0.03956255
650	1397	0.03819548
650	625	0.037545793
650	505	0.03693465
650	1040	0.03389545
650	143	0.031837147
650	1359	0.030848505
650	376	0.030739235
650	290	0.03068333
651	371	0.021351058
651	22	0.018490091
651	246	0.017996285
651	46	0.017802486
651	29	0.017754352
651	1481	0.017167957
651	17	0.01699728
651	7	0.01683937
651	144	0.01657099
651	249	0.016410071
652	29	0.025353758
652	164	0.023732545
652	68	0.023452891
652	53	0.023269257
652	46	0.023094881
652	139	0.02266549
652	47	0.02217078
652	222	0.02122596
652	48	0.02121421
652	59	0.021123413
653	164	0.027804222
653	175	0.02241183
653	784	0.021924622
653	25	0.020805772
653	47	0.020590566
653	385	0.020065606
653	59	0.019939518
653	58	0.019861259
653	383	0.01952331
653	269	0.019454043
654	288	0.023852702
654	68	0.022026986
654	153	0.021926317
654	123	0.021500232
654	304	0.018597115
654	803	0.017959343
654	229	0.01761758
654	230	0.017570844
654	635	0.016711196
654	801	0.016687585
655	325	0.0266842
655	148	0.026624313
655	339	0.025508963
655	640	0.023954375
655	404	0.022331355
655	1189	0.02177008
655	24	0.021508705
655	151	0.020941999
655	717	0.020462712
655	71	0.019244114
656	414	0.023312913
656	200	0.022568809
656	221	0.02243838
656	204	0.02040157
656	35	0.020397749
656	271	0.019997891
656	385	0.019488705
656	889	0.019119946
656	418	0.0190011
656	495	0.018917585
657	759	0.027419014
657	403	0.02733106
657	1346	0.027260266
657	404	0.025950372
657	418	0.02585858
657	1241	0.0255273
657	423	0.024195835
657	39	0.02372736
657	1132	0.023423482
657	614	0.021737421
658	66	0.037428778
658	103	0.033583388
658	68	0.030213557
658	48	0.028050017
658	381	0.025865283
658	71	0.02583474
658	225	0.020616582
658	47	0.018674094
658	44	0.018390125
658	42	0.017439036
659	66	0.04408292
659	148	0.041715402
659	139	0.03536605
659	225	0.03181433
659	48	0.029457044
659	70	0.027929168
659	53	0.027640928
659	25	0.026487166
659	495	0.025218237
659	547	0.024958435
660	256	0.031862184
660	59	0.028669458
660	287	0.028124915
660	291	0.024409516
660	333	0.02426623
660	62	0.02367426
660	849	0.022346692
660	303	0.021506924
660	372	0.020682316
660	348	0.01978423
661	662	0.053428706
661	466	0.046682272
661	333	0.041767906
661	455	0.03873097
661	59	0.034632098
661	291	0.031647544
661	1519	0.029305616
661	360	0.025821825
661	187	0.022096397
661	474	0.021612933
662	10	0.03019569
662	148	0.02400848
662	36	0.020054845
662	151	0.018809745
662	157	0.01828133
662	834	0.018007293
662	141	0.016561743
662	132	0.015862787
662	373	0.014510832
662	116	0.014463676
663	226	0.029314345
663	123	0.02673181
663	378	0.02497096
663	424	0.023498565
663	36	0.023278877
663	58	0.02263306
663	379	0.022108039
663	166	0.021944026
663	450	0.021811744
663	269	0.021478329
664	391	0.03506889
664	372	0.026586613
664	385	0.025891295
664	303	0.02587506
664	348	0.025382588
664	333	0.02531501
664	213	0.024814997
664	1059	0.024020318
664	189	0.023419065
664	287	0.022860274
665	37	0.032098353
665	129	0.027914248
665	36	0.027015695
665	72	0.025079124
665	267	0.024850678
665	221	0.024531335
665	784	0.024164367
665	45	0.023951689
665	47	0.023676531
665	61	0.023532335
666	477	0.04324127
666	909	0.027206171
666	117	0.02688754
666	23	0.02676912
666	10	0.026675342
666	116	0.025912015
666	400	0.025062941
666	482	0.02487589
666	406	0.024871368
666	123	0.023674378
667	265	0.02703269
667	481	0.024568778
667	73	0.020451719
667	47	0.019865628
667	487	0.019389994
667	483	0.019007176
667	107	0.018285314
667	18	0.018283118
667	518	0.017858006
667	241	0.017663997
668	66	0.032699298
668	29	0.029004505
668	157	0.028729543
668	59	0.028464045
668	151	0.027592825
668	68	0.026910095
668	71	0.024902072
668	70	0.024372118
668	44	0.02410127
668	273	0.023449788
669	123	0.026578305
669	741	0.023967624
669	149	0.021356052
669	736	0.021191848
669	384	0.020928439
669	1194	0.017803064
669	734	0.017081931
669	171	0.016534558
669	345	0.016224539
669	244	0.0155969225
670	75	0.025153631
670	11	0.023539398
670	119	0.023044532
670	778	0.022638142
670	962	0.022556987
670	905	0.022118762
670	961	0.020510962
670	164	0.020374183
670	915	0.020263648
670	45	0.020243187
671	104	0.021408398
671	345	0.021393377
671	98	0.021122718
671	334	0.019800616
671	162	0.018882923
671	394	0.018635701
671	286	0.018293163
671	422	0.017333634
671	612	0.017086258
671	62	0.017068915
672	12	0.028128842
672	652	0.02270133
672	106	0.021535141
672	257	0.019992359
672	61	0.019250471
672	839	0.018186344
672	417	0.017709173
672	1517	0.01765477
672	200	0.01682187
672	204	0.01678517
673	151	0.038147878
673	157	0.037033554
673	68	0.026951617
673	381	0.016516043
673	139	0.015217272
673	71	0.01425957
673	643	0.013628369
673	225	0.013551787
673	48	0.012974836
673	1061	0.012207991
674	676	0.028679853
674	381	0.025444087
674	68	0.023306206
674	273	0.022873057
674	202	0.022835847
674	151	0.022031799
674	48	0.02174042
674	157	0.020966964
674	256	0.020027397
674	163	0.019996554
675	915	0.030684456
675	257	0.02929647
675	8	0.028388
675	121	0.027228298
675	652	0.026960386
675	22	0.026826989
675	17	0.026787616
675	245	0.024822967
675	773	0.02471375
675	1305	0.024068376
676	826	0.024507178
676	956	0.023784654
676	403	0.022430254
676	381	0.02211468
676	39	0.021707458
676	1583	0.01973387
676	75	0.019297158
676	404	0.018608673
676	1189	0.018302474
676	410	0.016823713
677	11	0.04083613
677	125	0.0332278
677	75	0.030861728
677	2	0.02704541
677	21	0.02641721
677	121	0.02449064
677	410	0.024250472
677	118	0.023977432
677	860	0.02369186
677	1089	0.023187717
678	786	0.03859841
678	789	0.033418037
678	1244	0.02787233
678	844	0.026003648
678	677	0.024523389
678	595	0.02374997
678	1189	0.023427708
678	1511	0.023339791
678	1006	0.0225013
678	903	0.022459062
679	384	0.02583578
679	468	0.023968067
679	132	0.019160936
679	335	0.018264847
679	141	0.018216264
679	379	0.01788973
679	886	0.017685369
679	693	0.01696265
679	944	0.016831497
679	825	0.015929958
680	1575	0.043613985
680	1585	0.041889586
680	1062	0.040845785
680	1225	0.040596828
680	1072	0.039934564
680	1612	0.038613204
680	1069	0.037643686
680	913	0.037108682
680	835	0.03452344
680	1065	0.034320552
681	216	0.024610627
681	115	0.021125175
681	168	0.020548716
681	200	0.020466747
681	204	0.02010786
681	221	0.01969541
681	1136	0.019607496
681	1565	0.01909513
681	569	0.018872824
681	648	0.018357566
682	482	0.07300057
682	406	0.07139708
682	194	0.059577346
682	1260	0.05694626
682	343	0.052690297
682	209	0.04670571
682	298	0.045371443
682	408	0.033871755
682	910	0.03168752
682	913	0.026148397
683	452	0.06492569
683	453	0.049876284
683	209	0.04937882
683	408	0.045142032
683	1533	0.044217788
683	398	0.041202113
683	612	0.038385864
683	859	0.036326196
683	865	0.035024308
683	394	0.034642976
684	209	0.03894998
684	1135	0.03891918
684	398	0.03884628
684	134	0.03791921
684	394	0.03753713
684	769	0.03552198
684	884	0.03292378
684	15	0.024740262
684	1312	0.02446025
684	940	0.024118762
685	257	0.027922299
685	172	0.022252506
685	1089	0.02126404
685	962	0.020907704
685	652	0.020719644
685	15	0.018502407
685	121	0.017693315
685	124	0.017674038
685	1130	0.016113847
685	985	0.015865095
686	1276	0.027966656
686	53	0.024022868
686	10	0.023962883
686	1110	0.022651367
686	118	0.021800641
686	842	0.019574983
686	226	0.01952749
686	944	0.018325329
686	841	0.017770577
686	146	0.016732363
687	1188	0.029693652
687	895	0.029428115
687	209	0.029055132
687	292	0.023170892
687	98	0.02287612
687	378	0.022707254
687	1135	0.022610534
687	1530	0.022471374
687	452	0.022161359
687	826	0.022086801
688	498	0.025243122
688	62	0.024732571
688	867	0.024409471
688	277	0.023144977
688	58	0.023033045
688	1086	0.021739215
688	335	0.021374967
688	574	0.020216608
688	895	0.019446766
688	320	0.018735712
689	441	0.036137413
689	799	0.03364584
689	440	0.03363674
689	579	0.033402085
689	444	0.032457504
689	34	0.032096278
689	439	0.031172095
689	442	0.03117187
689	446	0.0288615
689	447	0.028328262
690	385	0.036735635
690	337	0.03479556
690	195	0.031056076
690	287	0.026743267
690	303	0.025671046
690	36	0.024015993
690	62	0.023627216
690	372	0.023377962
690	417	0.021967843
690	43	0.021678798
691	193	0.020845665
691	119	0.020119507
691	17	0.019413369
691	296	0.01870595
691	339	0.017622165
691	460	0.017599428
691	331	0.017152775
691	289	0.016270561
691	113	0.015884941
691	8	0.015788592
692	331	0.023230104
692	164	0.022074735
692	25	0.021669762
692	784	0.02059641
692	139	0.020431878
692	71	0.019996796
692	428	0.019942354
692	842	0.01988522
692	67	0.019601202
692	64	0.019492162
693	231	0.023168415
693	895	0.019948503
693	379	0.018305795
693	54	0.017340992
693	333	0.017214816
693	1483	0.016731674
693	801	0.016695274
693	53	0.01666691
693	163	0.016630314
693	256	0.016613748
694	384	0.030131306
694	94	0.029883532
694	377	0.029645538
694	334	0.02732675
694	1492	0.027324291
694	231	0.025874509
694	803	0.02517755
694	318	0.025046267
694	58	0.024455536
694	1579	0.024365671
695	379	0.02982697
695	249	0.025133802
695	331	0.024975525
695	616	0.02080092
695	367	0.019846383
695	483	0.019193647
695	173	0.018025849
695	476	0.017843794
695	123	0.017601218
695	92	0.017236795
696	59	0.028476361
696	303	0.023586169
696	417	0.023399785
696	1519	0.023002988
696	372	0.022254042
696	976	0.02195311
696	62	0.021251498
696	427	0.02020549
696	340	0.019966884
696	333	0.018841974
697	256	0.029090468
697	53	0.027779683
697	175	0.02368321
697	71	0.023253465
697	381	0.023023648
697	287	0.02263855
697	67	0.0226291
697	148	0.022579629
697	25	0.022223152
697	47	0.022135612
698	129	0.02989198
698	59	0.025038019
698	74	0.024192115
698	381	0.024020648
698	25	0.022449763
698	40	0.021790972
698	61	0.021750838
698	56	0.021341782
698	555	0.020834837
698	256	0.020787481
699	166	0.026436567
699	10	0.023448985
699	379	0.023410054
699	387	0.0214402
699	384	0.019613279
699	377	0.018179106
699	345	0.018089479
699	290	0.018003602
699	47	0.017751329
699	149	0.017747449
700	286	0.030533927
700	326	0.02744699
700	175	0.025634179
700	47	0.024223423
700	139	0.02114283
700	377	0.020875825
700	374	0.020380516
700	94	0.020139055
700	148	0.02009979
700	232	0.01969146
701	477	0.039820634
701	306	0.032521002
701	441	0.03129695
701	970	0.031234028
701	31	0.031166214
701	799	0.030976739
701	440	0.03067186
701	444	0.029689925
701	23	0.029028827
701	439	0.028196821
702	139	0.034769863
702	72	0.034629285
702	25	0.03319032
702	225	0.030946909
702	48	0.03059547
702	70	0.030585947
702	109	0.027286144
702	222	0.026902394
702	44	0.026699021
702	223	0.026628336
703	256	0.02868976
703	662	0.025506094
703	44	0.023304855
703	202	0.023219343
703	148	0.02316697
703	157	0.022142729
703	463	0.021658944
703	455	0.02161481
703	466	0.020827452
703	641	0.020256836
704	641	0.026351022
704	414	0.024750706
704	677	0.019990157
704	259	0.01979258
704	204	0.019706724
704	216	0.019683877
704	334	0.018328978
704	110	0.018023906
704	130	0.017359292
704	36	0.01724652
705	139	0.038057763
705	151	0.034879763
705	42	0.033560943
705	157	0.03235825
705	68	0.0323539
705	44	0.030248633
705	53	0.030079573
705	148	0.028783157
705	381	0.028138287
705	103	0.027605439
706	648	0.0256104
706	1517	0.024654964
706	181	0.023381457
706	909	0.023002138
706	292	0.022561014
706	958	0.02205344
706	1565	0.019997444
706	236	0.019651048
706	989	0.018608924
706	1429	0.01825794
707	247	0.020428762
707	198	0.019028656
707	45	0.017905068
707	842	0.017262975
707	756	0.016932722
707	46	0.016805964
707	59	0.01659721
707	25	0.016353564
707	227	0.015779879
707	784	0.015361158
708	662	0.03236907
708	456	0.030393304
708	459	0.027774584
708	466	0.027539924
708	460	0.026953707
708	461	0.024874192
708	455	0.021042623
708	157	0.020450426
708	151	0.020113464
708	66	0.020095957
709	221	0.023063324
709	216	0.022925429
709	42	0.02002968
709	50	0.019082258
709	596	0.018604629
709	942	0.018453185
709	414	0.017688388
709	413	0.017535444
709	1220	0.017277088
709	497	0.016948987
710	969	0.022678867
710	1627	0.020946926
710	81	0.020622177
710	1483	0.020342123
710	1296	0.020251779
710	83	0.019682018
710	942	0.019330591
710	1559	0.017901804
710	636	0.017706413
710	56	0.01734337
711	23	0.023328485
711	200	0.023136884
711	216	0.022890108
711	61	0.022207422
711	414	0.021605521
711	75	0.020821912
711	752	0.01994002
711	417	0.018966358
711	24	0.018772561
711	171	0.018713592
712	151	0.033473864
712	157	0.033302404
712	103	0.031207405
712	68	0.024375848
712	381	0.020113619
712	71	0.019137973
712	373	0.016740615
712	635	0.016327446
712	48	0.015087998
712	643	0.013262717
713	414	0.04172276
713	216	0.035985474
713	204	0.030812053
713	569	0.023348073
713	259	0.02284376
713	811	0.022486586
713	784	0.020243084
713	67	0.018693874
713	273	0.017656313
713	1386	0.01649387
714	453	0.029670998
714	1139	0.025581611
714	1636	0.025446488
714	1525	0.024329936
714	1151	0.024158416
714	1620	0.023930121
714	1219	0.023085449
714	868	0.02219511
714	1483	0.021772768
714	956	0.021178843
715	681	0.028172163
715	323	0.026073065
715	648	0.025546571
715	326	0.024234002
715	385	0.02127608
715	368	0.020607313
715	996	0.020344967
715	283	0.01968064
715	752	0.019634739
715	874	0.019509906
716	422	0.036146607
716	394	0.03541738
716	775	0.03441629
716	612	0.034356605
716	134	0.031924102
716	398	0.031341895
716	865	0.0313227
716	104	0.029651841
716	769	0.024679653
716	940	0.024245169
717	331	0.024972148
717	14	0.022925453
717	25	0.02257729
717	164	0.020247044
717	47	0.01956533
717	64	0.018938206
717	69	0.01860737
717	53	0.018056007
717	123	0.017712224
717	163	0.017624142
718	66	0.031402633
718	53	0.029803494
718	157	0.02738324
718	139	0.025598599
718	151	0.025508707
718	36	0.025501074
718	48	0.024528082
718	68	0.023695197
718	42	0.022997618
718	44	0.021989353
719	257	0.026602386
719	21	0.025257152
719	74	0.02345372
719	1193	0.022938805
719	7	0.021208355
719	344	0.0207956
719	811	0.019718545
719	18	0.019329162
719	773	0.018937565
719	137	0.018923813
720	148	0.038259815
720	151	0.031581964
720	68	0.028030047
720	334	0.024556616
720	53	0.024401486
720	48	0.024379166
720	286	0.023634532
720	103	0.02341273
720	59	0.022534696
720	25	0.02205992
721	157	0.026012698
721	151	0.025293192
721	103	0.025152383
721	18	0.021300202
721	223	0.02124485
721	983	0.020023774
721	487	0.019725261
721	139	0.018764574
721	842	0.018675877
721	68	0.018149603
722	432	0.035974625
722	952	0.031521235
722	951	0.028894057
722	1293	0.027779087
722	1243	0.027714504
722	364	0.027596928
722	177	0.027224595
722	915	0.026294967
722	362	0.026219865
722	1205	0.02595734
723	945	0.04716082
723	146	0.036900666
723	1295	0.027681684
723	1557	0.027328609
723	1556	0.026586084
723	1218	0.025161747
723	834	0.023693662
723	1118	0.021989295
723	1407	0.02189111
723	1345	0.021888044
724	139	0.04194402
724	719	0.03945587
724	70	0.036636826
724	428	0.03528417
724	680	0.035102174
724	495	0.034042746
724	487	0.033888068
724	50	0.033457138
724	383	0.033274774
724	224	0.03208564
725	344	0.027386744
725	286	0.027206456
725	384	0.02559269
725	290	0.02358777
725	437	0.019744253
725	354	0.017884161
725	803	0.017814498
725	378	0.017392704
725	801	0.017163796
725	667	0.017036365
726	414	0.030498335
726	1241	0.029477233
726	752	0.028498756
726	115	0.027823532
726	200	0.027721712
726	569	0.027114797
726	74	0.026664224
726	750	0.026245104
726	826	0.024576971
726	110	0.024024565
727	579	0.04231604
727	185	0.034392316
727	441	0.032112166
727	447	0.031355817
727	445	0.02967822
727	443	0.02718604
727	440	0.026514355
727	446	0.024639973
727	444	0.02410536
727	439	0.023815226
728	91	0.020400554
728	36	0.019813903
728	10	0.019130891
728	149	0.019045228
728	23	0.018997965
728	269	0.017570922
728	123	0.016532036
728	92	0.015892051
728	160	0.01571814
728	930	0.015612698
729	1449	0.027022965
729	556	0.02498528
729	97	0.023025477
729	761	0.023005536
729	7	0.02282666
729	325	0.022206997
729	1120	0.021874292
729	1274	0.021522
729	1080	0.018448295
729	1108	0.017667266
730	323	0.052472394
730	346	0.043572467
730	822	0.025496148
730	121	0.024461653
730	874	0.023610158
730	192	0.022374637
730	596	0.02150133
730	198	0.021099268
730	700	0.019928008
730	113	0.01991675
731	194	0.0431305
731	181	0.04237836
731	359	0.041437373
731	292	0.040275306
731	400	0.03791359
731	406	0.037534196
731	909	0.03640766
731	343	0.035860986
731	376	0.026476527
731	73	0.02620312
732	783	0.043669503
732	612	0.04339647
732	775	0.041241594
732	865	0.04093834
732	134	0.040919546
732	422	0.038616966
732	398	0.036263682
732	1188	0.03194179
732	408	0.028542683
732	940	0.02828377
733	124	0.024041424
733	915	0.023101857
733	131	0.022826467
733	116	0.022541758
733	114	0.021410137
733	7	0.021234376
733	2	0.020183688
733	908	0.019825928
733	20	0.019527953
733	652	0.0190212
734	1045	0.021694418
734	1032	0.01871716
734	1291	0.018219696
734	1282	0.018052442
734	795	0.017800914
734	561	0.017521372
734	1358	0.017421052
734	302	0.017115492
734	362	0.01639958
734	708	0.016354183
735	408	0.047658537
735	400	0.035092864
735	292	0.034543112
735	359	0.03364083
735	406	0.03311568
735	909	0.032422036
735	1188	0.031748176
735	181	0.031695966
735	452	0.031438787
735	453	0.031389978
736	200	0.022316756
736	10	0.02117929
736	811	0.018156948
736	54	0.018152587
736	371	0.017655978
736	111	0.016786838
736	345	0.016579175
736	123	0.016517125
736	327	0.016458368
736	74	0.016252985
737	632	0.025861178
737	730	0.024244279
737	1397	0.023771478
737	969	0.02324655
737	549	0.02096811
737	635	0.020835493
737	305	0.020468745
737	1560	0.019393707
737	845	0.019206889
737	1036	0.01915015
738	216	0.027212037
738	495	0.023193788
738	25	0.022542063
738	139	0.022189727
738	71	0.022122346
738	18	0.022032706
738	223	0.021962605
738	842	0.021832306
738	67	0.021573806
738	719	0.0214246
739	53	0.02539316
739	651	0.025285732
739	59	0.020682627
739	48	0.019963868
739	68	0.019821798
739	72	0.018978532
739	381	0.018907184
739	66	0.018210383
739	44	0.017378265
739	364	0.016501214
740	908	0.053406935
740	8	0.050499097
740	571	0.032275792
740	245	0.030544676
740	785	0.029730216
740	177	0.029126482
740	638	0.028377227
740	22	0.025246039
740	1209	0.024460837
740	1340	0.02386658
741	577	0.02826897
741	625	0.027124584
741	1080	0.02674376
741	465	0.024769792
741	224	0.024563659
741	1359	0.024118628
741	215	0.023564707
741	845	0.022011368
741	690	0.021997262
741	1580	0.021810524
742	92	0.041574083
742	1615	0.03218797
742	117	0.030595567
742	23	0.029309265
742	1491	0.029228786
742	1435	0.025634194
742	28	0.024884153
742	970	0.023620576
742	1277	0.021681432
742	237	0.02053066
743	394	0.035608977
743	98	0.03535822
743	104	0.035149023
743	612	0.03466806
743	783	0.032743186
743	198	0.029883817
743	865	0.029332945
743	775	0.028754998
743	987	0.027760595
743	452	0.027065001
744	1191	0.032425147
744	806	0.03185947
744	402	0.03140947
744	108	0.03125683
744	127	0.028343914
744	802	0.02315983
744	45	0.02308192
744	95	0.021429636
744	892	0.019985288
744	226	0.019960595
745	256	0.030500956
745	166	0.024613773
745	123	0.022440758
745	62	0.021806087
745	437	0.020792251
745	379	0.019751878
745	10	0.019333389
745	334	0.018702473
745	163	0.018459808
745	226	0.018244117
746	181	0.06719472
746	406	0.060842827
746	482	0.05850202
746	400	0.0569351
746	359	0.055729076
746	314	0.05525084
746	343	0.043310232
746	408	0.040874254
746	913	0.026919521
746	910	0.025280176
747	216	0.028359173
747	221	0.027542422
747	414	0.024905695
747	72	0.024298431
747	68	0.023502689
747	495	0.022131465
747	164	0.022124916
747	0	0.021619448
747	67	0.021458924
747	71	0.021411039
748	786	0.038682755
748	273	0.03256561
748	151	0.03162479
748	147	0.028567307
748	403	0.02792992
748	185	0.025918411
748	44	0.02409093
748	68	0.022445204
748	103	0.022089407
748	225	0.02196559
749	151	0.03190577
749	66	0.026092
749	42	0.02507474
749	139	0.022544337
749	71	0.017016755
749	103	0.016960857
749	97	0.015663099
749	224	0.014986327
749	695	0.0147930635
749	0	0.014762202
750	79	0.02827671
750	1124	0.026592633
750	198	0.02473964
750	785	0.024210699
750	1131	0.022483995
750	738	0.021288097
750	152	0.020873412
750	230	0.01994076
750	1015	0.018814532
750	81	0.018780334
751	331	0.026140606
751	36	0.021452583
751	59	0.020493744
751	43	0.019867962
751	345	0.019598749
751	69	0.01758595
751	321	0.01704686
751	256	0.016673874
751	95	0.016439399
751	166	0.01534536
752	148	0.024669336
752	157	0.023479188
752	414	0.021094874
752	103	0.019814523
752	44	0.019763617
752	139	0.01878744
752	71	0.01858208
752	42	0.017985804
752	72	0.01743955
752	64	0.017365482
753	140	0.0342864
753	265	0.03421736
753	163	0.023906851
753	562	0.023544991
753	107	0.023356834
753	475	0.020528527
753	255	0.020023871
753	451	0.019610606
753	1093	0.018020032
753	1102	0.016903143
754	598	0.029054208
754	1343	0.028643353
754	964	0.027392514
754	529	0.026230099
754	983	0.02377754
754	899	0.022865713
754	81	0.022276238
754	26	0.020786356
754	1590	0.020706931
754	1246	0.020405969
755	1517	0.029144246
755	343	0.027164696
755	167	0.025924336
755	123	0.024745353
755	1508	0.023121454
755	249	0.022621578
755	400	0.022607768
755	292	0.022002492
755	132	0.021405512
755	194	0.021078145
756	769	0.044455666
756	783	0.043343436
756	134	0.04317178
756	11	0.036545776
756	118	0.03483636
756	612	0.03470163
756	884	0.03018517
756	860	0.029582009
756	398	0.029028265
756	682	0.028326489
757	164	0.025245989
757	35	0.022286579
757	306	0.021582147
757	378	0.021484356
757	201	0.0211398
757	261	0.020793948
757	109	0.01829647
757	970	0.017870273
757	26	0.016776023
757	467	0.016353948
758	258	0.03129103
758	151	0.02655678
758	148	0.02415235
758	564	0.022319062
758	157	0.022306856
758	202	0.022225473
758	0	0.021384336
758	59	0.020004515
758	339	0.019033723
758	912	0.017344823
759	414	0.0325714
759	204	0.032553535
759	216	0.03092153
759	209	0.029371435
759	74	0.029016446
759	394	0.028285788
759	109	0.027142229
759	129	0.025068799
759	769	0.024956938
759	865	0.024520861
760	915	0.036133137
760	432	0.03441109
760	18	0.028856974
760	8	0.028075267
760	15	0.022220504
760	1205	0.021278845
760	350	0.020911828
760	424	0.020000227
760	146	0.019152611
760	571	0.018939672
761	345	0.023887979
761	883	0.019547252
761	567	0.01796733
761	123	0.016379781
761	162	0.016331026
761	944	0.016075868
761	330	0.015029406
761	785	0.014551762
761	1002	0.014481901
761	677	0.014360428
762	343	0.03418655
762	482	0.033630017
762	326	0.032732364
762	298	0.032212142
762	317	0.030646442
762	58	0.03064396
762	290	0.028965516
762	94	0.02895058
762	314	0.027923701
762	142	0.027469927
763	59	0.040378287
763	72	0.028124891
763	139	0.027640132
763	36	0.027301079
763	67	0.02699145
763	68	0.026927914
763	25	0.0263994
763	381	0.026080891
763	148	0.025049085
763	66	0.024180999
764	1188	0.019807491
764	209	0.018503016
764	144	0.018279778
764	784	0.018025277
764	1135	0.01780883
764	104	0.017241465
764	18	0.01629169
764	394	0.015809244
764	224	0.015157644
764	885	0.015088119
765	314	0.05639467
765	482	0.052696463
765	909	0.052353427
765	194	0.052217904
765	406	0.049017336
765	292	0.048874836
765	209	0.046337366
765	359	0.045393433
765	400	0.040182453
765	1260	0.035838876
766	123	0.030328933
766	10	0.025586482
766	763	0.02454307
766	181	0.023524508
766	923	0.02208774
766	482	0.020548552
766	166	0.020376634
766	424	0.02026217
766	734	0.02009163
766	226	0.019970682
767	477	0.02162265
767	10	0.020708632
767	103	0.01905648
767	266	0.017992914
767	1305	0.017864808
767	314	0.017770622
767	908	0.016743673
767	148	0.016606594
767	111	0.016318101
767	652	0.016163869
768	200	0.033070114
768	204	0.030505845
768	216	0.026158016
768	221	0.02501807
768	1136	0.020579997
768	157	0.020161282
768	569	0.02014066
768	70	0.019290596
768	811	0.019210666
768	148	0.018915357
769	269	0.02840845
769	59	0.027935654
769	164	0.026148504
769	127	0.02563444
769	216	0.024983712
769	200	0.024783498
769	64	0.024571082
769	402	0.02456042
769	72	0.023221502
769	71	0.023141477
770	185	0.02951828
770	477	0.023746809
770	802	0.020430382
770	204	0.018514182
770	1023	0.01824699
770	45	0.017048376
770	463	0.01690183
770	75	0.016636865
770	110	0.016324261
770	943	0.016158456
771	196	0.02354881
771	163	0.022761319
771	895	0.021312384
771	94	0.020285811
771	164	0.019917203
771	344	0.018303584
771	326	0.018278832
771	56	0.018098025
771	47	0.017774764
771	175	0.01748721
772	10	0.036536586
772	9	0.029903373
772	257	0.025695302
772	141	0.024342762
772	111	0.018626058
772	119	0.018372837
772	834	0.018143546
772	763	0.018033901
772	117	0.017988404
772	1001	0.01659148
773	196	0.022874149
773	1082	0.020390518
773	168	0.018040203
773	1637	0.016537061
773	801	0.015702428
773	189	0.015311266
773	555	0.015172039
773	198	0.014607279
773	756	0.0142748505
773	621	0.014270839
774	339	0.019851595
774	22	0.019216131
774	1145	0.018999118
774	154	0.018498152
774	761	0.018313669
774	259	0.017043335
774	742	0.016997838
774	985	0.016856138
774	592	0.016813373
774	149	0.016726196
775	151	0.036963403
775	103	0.02350554
775	68	0.023175202
775	48	0.01999018
775	44	0.016943222
775	71	0.015776163
775	139	0.014176066
775	42	0.0134366285
775	273	0.013102101
775	381	0.012968066
776	148	0.044969626
776	157	0.040849213
776	103	0.030888103
776	68	0.027845247
776	48	0.02446091
776	381	0.021711662
776	71	0.02143406
776	44	0.016147058
776	635	0.015686274
776	42	0.0155697465
777	822	0.033745013
777	48	0.028616829
777	346	0.02785582
777	368	0.027198516
777	856	0.026347814
777	222	0.025516639
777	874	0.025249997
777	62	0.025006905
777	428	0.023994273
777	44	0.023635915
778	1188	0.03190992
778	408	0.031850204
778	1135	0.02731148
778	104	0.025018835
778	769	0.024034154
778	98	0.022898119
778	394	0.022462115
778	783	0.022362258
778	209	0.02224894
778	59	0.021467138
779	673	0.037282895
779	913	0.033870902
779	835	0.031967323
779	730	0.031854313
779	690	0.03126589
779	1522	0.029732173
779	967	0.028959643
779	628	0.028914263
779	726	0.0283639
779	1580	0.028037427
780	256	0.031181695
780	579	0.030921072
780	34	0.02736553
780	36	0.024979094
780	445	0.022941466
780	447	0.02269501
780	46	0.02269374
780	862	0.021136666
780	443	0.020996917
780	44	0.020725485
781	773	0.03600916
781	123	0.027743934
781	383	0.027708307
781	8	0.027425036
781	571	0.02301347
781	706	0.021013545
781	245	0.020954562
781	10	0.020380683
781	240	0.020199994
781	111	0.019786749
782	459	0.040224012
782	66	0.02932854
782	36	0.018718757
782	48	0.017509006
782	1462	0.016614912
782	202	0.01637211
782	261	0.015551577
782	1578	0.014875275
782	44	0.014853262
782	462	0.014696999
783	463	0.021874117
783	88	0.019917332
783	108	0.019738827
783	360	0.019100241
783	333	0.017906131
783	44	0.01766988
783	68	0.017619317
783	219	0.016988141
783	1486	0.016819775
783	194	0.016707167
784	1064	0.040197317
784	196	0.03763671
784	555	0.03412019
784	1082	0.03152274
784	419	0.029382948
784	1199	0.024656674
784	904	0.02281259
784	188	0.022603545
784	57	0.02160975
784	1113	0.021318164
785	1474	0.03805584
785	1508	0.035404593
785	1481	0.03507346
785	1494	0.034661625
785	1589	0.033319965
785	970	0.033105645
785	1177	0.032440826
785	1292	0.031674694
785	1330	0.031364724
785	763	0.031268965
786	575	0.02231815
786	1000	0.022046406
786	253	0.0201551
786	343	0.019184882
786	960	0.019180534
786	400	0.018272547
786	577	0.017950121
786	715	0.017811237
786	672	0.01779906
786	567	0.01764351
787	139	0.030554937
787	25	0.029229501
787	144	0.02883
787	109	0.026692435
787	48	0.02646618
787	70	0.026194343
787	59	0.026097793
787	842	0.025038475
787	151	0.024326837
787	0	0.023935745
788	175	0.024650443
788	123	0.018976236
788	111	0.018947773
788	276	0.017949998
788	383	0.01697297
788	347	0.01697117
788	693	0.016582897
788	282	0.016231863
788	10	0.016161576
788	484	0.016136307
789	356	0.029843569
789	318	0.029091764
789	326	0.027870772
789	437	0.026444573
789	142	0.025634797
789	290	0.024953121
789	352	0.024952317
789	143	0.024797859
789	345	0.024571026
789	363	0.023632461
790	31	0.052238833
790	445	0.043735832
790	440	0.0430533
790	447	0.042612668
790	446	0.039965305
790	439	0.039446086
790	444	0.038824193
790	799	0.038403228
790	442	0.037519827
790	443	0.035255753
791	456	0.057845023
791	460	0.05490013
791	461	0.044976555
791	48	0.037178203
791	66	0.03612082
791	157	0.035017334
791	202	0.028251972
791	458	0.023240393
791	273	0.021809258
791	68	0.021261765
792	48	0.032182097
792	66	0.027794382
792	139	0.025886662
792	42	0.025094986
792	44	0.024018975
792	53	0.02271499
792	103	0.020712337
792	362	0.020477202
792	286	0.020208962
792	373	0.01987576
793	8	0.03563353
793	1206	0.03383199
793	1205	0.033803396
793	908	0.033634942
793	451	0.03323021
793	773	0.030386824
793	245	0.02901715
793	483	0.028925553
793	740	0.028583046
793	1269	0.028030034
794	1517	0.040205956
794	1429	0.030901913
794	427	0.030248698
794	989	0.025285285
794	191	0.024583023
794	1364	0.021924067
794	1460	0.02130256
794	638	0.02108188
794	924	0.01980218
794	673	0.019506376
795	256	0.024458261
795	54	0.023955733
795	965	0.019558186
795	883	0.017973939
795	345	0.017518243
795	700	0.016867826
795	10	0.016180966
795	62	0.01609019
795	947	0.015594563
795	162	0.015308398
796	325	0.029747808
796	314	0.029102055
796	181	0.025616731
796	317	0.024882702
796	194	0.024044631
796	209	0.02385013
796	400	0.02279142
796	406	0.022663403
796	482	0.022434883
796	1495	0.022261713
797	22	0.020897824
797	778	0.019830462
797	2	0.019676903
797	119	0.01918424
797	529	0.017288746
797	177	0.0172377
797	911	0.016986737
797	1390	0.01651169
797	785	0.016350362
797	164	0.016195362
798	625	0.05175607
798	1265	0.045122273
798	803	0.044110045
798	1288	0.042593177
798	632	0.041932747
798	229	0.041050855
798	1397	0.039185945
798	153	0.03839761
798	1291	0.03809138
798	845	0.037291292
799	168	0.028091513
799	1023	0.02782478
799	423	0.022220425
799	333	0.02191169
799	31	0.020665439
799	1450	0.019507809
799	1059	0.01853438
799	62	0.01815469
799	43	0.017518833
799	569	0.017050708
800	651	0.04838083
800	432	0.040172122
800	451	0.028132193
800	176	0.02180068
800	648	0.0217421
800	282	0.020985683
800	222	0.020444963
800	4	0.019938406
800	949	0.019027617
800	388	0.01901567
801	383	0.033872016
801	53	0.031979878
801	46	0.028818917
801	241	0.028701955
801	47	0.027129125
801	491	0.02616183
801	139	0.026114833
801	242	0.026114192
801	680	0.025981886
801	29	0.02492758
802	822	0.05239449
802	219	0.04758285
802	372	0.04583403
802	62	0.04466392
802	368	0.043298483
802	596	0.041672476
802	346	0.03923415
802	994	0.03679823
802	856	0.035646647
802	340	0.03477278
803	343	0.025959568
803	874	0.023564927
803	323	0.022776335
803	681	0.022044947
803	822	0.021353457
803	400	0.020658415
803	996	0.02064852
803	359	0.019960897
803	916	0.019612188
803	346	0.019515695
804	53	0.034252893
804	48	0.0332429
804	287	0.03118566
804	463	0.030728653
804	157	0.029188303
804	71	0.028674109
804	62	0.028134003
804	225	0.02782564
804	148	0.027498854
804	87	0.027030015
805	185	0.02615407
805	72	0.024558216
805	67	0.024153182
805	216	0.023606138
805	784	0.022276828
805	44	0.022085374
805	71	0.02114315
805	45	0.020555738
805	200	0.019788876
805	547	0.01959147
806	1193	0.03423212
806	23	0.030518051
806	74	0.030488456
806	61	0.02768343
806	22	0.02638526
806	905	0.025336439
806	126	0.024189144
806	124	0.023827769
806	908	0.023747414
806	137	0.023313334
807	139	0.03618492
807	48	0.034989376
807	103	0.03413619
807	151	0.033905834
807	53	0.033124078
807	72	0.033096932
807	157	0.03206497
807	144	0.031588145
807	66	0.031087482
807	105	0.030140975
808	194	0.022524917
808	162	0.017888334
808	482	0.017849086
808	53	0.017402647
808	68	0.01673677
808	359	0.015866332
808	47	0.015567574
808	381	0.015441479
808	81	0.015402308
808	71	0.015369137
809	148	0.021534847
809	273	0.021241616
809	166	0.020855263
809	151	0.02029138
809	157	0.020084407
809	784	0.019449463
809	547	0.018693577
809	67	0.018626535
809	802	0.018581536
809	129	0.017020928
810	1475	0.03414587
810	1033	0.03364237
810	1158	0.03204544
810	442	0.031694453
810	439	0.03084696
810	1542	0.030554682
810	1359	0.030033076
810	1366	0.028292844
810	1288	0.02807745
810	636	0.027978877
811	204	0.035446994
811	752	0.03127689
811	200	0.031247567
811	56	0.028507117
811	221	0.026911328
811	22	0.024796216
811	20	0.024670158
811	1136	0.023574298
811	1563	0.022732772
811	260	0.02257186
812	306	0.036723286
812	970	0.035587694
812	344	0.03337086
812	135	0.030521035
812	113	0.030105315
812	121	0.025532307
812	1562	0.025388015
812	1563	0.02467765
812	1211	0.024444368
812	1255	0.02423917
813	148	0.035910096
813	68	0.034805823
813	71	0.034742884
813	157	0.034373567
813	53	0.027960494
813	719	0.026910508
813	495	0.025741894
813	144	0.025736623
813	48	0.023970714
813	0	0.023803953
814	368	0.043420095
814	1086	0.025096593
814	1201	0.024738802
814	148	0.023257405
814	874	0.022045946
814	996	0.02166553
814	596	0.021593304
814	872	0.021048222
814	397	0.020613618
814	357	0.02036395
815	12	0.026872069
815	314	0.023447176
815	22	0.023406249
815	911	0.020749234
815	637	0.019560909
815	909	0.018886086
815	103	0.017992891
815	181	0.017802432
815	1343	0.017643051
815	216	0.017599713
816	12	0.03465627
816	7	0.033312097
816	14	0.029546585
816	2	0.028150748
816	20	0.02776869
816	1204	0.027602453
816	137	0.027522787
816	17	0.025748264
816	838	0.025168333
816	811	0.024239799
817	833	0.035938755
817	835	0.035705376
817	181	0.03437699
817	20	0.033272892
817	568	0.033055354
817	964	0.028873796
817	136	0.028267324
817	600	0.027961316
817	915	0.026610391
817	1343	0.02636709
818	1188	0.03998435
818	1135	0.03849152
818	92	0.036021393
818	378	0.03507474
818	453	0.03436785
818	1491	0.033384543
818	1615	0.03267841
818	209	0.031964365
818	408	0.030744324
818	117	0.028547984
819	394	0.04128262
819	865	0.037890166
819	612	0.03314711
819	1437	0.03300079
819	783	0.02836329
819	1213	0.027794862
819	398	0.027184436
819	134	0.02592062
819	288	0.024790324
819	775	0.023600707
820	0	0.037111636
820	381	0.036561754
820	383	0.036265306
820	105	0.03539353
820	71	0.03528731
820	487	0.034128465
820	68	0.034123983
820	64	0.03363998
820	164	0.03336597
820	842	0.033354737
821	35	0.02777982
821	216	0.024786554
821	889	0.02340186
821	70	0.02337414
821	784	0.023072662
821	164	0.022659877
821	40	0.022470282
821	64	0.022445595
821	267	0.021356655
821	269	0.02128512
822	452	0.05355804
822	398	0.039934784
822	865	0.03882116
822	394	0.038210746
822	104	0.037500694
822	612	0.03670097
822	1520	0.033455
822	134	0.033284366
822	422	0.02943124
822	783	0.029081937
823	1495	0.02733135
823	426	0.02377409
823	754	0.02358658
823	1492	0.023574289
823	1508	0.023216411
823	347	0.02097112
823	371	0.020668663
823	367	0.020255499
823	249	0.02006384
823	1197	0.01917266
824	34	0.022191612
824	58	0.021323748
824	31	0.020708147
824	323	0.02052528
824	303	0.01940001
824	700	0.018778037
824	856	0.01866286
824	822	0.01748528
824	87	0.017190052
824	36	0.016837025
825	58	0.021366445
825	970	0.020715874
825	164	0.020209631
825	378	0.019877674
825	149	0.019841209
825	168	0.018887494
825	94	0.01839512
825	334	0.01801685
825	169	0.017341238
825	306	0.017193457
826	368	0.060939055
826	346	0.05461664
826	822	0.04699976
826	596	0.04004892
826	995	0.037767924
826	874	0.03751173
826	700	0.034755547
826	452	0.03424341
826	1201	0.03394086
826	856	0.03309713
827	662	0.022268305
827	456	0.02178692
827	466	0.021202495
827	849	0.017956076
827	1358	0.017875005
827	457	0.01732904
827	88	0.017021695
827	498	0.016878888
827	455	0.016711887
827	703	0.016243018
828	408	0.035186775
828	1188	0.03206383
828	209	0.029780481
828	453	0.029508233
828	1520	0.020242358
828	11	0.019539315
828	104	0.019469112
828	256	0.01921576
828	612	0.01905027
828	141	0.018915558
829	53	0.02633751
829	36	0.023802178
829	129	0.023316154
829	25	0.021405881
829	103	0.021380002
829	70	0.02023751
829	148	0.019494103
829	71	0.019169452
829	74	0.019078976
829	144	0.018921087
830	333	0.04233248
830	372	0.03652748
830	303	0.03641262
830	287	0.03578609
830	348	0.03500299
830	1519	0.028957313
830	340	0.028899472
830	463	0.027797824
830	291	0.02499659
830	88	0.02424585
831	37	0.022452554
831	8	0.02058953
831	172	0.020420834
831	731	0.01989572
831	863	0.019589148
831	424	0.019534374
831	610	0.019031445
831	705	0.018923067
831	411	0.01883182
831	1285	0.018178968
832	31	0.039080016
832	34	0.037082344
832	258	0.034946743
832	447	0.026037615
832	75	0.025448723
832	441	0.02534092
832	445	0.024968404
832	446	0.0248277
832	564	0.024179582
832	185	0.024055982
833	1188	0.059219096
833	1135	0.05447846
833	453	0.043104768
833	408	0.041463796
833	884	0.039194744
833	859	0.03762007
833	885	0.036405087
833	398	0.03557705
833	865	0.033185028
833	394	0.03277402
834	151	0.038618285
834	157	0.035806485
834	66	0.030401608
834	68	0.026268587
834	103	0.02477221
834	381	0.023224654
834	225	0.022666642
834	72	0.02204927
834	71	0.019938622
834	0	0.019885723
835	118	0.031188024
835	21	0.028389713
835	18	0.028315574
835	915	0.025809338
835	15	0.024333237
835	53	0.024246868
835	129	0.023353128
835	71	0.022355776
835	172	0.02080778
835	719	0.020426339
836	719	0.0353437
836	68	0.033976737
836	144	0.032908928
836	139	0.032790508
836	25	0.031684067
836	103	0.03096014
836	221	0.030855153
836	48	0.030494515
836	151	0.029422715
836	680	0.028999623
837	314	0.053243805
837	194	0.049866166
837	406	0.046143252
837	359	0.042897593
837	317	0.04280321
837	292	0.04172172
837	400	0.03823347
837	298	0.035340875
837	209	0.03443139
837	343	0.033737972
838	394	0.028095026
838	612	0.027323013
838	225	0.022560377
838	398	0.021588033
838	783	0.021247268
838	139	0.0209742
838	256	0.020538483
838	273	0.02048938
838	1188	0.019022215
838	452	0.018837836
839	1057	0.042252675
839	145	0.03755485
839	400	0.037426915
839	406	0.034216773
839	281	0.03416681
839	1376	0.03308544
839	916	0.032989457
839	359	0.031474486
839	909	0.031196538
839	1260	0.030740635
840	157	0.03674724
840	103	0.036724888
840	48	0.03023579
840	25	0.028627157
840	72	0.028306272
840	225	0.026349362
840	0	0.025678065
840	67	0.024698254
840	175	0.02447994
840	719	0.024301266
841	118	0.035561234
841	1193	0.027972076
841	75	0.026959209
841	257	0.026948102
841	115	0.023685595
841	125	0.022542788
841	74	0.022269271
841	408	0.022114586
841	129	0.020793812
841	410	0.020557065
842	194	0.023762196
842	359	0.02365524
842	317	0.02225097
842	352	0.021236718
842	482	0.019056914
842	1141	0.01883986
842	314	0.01840609
842	58	0.018139012
842	23	0.017599702
842	357	0.01663803
843	406	0.04438134
843	359	0.044168632
843	181	0.04264782
843	1260	0.04150849
843	400	0.039599065
843	909	0.038465288
843	317	0.035804726
843	292	0.035379652
843	298	0.025307303
843	910	0.024824006
844	482	0.022072496
844	498	0.02018154
844	88	0.017543046
844	13	0.01720432
844	238	0.016707405
844	66	0.01525543
844	147	0.015148334
844	194	0.0149396965
844	428	0.014936666
844	298	0.014917617
845	763	0.028723255
845	367	0.026156811
845	123	0.025772864
845	386	0.025763383
845	379	0.025427984
845	693	0.025214728
845	249	0.024843257
845	977	0.022702176
845	888	0.022624118
845	740	0.02170896
846	148	0.032303598
846	66	0.02849989
846	151	0.027263174
846	48	0.025064847
846	68	0.025022425
846	325	0.01952842
846	139	0.018722361
846	44	0.018003678
846	273	0.01791054
846	59	0.017759252
847	579	0.034864627
847	31	0.033636004
847	441	0.026981799
847	443	0.021925557
847	445	0.020681316
847	447	0.0205824
847	29	0.020454716
847	680	0.01978721
847	446	0.019257952
847	46	0.019184891
848	323	0.023223562
848	1284	0.021044383
848	874	0.019692976
848	265	0.017556043
848	1102	0.017499365
848	346	0.017420497
848	131	0.01719306
848	88	0.016855706
848	681	0.014859355
848	484	0.0147752855
849	426	0.045566276
849	1495	0.04260747
849	1555	0.035667643
849	835	0.032538496
849	236	0.03247492
849	1556	0.03229072
849	1096	0.030354682
849	1340	0.029888067
849	560	0.028799517
849	1088	0.028741866
850	1241	0.033178043
850	893	0.032335274
850	221	0.028963557
850	750	0.026414718
850	1191	0.026363041
850	37	0.02603636
850	1425	0.025662348
850	1189	0.025499098
850	569	0.024407228
850	1169	0.02415194
851	22	0.02926942
851	12	0.026825067
851	785	0.02546811
851	14	0.024696032
851	1358	0.023753833
851	638	0.023142083
851	257	0.0223561
851	18	0.021822358
851	432	0.021633213
851	137	0.021367364
852	641	0.040455505
852	547	0.027500438
852	463	0.027229762
852	256	0.027218524
852	865	0.027010206
852	474	0.026693905
852	98	0.025866905
852	422	0.025777895
852	394	0.025574163
852	775	0.024683025
853	886	0.025603259
853	318	0.024947554
853	321	0.024653276
853	195	0.024464957
853	385	0.024451414
853	256	0.024193881
853	334	0.02340946
853	372	0.022948017
853	123	0.022363897
853	970	0.022099078
854	256	0.02516769
854	360	0.018497385
854	719	0.018075302
854	109	0.017630799
854	381	0.017374523
854	303	0.017102737
854	287	0.016350636
854	291	0.016049884
854	50	0.015810417
854	547	0.015788121
855	460	0.07414205
855	459	0.07337134
855	457	0.06416836
855	455	0.06374652
855	461	0.061516516
855	1578	0.038066756
855	462	0.032608595
855	1462	0.031446878
855	649	0.029189289
855	1604	0.02899579
856	501	0.022321844
856	164	0.01938397
856	914	0.01907992
856	1470	0.019019024
856	715	0.017281791
856	1163	0.017129546
856	849	0.017092891
856	1133	0.017070243
856	904	0.016584393
856	559	0.016547676
857	602	0.025815973
857	959	0.022398705
857	15	0.02168021
857	1460	0.021339461
857	1321	0.020908983
857	1432	0.020695971
857	347	0.01958516
857	238	0.019179733
857	389	0.018277714
857	694	0.017948072
858	187	0.022863122
858	794	0.021812316
858	1098	0.020540219
858	681	0.020037565
858	924	0.019678244
858	370	0.01927952
858	745	0.018556762
858	648	0.018124055
858	469	0.017977297
858	638	0.017769938
859	381	0.027451675
859	719	0.021608425
859	50	0.020868452
859	784	0.020163385
859	70	0.020135958
859	103	0.019907251
859	0	0.018621176
859	25	0.018470954
859	221	0.018453186
859	144	0.01830258
860	1357	0.028316466
860	1575	0.027668707
860	1437	0.026333045
860	65	0.026031103
860	847	0.024992527
860	1638	0.024763884
860	1069	0.024464082
860	981	0.024317756
860	378	0.02413571
860	865	0.023864513
861	433	0.027482808
861	97	0.026047543
861	434	0.024541551
861	610	0.024363177
861	305	0.023338407
861	657	0.022960972
861	1197	0.022277072
861	703	0.021516483
861	1441	0.020709692
861	484	0.020342233
862	414	0.05002796
862	216	0.03598654
862	569	0.0288655
862	418	0.023809329
862	1060	0.023450036
862	1241	0.02335989
862	423	0.022781152
862	415	0.022731237
862	1136	0.022596944
862	812	0.02259318
863	36	0.02083281
863	100	0.01930714
863	648	0.019186003
863	43	0.019169183
863	763	0.016459147
863	47	0.015589421
863	44	0.015342151
863	483	0.015138801
863	414	0.014771466
863	274	0.014439191
864	303	0.04296088
864	59	0.039892778
864	291	0.03677733
864	1519	0.0346186
864	783	0.033094607
864	104	0.03075664
864	394	0.02862136
864	769	0.028139351
864	775	0.027939282
864	88	0.02372889
865	48	0.037388656
865	139	0.036040135
865	381	0.032945484
865	53	0.0320291
865	72	0.03148843
865	428	0.030736191
865	25	0.030167075
865	222	0.030121712
865	70	0.029895077
865	719	0.029664714
866	42	0.021746319
866	48	0.02039606
866	129	0.020042155
866	25	0.019556666
866	719	0.019309677
866	67	0.019258182
866	216	0.018859444
866	72	0.0178414
866	144	0.017785994
866	18	0.017363982
867	59	0.032828584
867	225	0.02895102
867	36	0.027234973
867	256	0.02602133
867	118	0.02215636
867	70	0.020899998
867	842	0.020546818
867	29	0.020321539
867	72	0.020134956
867	547	0.01984569
868	714	0.037201203
868	625	0.0366948
868	1547	0.030387513
868	1392	0.02839081
868	429	0.02698535
868	982	0.025542593
868	1570	0.024851546
868	264	0.01998266
868	902	0.019636033
868	1401	0.01923346
869	329	0.046543732
869	189	0.039793916
869	419	0.034911133
869	1193	0.03449197
869	656	0.030287681
869	961	0.028840944
869	1113	0.026296414
869	230	0.022846302
869	657	0.02186666
869	61	0.021810466
870	1565	0.043750454
870	1517	0.029642867
870	1429	0.025148235
870	976	0.023744095
870	431	0.0229173
870	738	0.022710549
870	1569	0.021669518
870	638	0.020834588
870	435	0.020457286
870	1411	0.019823935
871	284	0.039018642
871	1407	0.035554387
871	1051	0.035356198
871	229	0.035050064
871	376	0.034789898
871	845	0.034393273
871	1359	0.0316773
871	1396	0.031565405
871	1040	0.03152717
871	1548	0.03143821
872	181	0.029362462
872	482	0.027731057
872	194	0.024872214
872	317	0.023083387
872	406	0.021214101
872	36	0.020753685
872	164	0.02022398
872	298	0.02016613
872	292	0.020146957
872	359	0.019449448
873	389	0.038578592
873	1158	0.032973617
873	1051	0.032243032
873	795	0.02922722
873	1560	0.02905325
873	1379	0.028696047
873	1045	0.028471673
873	1291	0.02807602
873	1633	0.02794423
873	1040	0.027918886
874	148	0.0454139
874	68	0.039169658
874	139	0.034931205
874	381	0.033188675
874	71	0.032130435
874	48	0.027452447
874	225	0.025729619
874	72	0.024408435
874	0	0.024075612
874	719	0.023034956
875	59	0.025060203
875	21	0.02261948
875	56	0.021096265
875	66	0.020392928
875	51	0.020236019
875	61	0.01814308
875	256	0.016103711
875	1193	0.016082676
875	58	0.0154867675
875	769	0.015184508
876	42	0.028494406
876	1145	0.024353838
876	47	0.021323835
876	151	0.016895177
876	1256	0.016375348
876	756	0.015860474
876	1102	0.015542442
876	750	0.015116778
876	429	0.014794833
876	567	0.014357348
877	168	0.018891457
877	270	0.018262
877	384	0.018238893
877	521	0.018087238
877	1459	0.01577394
877	734	0.01561784
877	262	0.0155275455
877	1085	0.014937247
877	934	0.014645352
877	184	0.014525922
878	445	0.062116317
878	440	0.05854989
878	444	0.057233248
878	439	0.056318574
878	799	0.053049147
878	446	0.052910622
878	34	0.051758595
878	792	0.030126195
878	1618	0.026081832
878	44	0.023759566
879	123	0.028560812
879	378	0.025538543
879	10	0.024272881
879	59	0.023382088
879	344	0.022932688
879	36	0.0219912
879	162	0.021624625
879	166	0.021492606
879	94	0.021360118
879	257	0.021205377
880	22	0.02960832
880	773	0.027870717
880	53	0.02689763
880	18	0.026367368
880	124	0.025358027
880	15	0.024484513
880	129	0.024000157
880	1193	0.022509437
880	125	0.022077639
880	432	0.022011627
881	907	0.031120252
881	1281	0.028753538
881	110	0.025853941
881	1524	0.025815211
881	1294	0.024993442
881	1256	0.02459821
881	1060	0.024235236
881	1386	0.024130616
881	1444	0.023215847
881	851	0.022750651
882	59	0.035296798
882	256	0.03142358
882	68	0.025178133
882	151	0.025175638
882	139	0.024244312
882	226	0.023878595
882	286	0.023599247
882	326	0.023278551
882	333	0.0224204
882	290	0.021361016
883	195	0.049641475
883	451	0.0388429
883	949	0.02539696
883	388	0.023877434
883	282	0.023452748
883	915	0.023173898
883	1206	0.022210738
883	176	0.021948317
883	350	0.021359606
883	908	0.020491106
884	151	0.02882878
884	148	0.025480209
884	157	0.024541514
884	103	0.018793127
884	960	0.01869462
884	259	0.018359065
884	70	0.017251741
884	256	0.016992318
884	48	0.016856886
884	0	0.015429665
885	100	0.02979598
885	481	0.029454779
885	483	0.028384512
885	107	0.027928075
885	562	0.021718858
885	753	0.019169625
885	1113	0.01905415
885	69	0.017592607
885	476	0.017528623
885	690	0.017500749
886	94	0.032985963
886	58	0.023716828
886	351	0.022734785
886	286	0.020719264
886	326	0.020170072
886	1495	0.019998714
886	384	0.019733747
886	196	0.019454336
886	149	0.019316727
886	189	0.019047484
887	148	0.040959746
887	151	0.038707998
887	381	0.034324795
887	25	0.025199587
887	70	0.02392789
887	48	0.023056228
887	719	0.020886706
887	495	0.017771566
887	222	0.016854655
887	273	0.016037509
888	142	0.026897786
888	243	0.024638698
888	326	0.024239525
888	321	0.021864727
888	175	0.02181893
888	377	0.021242261
888	10	0.021071756
888	94	0.020892212
888	43	0.02068285
888	64	0.020484637
889	204	0.04396451
889	1241	0.034143843
889	569	0.033026215
889	1386	0.030835986
889	981	0.029814359
889	221	0.02898276
889	1136	0.027259726
889	811	0.027209124
889	108	0.02687928
889	418	0.026049355
890	831	0.017918047
890	127	0.01717526
890	178	0.017041728
890	432	0.016325237
890	140	0.016314182
890	806	0.01624352
890	465	0.015988309
890	750	0.01583858
890	951	0.0151315965
890	108	0.014989885
891	374	0.022064729
891	280	0.020602135
891	715	0.018574856
891	139	0.017924676
891	175	0.017684463
891	132	0.017357
891	1321	0.017068926
891	58	0.016395923
891	332	0.016371774
891	247	0.016325358
892	104	0.034213733
892	612	0.029663099
892	783	0.02839556
892	865	0.027885463
892	221	0.02771982
892	414	0.026663318
892	398	0.023976067
892	422	0.023631597
892	129	0.023294058
892	204	0.023219086
893	132	0.025533963
893	1245	0.022371652
893	332	0.022087386
893	1472	0.020202836
893	415	0.020118652
893	976	0.019722426
893	1345	0.01951761
893	146	0.019360512
893	19	0.01726875
893	304	0.016700773
894	209	0.029972697
894	344	0.029065236
894	314	0.028117586
894	970	0.027005862
894	717	0.023421604
894	987	0.022661813
894	292	0.022380756
894	194	0.022219053
894	78	0.021778116
894	378	0.02170876
895	1387	0.032158915
895	1502	0.029921608
895	1225	0.02985211
895	913	0.027428608
895	645	0.026958296
895	1068	0.026187884
895	1500	0.026131311
895	233	0.02590437
895	746	0.025796082
895	761	0.025394926
896	345	0.026212668
896	58	0.022451833
896	111	0.02213158
896	989	0.021338416
896	123	0.020778392
896	370	0.01929863
896	373	0.01819786
896	246	0.017684588
896	693	0.017537057
896	249	0.017352864
897	886	0.025610145
897	465	0.022347867
897	391	0.02197142
897	437	0.021763898
897	169	0.021392962
897	290	0.020430485
897	286	0.019927388
897	243	0.019072164
897	123	0.018516988
897	94	0.018000685
898	63	0.032674048
898	1309	0.029987773
898	1468	0.029719261
898	426	0.029639523
898	1518	0.027475294
898	1236	0.027440699
898	509	0.026522364
898	1522	0.026468439
898	1214	0.025630694
898	1158	0.024847265
899	8	0.034753274
899	433	0.033772897
899	738	0.02906183
899	1343	0.028630577
899	908	0.028016746
899	851	0.02739642
899	254	0.026648788
899	1358	0.02654166
899	1556	0.024849888
899	432	0.024755515
900	339	0.041473
900	154	0.030388875
900	1405	0.029788885
900	1145	0.02730967
900	988	0.026671365
900	1023	0.02456559
900	88	0.023563668
900	695	0.023498397
900	1530	0.023401301
900	277	0.023400823
901	124	0.030688565
901	121	0.029103149
901	22	0.027472857
901	1193	0.027456837
901	75	0.026868207
901	138	0.02588858
901	915	0.025811631
901	7	0.025692604
901	5	0.025130356
901	1331	0.024840562
902	335	0.02245304
902	303	0.022278078
902	367	0.020417202
902	166	0.020216653
902	348	0.020077564
902	763	0.018944843
902	372	0.018538002
902	371	0.01805819
902	161	0.017363312
902	141	0.017129444
903	908	0.026744213
903	18	0.026505625
903	1206	0.02433682
903	915	0.023581166
903	778	0.023544097
903	105	0.023454797
903	177	0.022917544
903	245	0.021622507
903	763	0.021056663
903	785	0.020053139
904	54	0.01709175
904	763	0.01693683
904	10	0.016786298
904	345	0.016266912
904	166	0.016255407
904	141	0.015950868
904	139	0.015529338
904	53	0.015335684
904	50	0.014843071
904	68	0.013956621
905	651	0.047837313
905	303	0.040269304
905	256	0.033174597
905	59	0.032856006
905	51	0.03187403
905	372	0.031621005
905	333	0.031019403
905	62	0.030416165
905	32	0.03024519
905	43	0.027544452
906	36	0.033502102
906	59	0.026385488
906	68	0.022607096
906	71	0.020550985
906	67	0.019951308
906	88	0.01833725
906	70	0.017791107
906	269	0.017526692
906	25	0.016865253
906	72	0.016845956
907	323	0.04698089
907	346	0.032298245
907	822	0.02586109
907	326	0.023712894
907	1201	0.021368343
907	269	0.02104393
907	318	0.020981463
907	994	0.020161979
907	357	0.020038716
907	108	0.020006122
908	231	0.035938382
908	774	0.027681835
908	1158	0.022711368
908	1398	0.021830803
908	229	0.021576582
908	153	0.020205865
908	232	0.019800797
908	53	0.019634472
908	286	0.018714663
908	1288	0.015651261
909	1188	0.026191317
909	34	0.02378514
909	1135	0.023118893
909	31	0.022951307
909	151	0.022579936
909	68	0.022357177
909	1530	0.022001944
909	209	0.021772971
909	444	0.021584734
909	452	0.021522617
910	221	0.033115778
910	414	0.033099975
910	109	0.031299543
910	67	0.02873615
910	74	0.028705318
910	72	0.028559811
910	204	0.028164074
910	40	0.02600412
910	129	0.024737168
910	381	0.024299884
911	119	0.030098764
911	1193	0.030036932
911	257	0.028760063
911	61	0.027652584
911	74	0.025949595
911	121	0.025163205
911	118	0.024597028
911	21	0.024324095
911	555	0.024228727
911	258	0.021465965
912	68	0.046774313
912	381	0.046286274
912	157	0.042542815
912	71	0.04251627
912	491	0.038839106
912	44	0.038792692
912	428	0.038397692
912	247	0.036415458
912	223	0.035940968
912	109	0.034519374
913	334	0.028040247
913	153	0.02354863
913	377	0.023242196
913	1002	0.023210358
913	265	0.022973709
913	286	0.022750663
913	94	0.022614565
913	74	0.022349041
913	168	0.020879405
913	886	0.019731786
914	151	0.037507433
914	68	0.030576866
914	103	0.027545046
914	139	0.026873667
914	48	0.026075676
914	47	0.022974497
914	71	0.021784868
914	53	0.021605026
914	225	0.021026807
914	44	0.020802466
915	358	0.035776787
915	337	0.03379204
915	336	0.023349242
915	1290	0.019037088
915	132	0.018841118
915	777	0.018834967
915	330	0.018426172
915	327	0.018240662
915	235	0.018017
915	567	0.01710924
916	632	0.035526223
916	373	0.0303717
916	232	0.028367547
916	153	0.024838718
916	1288	0.023295896
916	284	0.023077207
916	229	0.023048904
916	302	0.02295074
916	945	0.022683943
916	1473	0.022456888
917	247	0.029647237
917	139	0.028466433
917	491	0.025981495
917	487	0.025635906
917	29	0.024464555
917	64	0.023886506
917	222	0.02367282
917	46	0.023590617
917	105	0.022204623
917	68	0.02192062
918	889	0.053368628
918	1563	0.047113366
918	65	0.03822707
918	934	0.038090453
918	1562	0.037887607
918	1079	0.036620934
918	1069	0.036549512
918	1638	0.03603442
918	1627	0.034692418
918	1525	0.033296913
919	290	0.02881678
919	58	0.027280588
919	377	0.026775893
919	378	0.02655776
919	889	0.025981357
919	306	0.02483985
919	283	0.023994135
919	506	0.02264094
919	363	0.02252739
919	934	0.022422079
920	326	0.028545864
920	142	0.026189005
920	121	0.021239106
920	2	0.020912211
920	945	0.020412333
920	1023	0.020263702
920	74	0.020086847
920	1204	0.018213835
920	1276	0.018060425
920	1110	0.017634876
921	666	0.031758185
921	306	0.030711992
921	1220	0.026410222
921	1206	0.026310105
921	714	0.0257781
921	1426	0.025625575
921	813	0.02546063
921	1547	0.02542211
921	1570	0.02434899
921	836	0.024062686
922	453	0.035097346
922	1530	0.03403231
922	408	0.033017274
922	452	0.03255144
922	1135	0.032396756
922	394	0.029137168
922	865	0.028832067
922	104	0.028746378
922	1526	0.028556822
922	151	0.028468622
923	148	0.039228752
923	157	0.036855493
923	68	0.035644535
923	139	0.034161367
923	42	0.032303132
923	44	0.03040127
923	381	0.029954728
923	71	0.029354412
923	72	0.02860745
923	0	0.028589427
924	801	0.039060183
924	774	0.028325077
924	229	0.028003171
924	884	0.026291462
924	1533	0.0258127
924	1408	0.022214662
924	132	0.019368412
924	677	0.018904928
924	394	0.01842837
924	232	0.018330393
925	727	0.027451731
925	1265	0.026989346
925	1032	0.02621446
925	632	0.024657376
925	579	0.023401491
925	795	0.022909902
925	243	0.022101048
925	34	0.021848788
925	902	0.021039532
925	1572	0.020769758
926	53	0.030582357
926	72	0.029312765
926	784	0.029125586
926	67	0.028282959
926	216	0.028278492
926	221	0.026317567
926	109	0.025900312
926	719	0.025100669
926	383	0.02457106
926	381	0.024359128
927	437	0.022503361
927	252	0.01987748
927	480	0.018914392
927	886	0.017944071
927	384	0.017391345
927	760	0.016915027
927	506	0.016752474
927	283	0.01633356
927	831	0.01631059
927	1141	0.016114354
928	59	0.03048796
928	323	0.025566414
928	219	0.024409825
928	36	0.02374978
928	108	0.022355596
928	87	0.02209489
928	365	0.021597935
928	62	0.01919838
928	298	0.019171258
928	347	0.019029109
929	738	0.031681657
929	924	0.030301416
929	1064	0.028733708
929	908	0.027952721
929	196	0.026123159
929	706	0.02599914
929	1007	0.025040904
929	245	0.022688314
929	230	0.021694122
929	257	0.021650683
930	103	0.03564598
930	71	0.03460553
930	157	0.030421613
930	151	0.029875932
930	148	0.028443664
930	25	0.028194686
930	53	0.027703132
930	66	0.02690864
930	72	0.022544907
930	70	0.02217194
931	148	0.044154126
931	103	0.03928261
931	48	0.03530693
931	381	0.033582073
931	71	0.0333502
931	225	0.032213397
931	147	0.031203702
931	53	0.03113896
931	0	0.02997856
931	72	0.029670995
932	247	0.019432405
932	162	0.019317772
932	883	0.018398866
932	69	0.017183451
932	265	0.016985953
932	383	0.01648625
932	36	0.015813168
932	256	0.015282745
932	140	0.014643879
932	609	0.0141906245
933	21	0.033522908
933	477	0.027720716
933	1193	0.02574168
933	257	0.024668919
933	75	0.023019161
933	773	0.02271774
933	2	0.022562671
933	410	0.021469226
933	92	0.021296585
933	408	0.02096066
934	58	0.057762813
934	384	0.031473204
934	89	0.028155074
934	73	0.025222233
934	167	0.024160337
934	1371	0.024024727
934	1174	0.023903342
934	1495	0.023029337
934	171	0.022711204
934	279	0.022485163
935	66	0.03831263
935	139	0.03709293
935	103	0.035860978
935	151	0.035137903
935	0	0.03223071
935	71	0.031046266
935	72	0.030945055
935	25	0.030763276
935	383	0.030666407
935	144	0.029376538
936	844	0.030543646
936	103	0.023433048
936	139	0.021083696
936	68	0.01922682
936	151	0.019041197
936	650	0.018925576
936	88	0.018858263
936	463	0.018210672
936	381	0.018202266
936	553	0.018012922
937	83	0.02365278
937	80	0.022842484
937	241	0.021301372
937	437	0.020610137
937	240	0.02041221
937	800	0.019634917
937	227	0.018498473
937	81	0.01788549
937	345	0.017737
937	150	0.017524034
938	2	0.023463989
938	172	0.019986594
938	245	0.019826759
938	1204	0.019743368
938	137	0.01966666
938	1390	0.019598197
938	1206	0.01817411
938	1343	0.018091226
938	860	0.018058088
938	204	0.017639725
939	1188	0.04023098
939	1135	0.032766346
939	453	0.025980297
939	910	0.024738247
939	1520	0.023850134
939	241	0.021995962
939	323	0.021880217
939	1312	0.02137784
939	828	0.02117758
939	1485	0.02014774
940	261	0.03332026
940	1383	0.029808106
940	433	0.029229324
940	1143	0.028414324
940	302	0.028091
940	705	0.027208906
940	236	0.027148267
940	982	0.027025133
940	1303	0.02680824
940	1067	0.026345601
941	337	0.03105312
941	358	0.030636644
941	385	0.027282996
941	195	0.025370462
941	651	0.025016082
941	321	0.023380646
941	792	0.02005725
941	336	0.019744935
941	300	0.018333146
941	303	0.017911525
942	793	0.023735395
942	801	0.022281384
942	115	0.019783378
942	203	0.01934404
942	231	0.019202812
942	465	0.01898822
942	1138	0.018726086
942	384	0.018627353
942	153	0.018304652
942	47	0.018049454
943	157	0.030501623
943	148	0.029654153
943	151	0.028978623
943	71	0.02469178
943	225	0.018868718
943	48	0.017175745
943	25	0.015482876
943	273	0.015262459
943	70	0.014323425
943	643	0.014024004
944	94	0.026937636
944	359	0.024763433
944	298	0.023318443
944	194	0.023315426
944	292	0.02259678
944	909	0.0211503
944	142	0.020780379
944	317	0.02066348
944	326	0.020036845
944	400	0.019441213
945	333	0.028955821
945	287	0.028915916
945	256	0.025605755
945	372	0.024799192
945	348	0.024598688
945	352	0.024201544
945	822	0.02357479
945	226	0.021989476
945	1201	0.021159574
945	667	0.020726366
946	889	0.03185113
946	884	0.02926317
946	65	0.027174532
946	934	0.024456568
946	1079	0.024172893
946	104	0.023265576
946	1072	0.023083352
946	1562	0.022526138
946	394	0.021718884
946	1188	0.02166206
947	1178	0.07363016
947	1474	0.06565131
947	1330	0.062987015
947	1488	0.05507588
947	1494	0.054279488
947	1513	0.05341314
947	236	0.053113583
947	1478	0.052665498
947	1361	0.0510147
947	1303	0.05006396
948	374	0.012226438
948	763	0.011985039
948	286	0.011867059
948	23	0.0115487045
948	706	0.01128599
948	160	0.011231635
948	298	0.011215269
948	475	0.011161718
948	240	0.01061953
948	289	0.010488811
949	1064	0.023027934
949	1032	0.021944512
949	68	0.01917536
949	70	0.01776447
949	1044	0.017734118
949	64	0.017639855
949	849	0.017035333
949	999	0.016871693
949	189	0.016720356
949	196	0.016421886
950	632	0.03452663
950	801	0.02681504
950	1473	0.024927756
950	625	0.02382636
950	1110	0.022415904
950	229	0.02157707
950	403	0.02127218
950	389	0.0203958
950	945	0.019646103
950	1036	0.019551542
951	151	0.029011529
951	36	0.026693141
951	59	0.025615992
951	68	0.02351671
951	256	0.02268898
951	108	0.021250332
951	123	0.019990372
951	163	0.018528335
951	273	0.01846037
951	62	0.018298453
952	59	0.034148067
952	88	0.033149455
952	47	0.031774692
952	36	0.028292188
952	48	0.027534157
952	148	0.02675971
952	0	0.02464849
952	175	0.024435349
952	70	0.02442929
952	547	0.02435459
953	1374	0.03622321
953	486	0.03414137
953	169	0.03378996
953	1621	0.032970127
953	1379	0.031333685
953	1389	0.02984285
953	502	0.029533802
953	581	0.029188914
953	1375	0.029045118
953	4	0.027361155
954	453	0.033100404
954	209	0.031780463
954	1188	0.027492633
954	1135	0.027000695
954	452	0.025477612
954	394	0.025246575
954	783	0.024914186
954	134	0.024434892
954	118	0.023739684
954	612	0.02366345
955	326	0.02642021
955	226	0.026201557
955	384	0.023539834
955	58	0.023225205
955	59	0.022818064
955	283	0.02164699
955	345	0.021629063
955	1177	0.020425985
955	379	0.019858163
955	166	0.019434256
956	108	0.036106687
956	806	0.0330479
956	0	0.0309131
956	98	0.028341655
956	1004	0.028164335
956	783	0.027474381
956	110	0.02734963
956	802	0.0268695
956	421	0.026369115
956	95	0.025270374
957	231	0.041225478
957	229	0.025479339
957	774	0.025043445
957	1398	0.024899872
957	286	0.024451802
957	148	0.02335621
957	373	0.023223456
957	389	0.022168757
957	132	0.021008864
957	1408	0.020603428
958	1181	0.025494048
958	1481	0.023929162
958	1323	0.022269167
958	389	0.021127487
958	1178	0.020469887
958	437	0.018575625
958	1184	0.018227901
958	1488	0.017491478
958	1292	0.017012844
958	306	0.016702123
959	908	0.031498905
959	915	0.029513665
959	362	0.028569026
959	1340	0.027529111
959	15	0.027291283
959	8	0.027146207
959	121	0.025777152
959	53	0.025027253
959	7	0.024014246
959	987	0.023230359
960	23	0.061318986
960	1615	0.056949075
960	1491	0.04614535
960	1435	0.04595766
960	28	0.035311706
960	616	0.026510015
960	379	0.022558182
960	19	0.021166034
960	472	0.021110246
960	1557	0.020874908
961	408	0.038477898
961	118	0.033660214
961	21	0.03171549
961	452	0.02964963
961	1135	0.02930995
961	1188	0.028460305
961	453	0.028303321
961	194	0.027518641
961	15	0.027424432
961	422	0.026569087
962	68	0.03825008
962	103	0.03628703
962	381	0.03583657
962	428	0.035053104
962	71	0.03453975
962	719	0.034303915
962	0	0.033909608
962	48	0.033853408
962	491	0.0335856
962	29	0.033375505
963	625	0.03590501
963	374	0.032874294
963	795	0.031669375
963	1396	0.031598184
963	1282	0.030332236
963	1397	0.02914185
963	1472	0.027966276
963	1291	0.027003493
963	505	0.026265845
963	1579	0.026219552
964	71	0.022080855
964	72	0.02048082
964	53	0.01945935
964	148	0.01916203
964	59	0.017388191
964	752	0.017158646
964	25	0.016593093
964	381	0.016583586
964	44	0.016554587
964	164	0.016413998
965	240	0.028830305
965	977	0.026377462
965	80	0.021153683
965	727	0.021069122
965	664	0.020774875
965	626	0.01953233
965	302	0.019113746
965	655	0.01895901
965	909	0.018796828
965	294	0.01867152
966	273	0.04383
966	360	0.034211334
966	66	0.030548753
966	383	0.029163238
966	29	0.028779848
966	0	0.028128734
966	46	0.027596435
966	151	0.027411552
966	62	0.027021712
966	67	0.026883893
967	908	0.029369002
967	773	0.027009329
967	962	0.02539216
967	909	0.0253765
967	432	0.02339356
967	172	0.023351356
967	406	0.02249571
967	181	0.02220446
967	1461	0.021692006
967	1132	0.021617243
968	256	0.025268817
968	385	0.023061315
968	345	0.021974623
968	377	0.021891253
968	66	0.02130482
968	157	0.019666173
968	151	0.019378701
968	290	0.018593045
968	171	0.018415643
968	339	0.018329784
969	1032	0.03732937
969	63	0.03264484
969	1129	0.031921007
969	641	0.03156943
969	647	0.029867543
969	786	0.027874362
969	1379	0.027141321
969	98	0.026382888
969	1051	0.026249407
969	896	0.026107555
970	367	0.043330275
970	763	0.035653032
970	379	0.034994315
970	1474	0.033748116
970	123	0.03267969
970	1508	0.03256624
970	1292	0.025780974
970	1441	0.02453291
970	1481	0.02277943
970	1256	0.021694236
971	151	0.040982462
971	68	0.032539487
971	139	0.025703296
971	71	0.024218991
971	48	0.024144614
971	381	0.021892514
971	273	0.02121639
971	67	0.02001912
971	44	0.019965718
971	72	0.01976475
972	343	0.031517576
972	258	0.028787505
972	937	0.025774116
972	372	0.022863213
972	916	0.022298317
972	41	0.021939863
972	359	0.021913867
972	650	0.02138624
972	360	0.021196209
972	213	0.021101248
973	204	0.026084917
973	942	0.019451173
973	14	0.019061226
973	414	0.018987484
973	216	0.01894464
973	194	0.01841877
973	1	0.017981444
973	914	0.017799456
973	1241	0.017644271
973	257	0.01757869
974	157	0.041703455
974	103	0.026217215
974	68	0.01909629
974	628	0.017654916
974	853	0.017369345
974	48	0.016314015
974	1403	0.016292218
974	1061	0.016055996
974	1325	0.015336138
974	261	0.014333449
975	769	0.028534595
975	118	0.02830856
975	452	0.027447404
975	453	0.026913663
975	104	0.026742917
975	185	0.026182503
975	1135	0.02595518
975	612	0.025945298
975	209	0.025446385
975	783	0.025136676
976	59	0.04161864
976	474	0.031193616
976	273	0.029380886
976	48	0.028075168
976	148	0.026213935
976	157	0.025723832
976	201	0.025454096
976	225	0.025452005
976	175	0.025443245
976	547	0.02539734
977	769	0.035955157
977	940	0.033545155
977	866	0.033303875
977	394	0.03278191
977	453	0.032304533
977	98	0.031824432
977	398	0.027975887
977	783	0.026786014
977	1312	0.026759287
977	612	0.026677053
978	1002	0.023485072
978	326	0.022716438
978	379	0.021800015
978	334	0.021476816
978	142	0.020890532
978	10	0.020355457
978	377	0.0186308
978	886	0.018557852
978	153	0.01758872
978	94	0.017346127
979	662	0.064172305
979	460	0.05894385
979	459	0.056544803
979	461	0.046412244
979	462	0.02482771
979	1578	0.023974538
979	1462	0.02361784
979	62	0.023288226
979	725	0.022869542
979	340	0.022297695
980	834	0.020835113
980	1516	0.020627243
980	970	0.0200132
980	333	0.019724395
980	303	0.017686885
980	1557	0.017168801
980	378	0.017135274
980	33	0.01683758
980	280	0.016694276
980	141	0.016682507
981	71	0.03341412
981	139	0.027740192
981	72	0.026704222
981	25	0.02620235
981	68	0.024495557
981	67	0.024161361
981	719	0.023842424
981	103	0.02334674
981	53	0.023137609
981	129	0.022342287
982	139	0.034894157
982	72	0.03439603
982	36	0.033776008
982	0	0.031460255
982	47	0.030675443
982	70	0.030476011
982	381	0.03041401
982	222	0.02994367
982	48	0.02983402
982	383	0.028271262
983	219	0.034389336
983	368	0.03249063
983	323	0.031037651
983	365	0.028058432
983	874	0.02592358
983	994	0.0257384
983	66	0.025140492
983	822	0.0229432
983	856	0.022067547
983	148	0.021630313
984	139	0.023677615
984	64	0.021520307
984	69	0.02087707
984	108	0.020845586
984	204	0.02028168
984	784	0.020120338
984	265	0.019957788
984	140	0.019351257
984	483	0.019082097
984	149	0.018632675
985	1133	0.026586164
985	141	0.022497732
985	1057	0.021487629
985	931	0.020292036
985	163	0.019703137
985	43	0.017600069
985	988	0.0173788
985	1286	0.016601708
985	76	0.016424855
985	96	0.016401444
986	641	0.02532146
986	786	0.021764759
986	1583	0.020589404
986	677	0.019924887
986	690	0.019036923
986	832	0.017873751
986	1492	0.017466048
986	150	0.01692684
986	1518	0.01674649
986	567	0.016438438
987	187	0.020493435
987	470	0.019884989
987	483	0.018814236
987	480	0.018240469
987	150	0.017786808
987	800	0.017660454
987	1167	0.017637061
987	83	0.0170282
987	265	0.016854148
987	41	0.01685354
988	48	0.038465142
988	151	0.03202916
988	44	0.031014701
988	157	0.02905672
988	148	0.028543845
988	71	0.027978403
988	69	0.027758181
988	70	0.027711969
988	25	0.027483907
988	103	0.027274882
989	216	0.03849557
989	414	0.034197565
989	37	0.030952763
989	200	0.027022522
989	1241	0.025630128
989	413	0.025525175
989	129	0.024154853
989	417	0.024101958
989	1431	0.023982812
989	61	0.022697458
990	833	0.039885532
990	1577	0.031733908
990	836	0.031104166
990	433	0.029581524
990	581	0.028816586
990	746	0.028236656
990	834	0.027689217
990	1480	0.027468178
990	568	0.026540866
990	236	0.025957841
991	406	0.06071208
991	317	0.057976015
991	359	0.05583326
991	292	0.05338267
991	400	0.052341253
991	1260	0.047953792
991	343	0.04316665
991	298	0.03745297
991	209	0.032007884
991	910	0.02904829
992	384	0.030431664
992	168	0.023296317
992	345	0.021658143
992	693	0.018386455
992	97	0.01799426
992	108	0.015999151
992	802	0.015988857
992	347	0.014951159
992	1021	0.014823432
992	73	0.014676882
993	40	0.024084317
993	109	0.022043109
993	331	0.020817839
993	25	0.02070295
993	719	0.019662626
993	274	0.018975269
993	784	0.018411864
993	267	0.017819362
993	44	0.01745587
993	271	0.017174013
994	849	0.031943254
994	129	0.028093023
994	1064	0.027165882
994	463	0.02514298
994	844	0.023739537
994	118	0.021512246
994	70	0.021430038
994	196	0.020781314
994	68	0.020229217
994	453	0.020035304
995	394	0.03639892
995	783	0.033657547
995	452	0.030682828
995	398	0.030331695
995	769	0.029350845
995	422	0.028897673
995	1135	0.028733464
995	134	0.026748583
995	209	0.026626477
995	98	0.026543342
996	1374	0.035043936
996	486	0.03155172
996	1375	0.028578728
996	426	0.02323484
996	1000	0.022695437
996	1197	0.022655712
996	956	0.022081237
996	189	0.020006087
996	728	0.01930704
996	597	0.019214217
997	794	0.023122381
997	993	0.021621913
997	345	0.02111526
997	638	0.020934783
997	370	0.019188033
997	785	0.018937333
997	763	0.018447159
997	379	0.018421885
997	284	0.018250916
997	825	0.01782978
998	175	0.028955031
998	36	0.024387207
998	18	0.024275921
998	164	0.023829924
998	68	0.023315309
998	621	0.022841508
998	47	0.022706239
998	67	0.02264761
998	144	0.022628356
998	139	0.021525333
999	1	0.025698377
999	113	0.02516787
999	224	0.021201799
999	1305	0.019928878
999	983	0.019549761
999	1390	0.019273428
999	1381	0.019113423
999	453	0.018902639
999	1032	0.018476037
999	731	0.018400846
1000	426	0.03716653
1000	1096	0.03182056
1000	1508	0.03171407
1000	1561	0.030436393
1000	560	0.030002104
1000	1088	0.0291583
1000	626	0.028859714
1000	1495	0.02566591
1000	167	0.021770587
1000	305	0.02082083
1001	785	0.02475327
1001	245	0.02370845
1001	8	0.020479074
1001	1083	0.01885082
1001	851	0.018665815
1001	555	0.018522106
1001	177	0.018429995
1001	178	0.016767014
1001	985	0.016730577
1001	126	0.016714284
1002	1492	0.0383342
1002	976	0.035687678
1002	1260	0.031183464
1002	1110	0.030991796
1002	132	0.0303064
1002	1408	0.028086891
1002	1345	0.027393475
1002	607	0.026587669
1002	1033	0.026568271
1002	1407	0.026564946
1003	68	0.043642268
1003	71	0.038526107
1003	157	0.037595183
1003	0	0.03583468
1003	222	0.03574922
1003	680	0.034447648
1003	29	0.033108726
1003	44	0.032882124
1003	105	0.03251829
1003	46	0.032396846
1004	286	0.028726561
1004	94	0.027689172
1004	326	0.025738064
1004	139	0.02570857
1004	162	0.024429422
1004	294	0.024045559
1004	243	0.021934612
1004	318	0.021719303
1004	163	0.021706946
1004	1141	0.02156315
1005	221	0.04781159
1005	200	0.043153897
1005	204	0.037793312
1005	811	0.03362328
1005	569	0.028958384
1005	784	0.026715143
1005	144	0.026147924
1005	64	0.025512107
1005	71	0.024669439
1005	381	0.024179744
1006	257	0.029202279
1006	292	0.027921172
1006	12	0.027465662
1006	400	0.02508063
1006	181	0.024767892
1006	1192	0.023860231
1006	1404	0.021922357
1006	359	0.021313861
1006	194	0.020995814
1006	74	0.020057568
1007	69	0.022888444
1007	719	0.021559373
1007	144	0.021146595
1007	71	0.020928688
1007	175	0.019757388
1007	46	0.018675258
1007	25	0.018577
1007	119	0.018348647
1007	784	0.01729812
1007	1517	0.017208437
1008	175	0.024096034
1008	88	0.022640916
1008	163	0.022530176
1008	286	0.021703575
1008	225	0.021433022
1008	36	0.021389334
1008	162	0.021270256
1008	94	0.020389443
1008	59	0.019782756
1008	68	0.017708598
1009	477	0.02351652
1009	18	0.022014542
1009	204	0.02188195
1009	221	0.021709314
1009	117	0.020146469
1009	414	0.019790001
1009	22	0.019419463
1009	144	0.018266402
1009	719	0.01805599
1009	72	0.01796702
1010	148	0.0298091
1010	48	0.028089851
1010	66	0.02683525
1010	139	0.025148256
1010	123	0.024072435
1010	175	0.023660462
1010	36	0.022946475
1010	71	0.022128519
1010	59	0.020381693
1010	70	0.020025525
1011	817	0.042656988
1011	541	0.03951772
1011	1154	0.0380908
1011	623	0.03754178
1011	584	0.036767174
1011	486	0.03336687
1011	1350	0.033034258
1011	239	0.03282109
1011	1416	0.032816224
1011	765	0.03252368
1012	483	0.029258188
1012	475	0.028247366
1012	481	0.026641674
1012	43	0.0260865
1012	432	0.024156393
1012	23	0.023427725
1012	451	0.022567173
1012	140	0.022347476
1012	564	0.022337977
1012	476	0.021789758
1013	385	0.039139148
1013	255	0.028884074
1013	388	0.02879257
1013	387	0.027967937
1013	364	0.023540972
1013	386	0.023386799
1013	177	0.02331269
1013	512	0.021856453
1013	1167	0.021022268
1013	267	0.020271977
1014	94	0.027453896
1014	352	0.021313764
1014	377	0.020935923
1014	384	0.020657353
1014	363	0.020351509
1014	145	0.020192495
1014	969	0.019080589
1014	256	0.018219879
1014	402	0.018040428
1014	450	0.016974352
1015	842	0.021622935
1015	18	0.021073759
1015	129	0.020550314
1015	164	0.019746214
1015	908	0.019703964
1015	359	0.019633159
1015	22	0.019382924
1015	362	0.018276013
1015	181	0.018091435
1015	547	0.017943153
1016	121	0.028389271
1016	9	0.025077306
1016	888	0.02371951
1016	113	0.022217024
1016	652	0.02110778
1016	488	0.020723758
1016	477	0.020608135
1016	10	0.020462435
1016	8	0.020378869
1016	257	0.01963611
1017	895	0.028500281
1017	465	0.028227923
1017	291	0.027363209
1017	62	0.026317818
1017	303	0.025970263
1017	287	0.024717286
1017	970	0.022989081
1017	372	0.02266798
1017	348	0.02251363
1017	331	0.02154353
1018	637	0.028103461
1018	909	0.026324963
1018	1547	0.024468223
1018	1305	0.023361562
1018	332	0.022986865
1018	359	0.022930562
1018	435	0.02217074
1018	230	0.022044363
1018	835	0.021922063
1018	1282	0.021192832
1019	417	0.03360961
1019	738	0.028946534
1019	989	0.025962034
1019	426	0.023706853
1019	1451	0.023233455
1019	786	0.0228803
1019	648	0.022750668
1019	575	0.022343252
1019	1565	0.02127878
1019	1054	0.020632327
1020	139	0.03540377
1020	157	0.032137036
1020	48	0.029707793
1020	68	0.028434949
1020	47	0.027773429
1020	44	0.026793353
1020	53	0.025916385
1020	142	0.025303869
1020	42	0.024590438
1020	25	0.023591591
1021	47	0.03405562
1021	25	0.030042525
1021	175	0.027231514
1021	139	0.02578053
1021	71	0.025718594
1021	221	0.025583224
1021	64	0.025174437
1021	36	0.02429928
1021	29	0.023382679
1021	223	0.023310807
1022	226	0.017034287
1022	2	0.016516207
1022	464	0.016429747
1022	148	0.015820267
1022	10	0.015576623
1022	54	0.014844511
1022	68	0.014761708
1022	345	0.014670342
1022	119	0.014474325
1022	904	0.013857445
1023	441	0.03305095
1023	440	0.029346593
1023	157	0.029214567
1023	444	0.028180197
1023	443	0.027973883
1023	446	0.027008085
1023	439	0.026239108
1023	68	0.025846554
1023	799	0.024573373
1023	442	0.024291929
1024	333	0.036222603
1024	340	0.035623614
1024	1519	0.034178037
1024	291	0.029808154
1024	32	0.022610394
1024	681	0.020590624
1024	800	0.020454884
1024	1180	0.020319017
1024	49	0.01972088
1024	385	0.019505821
1025	451	0.032974634
1025	475	0.028556783
1025	481	0.026376678
1025	773	0.025709486
1025	1206	0.021659886
1025	427	0.021310978
1025	149	0.02092477
1025	432	0.020552449
1025	429	0.020310463
1025	100	0.019935006
1026	256	0.032021012
1026	681	0.027964639
1026	372	0.025104966
1026	463	0.023469113
1026	88	0.021849263
1026	878	0.021607662
1026	340	0.021155061
1026	303	0.0211523
1026	385	0.02079611
1026	937	0.020689685
1027	71	0.022541752
1027	221	0.022369094
1027	555	0.022223005
1027	61	0.020887747
1027	67	0.019966569
1027	784	0.019928297
1027	59	0.01969358
1027	164	0.019393958
1027	64	0.019290455
1027	35	0.019191729
1028	104	0.032037325
1028	612	0.029311879
1028	453	0.028886128
1028	219	0.027670324
1028	1135	0.027460802
1028	209	0.02620818
1028	783	0.025206793
1028	323	0.02504057
1028	889	0.023622654
1028	98	0.023168007
1029	33	0.021917723
1029	0	0.020914335
1029	51	0.01981346
1029	383	0.01892368
1029	719	0.01832022
1029	784	0.01793109
1029	46	0.017812604
1029	36	0.01754102
1029	144	0.017049216
1029	402	0.016741807
1030	216	0.03319413
1030	72	0.027736263
1030	784	0.027635606
1030	64	0.02741189
1030	29	0.026856637
1030	719	0.025867335
1030	144	0.025683982
1030	53	0.02555727
1030	256	0.025450101
1030	0	0.025362771
1031	432	0.024104755
1031	915	0.023698647
1031	579	0.023534311
1031	909	0.023185022
1031	362	0.023149712
1031	2	0.022121979
1031	642	0.0192515
1031	406	0.018185668
1031	705	0.018099617
1031	1269	0.017816246
1032	908	0.026581395
1032	18	0.025685806
1032	1008	0.025622742
1032	432	0.023463648
1032	22	0.023065608
1032	216	0.02258079
1032	915	0.020727135
1032	52	0.020522203
1032	2	0.020432755
1032	719	0.020390961
1033	1201	0.02909645
1033	323	0.026660187
1033	32	0.026110426
1033	333	0.026100956
1033	596	0.025298337
1033	357	0.024917081
1033	201	0.024649872
1033	62	0.024372004
1033	142	0.02428532
1033	303	0.023832157
1034	584	0.023843568
1034	80	0.022321986
1034	240	0.02157453
1034	725	0.021492446
1034	84	0.020589888
1034	155	0.020150956
1034	609	0.019725626
1034	814	0.019156745
1034	557	0.018590193
1034	247	0.018425673
1035	92	0.060551506
1035	1615	0.052507564
1035	1435	0.047016438
1035	1491	0.04534395
1035	28	0.033210002
1035	124	0.024110328
1035	1371	0.022202289
1035	1557	0.020283177
1035	19	0.019638013
1035	1277	0.018796945
1036	247	0.02439653
1036	241	0.023248123
1036	143	0.021801043
1036	142	0.02152401
1036	318	0.020544184
1036	240	0.02054296
1036	321	0.020429993
1036	374	0.018677874
1036	376	0.01866114
1036	312	0.017762106
1037	257	0.023436408
1037	267	0.02244762
1037	1269	0.022096964
1037	806	0.021895735
1037	272	0.02157496
1037	119	0.021408172
1037	112	0.019943602
1037	961	0.01928525
1037	652	0.019192828
1037	402	0.019143121
1038	970	0.044278417
1038	384	0.025388526
1038	149	0.024456108
1038	334	0.023742266
1038	895	0.02358641
1038	168	0.023524733
1038	318	0.022130314
1038	58	0.022111328
1038	803	0.020673597
1038	120	0.020655178
1039	163	0.02155481
1039	465	0.019750841
1039	59	0.019672273
1039	287	0.0149191925
1039	274	0.014862155
1039	91	0.014478577
1039	390	0.014465173
1039	219	0.01444117
1039	1433	0.014261272
1039	396	0.014157557
1040	1475	0.034136843
1040	1158	0.030903008
1040	580	0.029431943
1040	551	0.028341401
1040	1033	0.027869916
1040	1542	0.02713048
1040	1382	0.02705878
1040	1417	0.025435686
1040	1218	0.024141364
1040	295	0.024045078
1041	1064	0.061372317
1041	1082	0.04807552
1041	1193	0.02889931
1041	189	0.02737829
1041	419	0.024121152
1041	961	0.022966275
1041	329	0.02272266
1041	657	0.021803182
1041	648	0.021645484
1041	118	0.020323103
1042	666	0.03048048
1042	465	0.027968537
1042	913	0.027829813
1042	426	0.027010586
1042	515	0.026284372
1042	1271	0.024392482
1042	82	0.024108646
1042	914	0.023818608
1042	1132	0.02359867
1042	1612	0.02331032
1043	756	0.026876036
1043	481	0.026731214
1043	483	0.024584651
1043	163	0.024507115
1043	573	0.021678261
1043	214	0.02130773
1043	319	0.020893224
1043	1185	0.020829855
1043	758	0.020423288
1043	793	0.018523667
1044	219	0.037546046
1044	368	0.035572406
1044	365	0.03432746
1044	346	0.027492773
1044	991	0.023669653
1044	1450	0.02300832
1044	822	0.020429056
1044	1201	0.017644601
1044	500	0.017458942
1044	874	0.017254313
1045	139	0.037370864
1045	381	0.037070177
1045	71	0.036057133
1045	66	0.035755437
1045	53	0.034870222
1045	719	0.031820633
1045	0	0.031740863
1045	48	0.031592622
1045	105	0.029685883
1045	680	0.029527849
1046	987	0.040531795
1046	434	0.030678272
1046	81	0.030597134
1046	1295	0.02774172
1046	22	0.02729961
1046	1124	0.026247753
1046	180	0.025814788
1046	1129	0.025349392
1046	264	0.024710603
1046	839	0.024694804
1047	690	0.032780036
1047	1320	0.03163939
1047	44	0.031264115
1047	66	0.029530147
1047	157	0.025853062
1047	277	0.025425823
1047	788	0.022394195
1047	231	0.021755947
1047	1321	0.021620568
1047	455	0.021541102
1048	286	0.019232716
1048	265	0.019208858
1048	756	0.019206788
1048	58	0.017157312
1048	803	0.01616254
1048	274	0.015737073
1048	226	0.015736979
1048	94	0.015709769
1048	85	0.015272631
1048	1141	0.015012413
1049	474	0.024601817
1049	88	0.024359811
1049	226	0.022841835
1049	194	0.02103234
1049	62	0.020105688
1049	201	0.020021461
1049	108	0.01965588
1049	141	0.01945167
1049	73	0.018844947
1049	345	0.018412353
1050	202	0.043986708
1050	402	0.033375476
1050	127	0.030820327
1050	59	0.029767696
1050	334	0.02950433
1050	108	0.023612529
1050	110	0.023060637
1050	784	0.022731148
1050	273	0.022394314
1050	256	0.0222768
1051	256	0.031050079
1051	148	0.02465746
1051	151	0.024608787
1051	225	0.02426168
1051	157	0.023330698
1051	42	0.02274221
1051	44	0.022290949
1051	139	0.021614857
1051	287	0.021068068
1051	68	0.020825904
1052	121	0.038768817
1052	2	0.034708146
1052	74	0.028507685
1052	7	0.02419695
1052	181	0.022880888
1052	22	0.022813465
1052	27	0.022662912
1052	1193	0.022060327
1052	129	0.021913026
1052	14	0.021872729
1053	292	0.036395416
1053	317	0.034581937
1053	325	0.031728745
1053	909	0.03167113
1053	482	0.030966382
1053	82	0.030957123
1053	181	0.030024504
1053	406	0.02800401
1053	81	0.027414953
1053	359	0.026381884
1054	383	0.021350835
1054	1481	0.020234507
1054	1288	0.019906681
1054	1184	0.019635053
1054	1589	0.019412564
1054	376	0.018631622
1054	169	0.018128166
1054	1358	0.018105175
1054	1181	0.017940802
1054	1230	0.01781169
1055	67	0.035428584
1055	72	0.033023357
1055	381	0.032010242
1055	68	0.03138064
1055	175	0.031241415
1055	48	0.030981943
1055	139	0.030594576
1055	47	0.030485881
1055	64	0.030355474
1055	0	0.030016672
1056	68	0.04064784
1056	381	0.040588547
1056	148	0.035168294
1056	680	0.033777546
1056	42	0.0328467
1056	25	0.032789756
1056	29	0.032223046
1056	428	0.032105293
1056	547	0.031712614
1056	487	0.03148133
1057	221	0.027628938
1057	414	0.02640921
1057	71	0.025023725
1057	157	0.024592446
1057	381	0.02399666
1057	204	0.023012297
1057	411	0.02222871
1057	67	0.021511303
1057	151	0.021098379
1057	495	0.02038954
1058	147	0.024132477
1058	383	0.022401055
1058	162	0.021195583
1058	29	0.020485701
1058	547	0.020096146
1058	247	0.020024769
1058	46	0.019744629
1058	141	0.01940223
1058	842	0.018590584
1058	47	0.018333057
1059	216	0.022544637
1059	1189	0.02151857
1059	72	0.021341654
1059	267	0.020716337
1059	221	0.01944385
1059	972	0.019411763
1059	1431	0.018720698
1059	495	0.018449388
1059	614	0.018313136
1059	719	0.018250026
1060	58	0.036378663
1060	286	0.032521475
1060	318	0.027125452
1060	47	0.025270712
1060	259	0.024900815
1060	379	0.024870697
1060	290	0.024716506
1060	166	0.02423179
1060	162	0.023500064
1060	61	0.022410374
1061	381	0.03396739
1061	0	0.033041783
1061	383	0.029318554
1061	25	0.029240325
1061	46	0.029052261
1061	148	0.027744653
1061	842	0.027721314
1061	164	0.02639041
1061	621	0.026303116
1061	175	0.026197119
1062	2	0.023187276
1062	257	0.021894272
1062	915	0.02170751
1062	1007	0.02031386
1062	387	0.019225353
1062	518	0.018750932
1062	25	0.018639242
1062	164	0.018361416
1062	347	0.018072106
1062	129	0.018047625
1063	371	0.023338139
1063	367	0.022517247
1063	379	0.021657383
1063	923	0.020379407
1063	345	0.019353338
1063	347	0.018848063
1063	734	0.018583138
1063	166	0.01805296
1063	168	0.017422754
1063	487	0.016909903
1064	56	0.044032063
1064	892	0.03034146
1064	617	0.024455693
1064	903	0.02325762
1064	452	0.022038234
1064	104	0.021017218
1064	1188	0.020721491
1064	108	0.020574154
1064	1004	0.020434631
1064	907	0.020428574
1065	1429	0.016901297
1065	785	0.016792241
1065	1	0.016237693
1065	117	0.015543543
1065	1054	0.014735706
1065	124	0.01404544
1065	488	0.014034301
1065	1056	0.0127461245
1065	1266	0.012563067
1065	240	0.012460466
1066	1397	0.026475308
1066	1308	0.0259659
1066	1371	0.023261916
1066	1381	0.021721639
1066	1379	0.021705505
1066	1036	0.02143235
1066	1184	0.021356652
1066	353	0.020678151
1066	1219	0.020384243
1066	505	0.019949887
1067	257	0.02111659
1067	387	0.020714
1067	12	0.019521637
1067	164	0.01885728
1067	194	0.018748974
1067	121	0.016901417
1067	362	0.016671347
1067	640	0.016334021
1067	119	0.016111925
1067	61	0.015968116
1068	216	0.029801328
1068	64	0.027338019
1068	221	0.027069394
1068	784	0.026534945
1068	164	0.02564185
1068	45	0.024883166
1068	269	0.02480199
1068	47	0.024675379
1068	201	0.02443499
1068	129	0.023877932
1069	181	0.04322407
1069	406	0.03704794
1069	194	0.036022846
1069	482	0.03520865
1069	1260	0.035180073
1069	314	0.031963807
1069	292	0.031203251
1069	343	0.029839989
1069	317	0.029423205
1069	989	0.020942
1070	367	0.023690378
1070	249	0.023651171
1070	377	0.021692483
1070	123	0.019812008
1070	334	0.019757882
1070	763	0.01841282
1070	752	0.018028786
1070	58	0.017904963
1070	740	0.017021358
1070	621	0.016852517
1071	74	0.024219653
1071	274	0.023258468
1071	36	0.022471009
1071	139	0.020472996
1071	337	0.018694753
1071	185	0.018679524
1071	59	0.018597655
1071	71	0.018591467
1071	162	0.01837707
1071	68	0.017791567
1072	139	0.024972292
1072	148	0.02295647
1072	123	0.022014981
1072	43	0.021629369
1072	345	0.02060734
1072	283	0.019915415
1072	247	0.01981201
1072	379	0.019767797
1072	68	0.019653846
1072	383	0.01930194
1073	615	0.021189567
1073	276	0.020162648
1073	602	0.018210223
1073	1321	0.018126996
1073	629	0.01712657
1073	694	0.016910741
1073	1002	0.016693827
1073	606	0.01624422
1073	595	0.015657086
1073	712	0.015590038
1074	195	0.025273114
1074	320	0.022476539
1074	323	0.02234224
1074	822	0.021141527
1074	75	0.02076437
1074	303	0.019597765
1074	33	0.019453447
1074	62	0.018517755
1074	766	0.018498871
1074	59	0.017775815
1075	66	0.037932698
1075	157	0.03486546
1075	68	0.033428997
1075	151	0.032791607
1075	71	0.0315108
1075	381	0.028873565
1075	139	0.028203344
1075	225	0.023695128
1075	25	0.0214079
1075	70	0.019993743
1076	1266	0.026268704
1076	1256	0.025546208
1076	1472	0.024827609
1076	10	0.024450693
1076	1277	0.024419503
1076	1276	0.024029234
1076	306	0.02268407
1076	1495	0.022418788
1076	6	0.021849139
1076	740	0.021790175
1077	640	0.02829349
1077	127	0.025509132
1077	2	0.02442451
1077	806	0.024277939
1077	95	0.023322292
1077	483	0.021715045
1077	402	0.021642655
1077	432	0.02108118
1077	362	0.020789111
1077	692	0.020609763
1078	56	0.041504875
1078	142	0.040127754
1078	616	0.034033474
1078	1563	0.032029517
1078	233	0.031228678
1078	55	0.031063562
1078	94	0.030022107
1078	889	0.028861193
1078	329	0.028111069
1078	934	0.027110001
1079	43	0.03687911
1079	269	0.0343434
1079	51	0.0281076
1079	344	0.026069466
1079	164	0.025463976
1079	306	0.02463703
1079	123	0.024126023
1079	149	0.02390552
1079	259	0.022651551
1079	23	0.022476232
1080	151	0.04235321
1080	103	0.041045435
1080	148	0.03798925
1080	71	0.031721745
1080	53	0.030290702
1080	225	0.026657647
1080	224	0.026027571
1080	42	0.02572045
1080	25	0.024701081
1080	223	0.024090482
1081	100	0.026760604
1081	306	0.026689244
1081	13	0.025915932
1081	265	0.024707558
1081	344	0.024624437
1081	162	0.022565559
1081	481	0.0220718
1081	378	0.021807363
1081	120	0.021199787
1081	1102	0.019857615
1082	360	0.041436087
1082	948	0.028307961
1082	383	0.02702665
1082	719	0.026275158
1082	0	0.025864972
1082	72	0.025645288
1082	784	0.02535011
1082	59	0.02514172
1082	68	0.02508281
1082	69	0.024723992
1083	164	0.026654169
1083	25	0.026455587
1083	719	0.02531858
1083	29	0.022738937
1083	105	0.022533145
1083	908	0.022387734
1083	915	0.02231133
1083	223	0.021915685
1083	2	0.021779712
1083	680	0.021768766
1084	345	0.026405852
1084	414	0.024859736
1084	162	0.024375696
1084	166	0.02273336
1084	379	0.022564264
1084	74	0.022014864
1084	259	0.021267213
1084	216	0.02116878
1084	811	0.021071443
1084	10	0.020263344
1085	223	0.025534282
1085	66	0.024827108
1085	70	0.02460242
1085	224	0.024254818
1085	157	0.023417013
1085	151	0.022541564
1085	381	0.022211192
1085	25	0.020857075
1085	864	0.02004237
1085	144	0.020008765
1086	167	0.024675893
1086	54	0.024467355
1086	62	0.024119668
1086	287	0.022311524
1086	377	0.020844959
1086	195	0.020146543
1086	303	0.019719195
1086	348	0.018487219
1086	33	0.018054895
1086	296	0.017569328
1087	385	0.021799168
1087	118	0.021183634
1087	303	0.02079961
1087	402	0.019743804
1087	372	0.019301686
1087	187	0.01921428
1087	271	0.01913587
1087	62	0.018679233
1087	340	0.018627632
1087	819	0.016795974
1088	638	0.05180268
1088	924	0.044805832
1088	993	0.039328527
1088	1517	0.032931812
1088	177	0.032566555
1088	648	0.031030623
1088	1539	0.024379706
1088	1195	0.023989053
1088	1340	0.023939606
1088	564	0.02355046
1089	326	0.029378366
1089	142	0.026841419
1089	801	0.025973447
1089	153	0.025581418
1089	219	0.025507564
1089	318	0.025370194
1089	376	0.025365418
1089	58	0.025216885
1089	232	0.024731576
1089	373	0.024348723
1090	439	0.10026396
1090	441	0.09511986
1090	438	0.08126865
1090	31	0.079468034
1090	579	0.069594145
1090	34	0.06726301
1090	1618	0.056611277
1090	297	0.041144244
1090	539	0.037492916
1090	792	0.036438454
1091	286	0.023221146
1091	329	0.019420078
1091	1276	0.018888798
1091	64	0.018840574
1091	363	0.018455029
1091	143	0.017588435
1091	326	0.017588172
1091	479	0.015951222
1091	969	0.015648384
1091	376	0.015185068
1092	763	0.032840885
1092	484	0.022235507
1092	673	0.021744383
1092	1367	0.021616396
1092	194	0.019448387
1092	166	0.019346982
1092	1080	0.01885901
1092	231	0.01858969
1092	379	0.01855332
1092	409	0.018462302
1093	406	0.06741348
1093	292	0.061048344
1093	400	0.05849217
1093	1260	0.05142962
1093	343	0.05070426
1093	298	0.042231247
1093	209	0.037165087
1093	910	0.032561783
1093	518	0.03112356
1093	408	0.030363616
1094	344	0.035200357
1094	204	0.029108683
1094	378	0.028598666
1094	414	0.027551852
1094	811	0.022086507
1094	569	0.021185642
1094	970	0.020643769
1094	200	0.019917032
1094	1342	0.019580904
1094	5	0.019248093
1095	769	0.039121702
1095	15	0.038694322
1095	408	0.03212195
1095	98	0.027103646
1095	783	0.026818834
1095	104	0.026530914
1095	612	0.025200658
1095	1054	0.023038696
1095	394	0.022722058
1095	1193	0.02233305
1096	44	0.024344886
1096	42	0.02434188
1096	463	0.020972818
1096	273	0.02018371
1096	72	0.019617055
1096	225	0.019263083
1096	53	0.018556789
1096	25	0.018153096
1096	36	0.017658139
1096	62	0.017196191
1097	151	0.041029047
1097	381	0.039071433
1097	53	0.029640134
1097	72	0.029126795
1097	48	0.026547438
1097	70	0.025451316
1097	719	0.023758013
1097	0	0.023502966
1097	224	0.022901235
1097	144	0.02277965
1098	68	0.03062339
1098	148	0.030110653
1098	157	0.02876536
1098	66	0.028631866
1098	70	0.027575588
1098	71	0.026946416
1098	151	0.026896361
1098	256	0.026754742
1098	139	0.026352385
1098	381	0.025854232
1099	344	0.03637975
1099	970	0.034673084
1099	306	0.033892356
1099	66	0.030074267
1099	895	0.02539383
1099	286	0.025249869
1099	157	0.024439776
1099	58	0.02393942
1099	151	0.023735102
1099	94	0.0236527
1100	389	0.030962497
1100	118	0.026715312
1100	841	0.024515742
1100	769	0.02409454
1100	98	0.024050644
1100	725	0.022743173
1100	322	0.022118777
1100	991	0.021320269
1100	584	0.020696362
1100	1110	0.01955507
1101	474	0.03227455
1101	59	0.02731377
1101	256	0.02629717
1101	62	0.02611063
1101	651	0.02602205
1101	225	0.024043562
1101	311	0.022898087
1101	36	0.022008698
1101	53	0.021311462
1101	25	0.020883583
1102	433	0.03269736
1102	619	0.027331108
1102	1442	0.025642265
1102	1383	0.022742243
1102	141	0.019431047
1102	424	0.018493151
1102	705	0.018378159
1102	308	0.01753991
1102	88	0.01701881
1102	834	0.016924426
1103	1188	0.03573854
1103	104	0.035428766
1103	783	0.033986125
1103	612	0.03330199
1103	394	0.03205036
1103	865	0.031917777
1103	775	0.031013986
1103	769	0.030547976
1103	1135	0.029819189
1103	209	0.029428996
1104	287	0.021327807
1104	681	0.018200707
1104	579	0.017223923
1104	1082	0.017006101
1104	350	0.01694922
1104	385	0.016683271
1104	648	0.016059268
1104	100	0.015688762
1104	441	0.01514329
1104	303	0.014974489
1105	151	0.03880704
1105	157	0.038192995
1105	68	0.027871296
1105	381	0.016408075
1105	139	0.015187919
1105	71	0.014706552
1105	643	0.013940051
1105	48	0.013450972
1105	1061	0.013142907
1105	225	0.013105565
1106	681	0.03405148
1106	177	0.031849016
1106	993	0.031748626
1106	18	0.030319633
1106	409	0.029328609
1106	432	0.02849161
1106	74	0.025665354
1106	915	0.025101975
1106	908	0.02500009
1106	2	0.024897499
1107	74	0.024961581
1107	379	0.022665802
1107	259	0.020681415
1107	10	0.020109044
1107	123	0.019589134
1107	226	0.01940981
1107	47	0.018204076
1107	139	0.017863112
1107	61	0.017747428
1107	1003	0.017578319
1108	865	0.030720757
1108	769	0.026991405
1108	398	0.025769629
1108	1188	0.02411365
1108	147	0.022113897
1108	402	0.021514598
1108	62	0.021469573
1108	802	0.02011401
1108	403	0.02011097
1108	408	0.019994669
1109	380	0.025425842
1109	465	0.02435683
1109	803	0.023794029
1109	384	0.023617897
1109	149	0.02295178
1109	100	0.022527136
1109	265	0.021580353
1109	306	0.020996638
1109	47	0.0206065
1109	321	0.020486929
1110	175	0.023820128
1110	148	0.022795988
1110	48	0.019748209
1110	286	0.019745404
1110	277	0.019665705
1110	151	0.01944114
1110	384	0.018879317
1110	157	0.018530162
1110	47	0.018262435
1110	103	0.017549999
1111	394	0.047042783
1111	612	0.04396637
1111	398	0.04061623
1111	769	0.038200706
1111	1188	0.035827886
1111	453	0.033755254
1111	408	0.033455737
1111	452	0.03246802
1111	209	0.029523622
1111	1135	0.027901793
1112	11	0.034889005
1112	26	0.022707742
1112	666	0.02197263
1112	416	0.021968294
1112	652	0.020477954
1112	1433	0.02032829
1112	238	0.020303285
1112	1426	0.020238997
1112	423	0.019747484
1112	396	0.019384205
1113	1338	0.021645857
1113	1	0.01917389
1113	508	0.019041162
1113	923	0.018167203
1113	796	0.017839305
1113	158	0.017103255
1113	710	0.017085105
1113	1202	0.016420286
1113	1322	0.016355125
1113	109	0.015958397
1114	113	0.032656595
1114	12	0.032341134
1114	115	0.029072924
1114	408	0.027031247
1114	895	0.025008827
1114	79	0.02327551
1114	406	0.022518424
1114	482	0.022180412
1114	987	0.02140749
1114	14	0.02098019
1115	103	0.027019825
1115	157	0.026789557
1115	66	0.02670905
1115	148	0.025929807
1115	256	0.025689116
1115	225	0.02535956
1115	71	0.024844944
1115	53	0.024214583
1115	273	0.023298077
1115	0	0.023154236
1116	865	0.04176647
1116	783	0.03837474
1116	422	0.034399837
1116	1188	0.033840198
1116	134	0.033715557
1116	408	0.031348303
1116	769	0.030466123
1116	452	0.029952304
1116	940	0.02961174
1116	775	0.029597161
1117	385	0.023503717
1117	269	0.02087994
1117	300	0.019503579
1117	1010	0.01854141
1117	451	0.01837831
1117	1059	0.017682433
1117	362	0.017345665
1117	32	0.015958497
1117	258	0.015641456
1117	483	0.01552507
1118	934	0.029752968
1118	56	0.027427724
1118	942	0.02617604
1118	216	0.023331916
1118	1357	0.02059439
1118	200	0.020121358
1118	271	0.020047054
1118	642	0.01920846
1118	303	0.019206975
1118	811	0.019189551
1119	261	0.030485578
1119	1383	0.027591242
1119	619	0.025747823
1119	581	0.024237918
1119	835	0.024085695
1119	597	0.022007706
1119	592	0.021311106
1119	833	0.02071421
1119	970	0.020501515
1119	1480	0.019842368
1120	146	0.03544729
1120	945	0.02935726
1120	432	0.02788843
1120	332	0.02679998
1120	180	0.02679568
1120	1492	0.02605554
1120	958	0.025044188
1120	485	0.02479565
1120	1205	0.02456023
1120	386	0.024124
1121	326	0.031698186
1121	632	0.026644398
1121	94	0.025908627
1121	175	0.024164995
1121	373	0.023984397
1121	142	0.02253446
1121	1265	0.022320878
1121	25	0.021928601
1121	232	0.021176392
1121	149	0.021071821
1122	662	0.033120073
1122	456	0.02967883
1122	466	0.029407987
1122	460	0.028070707
1122	459	0.026447823
1122	457	0.026306977
1122	36	0.025820768
1122	202	0.02373953
1122	461	0.02289961
1122	0	0.022578014
1123	849	0.031176494
1123	463	0.029409517
1123	48	0.025467467
1123	157	0.025435207
1123	151	0.024794172
1123	88	0.024638966
1123	103	0.0210023
1123	68	0.020910148
1123	139	0.020689433
1123	474	0.020225877
1124	207	0.024334647
1124	717	0.022870742
1124	421	0.021830723
1124	202	0.021556647
1124	86	0.02001078
1124	1244	0.019305248
1124	786	0.01917421
1124	849	0.018800491
1124	129	0.01853363
1124	419	0.018464025
1125	43	0.020724053
1125	831	0.020096634
1125	33	0.017673317
1125	174	0.0174575
1125	95	0.01709577
1125	226	0.016685568
1125	185	0.015794713
1125	259	0.015365735
1125	162	0.0151456585
1125	397	0.01506748
1126	345	0.028871296
1126	334	0.02648996
1126	937	0.024873476
1126	1174	0.022722064
1126	384	0.022217384
1126	43	0.022182591
1126	371	0.021306304
1126	149	0.021109493
1126	379	0.02094545
1126	195	0.020866012
1127	1064	0.044506438
1127	555	0.03909677
1127	1082	0.03208293
1127	189	0.023751589
1127	794	0.020372074
1127	1008	0.019737888
1127	121	0.019408181
1127	671	0.018451536
1127	918	0.018326107
1127	1434	0.017943077
1128	34	0.04463429
1128	441	0.04395199
1128	444	0.03928471
1128	447	0.039156664
1128	440	0.037983544
1128	442	0.03776693
1128	439	0.03611049
1128	799	0.035092164
1128	767	0.033737693
1128	446	0.033587944
1129	71	0.034927376
1129	53	0.033943698
1129	68	0.03329403
1129	157	0.030753288
1129	151	0.030075133
1129	148	0.029818531
1129	66	0.02837256
1129	225	0.0239849
1129	72	0.023481963
1129	719	0.022564992
1130	148	0.03653886
1130	157	0.032565884
1130	151	0.029191418
1130	70	0.023872962
1130	71	0.021553084
1130	72	0.020948375
1130	225	0.019137563
1130	139	0.018404804
1130	59	0.017955497
1130	53	0.01737278
1131	1383	0.03851277
1131	619	0.036502287
1131	778	0.028476035
1131	835	0.027566455
1131	978	0.026731884
1131	306	0.025831634
1131	425	0.025385603
1131	833	0.024746893
1131	434	0.02456712
1131	97	0.024486948
1132	88	0.03717078
1132	219	0.03525378
1132	463	0.03478555
1132	641	0.034668624
1132	456	0.033479914
1132	459	0.033090003
1132	662	0.032990668
1132	368	0.031215277
1132	346	0.030408751
1132	466	0.030296082
1133	66	0.043128867
1133	139	0.034084305
1133	48	0.030357564
1133	103	0.029813232
1133	44	0.026526334
1133	71	0.024746282
1133	42	0.023515621
1133	273	0.023237418
1133	53	0.02261301
1133	36	0.022429982
1134	23	0.02851356
1134	385	0.02618015
1134	15	0.0251556
1134	61	0.023733994
1134	33	0.023376668
1134	43	0.02305816
1134	752	0.022746447
1134	164	0.022212688
1134	67	0.021504363
1134	1193	0.02109364
1135	261	0.026465092
1135	641	0.023556566
1135	853	0.021710213
1135	373	0.021454562
1135	324	0.018092383
1135	152	0.017988706
1135	148	0.017918356
1135	1145	0.01776843
1135	168	0.017660277
1135	151	0.017603228
1136	81	0.03906633
1136	740	0.02911339
1136	1108	0.02818179
1136	1481	0.027026102
1136	1124	0.025752498
1136	1204	0.025345115
1136	1570	0.02525913
1136	1061	0.025046611
1136	1609	0.024647187
1136	240	0.024445426
1137	465	0.019197863
1137	10	0.018922359
1137	1001	0.01717533
1137	750	0.01701303
1137	333	0.016105449
1137	95	0.016008828
1137	373	0.015539069
1137	148	0.01533974
1137	163	0.014395756
1137	402	0.014282639
1138	88	0.03208708
1138	477	0.03162098
1138	23	0.027192663
1138	123	0.025302857
1138	463	0.023560606
1138	389	0.021940604
1138	226	0.018786728
1138	117	0.018346077
1138	92	0.018301722
1138	58	0.017653216
1139	59	0.031479593
1139	547	0.029862946
1139	463	0.029848339
1139	474	0.025059056
1139	62	0.024729889
1139	67	0.023824269
1139	360	0.02302728
1139	148	0.020884601
1139	66	0.020694733
1139	498	0.02066283
1140	434	0.044927232
1140	433	0.044746954
1140	1565	0.040762868
1140	429	0.0393017
1140	976	0.034868337
1140	764	0.033984315
1140	835	0.032960225
1140	1481	0.032926388
1140	1178	0.031836294
1140	781	0.030757029
1141	151	0.038491737
1141	103	0.036710788
1141	48	0.03669376
1141	381	0.035386633
1141	71	0.034053426
1141	719	0.033638094
1141	0	0.033427924
1141	29	0.031972036
1141	547	0.031450417
1141	222	0.031304676
1142	148	0.025130354
1142	306	0.02263512
1142	42	0.021996725
1142	314	0.021016456
1142	157	0.020725012
1142	428	0.019811487
1142	181	0.019543316
1142	482	0.019207763
1142	103	0.01882372
1142	44	0.018638885
1143	378	0.036338758
1143	306	0.030936435
1143	344	0.02839499
1143	970	0.027834058
1143	314	0.026267067
1143	1449	0.023660704
1143	1405	0.02360285
1143	58	0.023339437
1143	334	0.023328383
1143	1437	0.023130711
1144	168	0.029711243
1144	185	0.028079765
1144	402	0.022946483
1144	1053	0.021946417
1144	506	0.020860225
1144	465	0.020359067
1144	306	0.020264134
1144	1086	0.019447299
1144	587	0.018659683
1144	625	0.018524658
1145	121	0.026068343
1145	115	0.024974449
1145	123	0.02285269
1145	14	0.021333905
1145	12	0.018975038
1145	205	0.018625354
1145	37	0.018618971
1145	130	0.01770777
1145	1209	0.01756564
1145	1052	0.017434476
1146	224	0.023522936
1146	53	0.020602725
1146	10	0.019186925
1146	625	0.018138222
1146	25	0.017981144
1146	632	0.017021712
1146	12	0.016406963
1146	226	0.016290726
1146	24	0.015587561
1146	965	0.0140548665
1147	68	0.03678878
1147	53	0.03306966
1147	144	0.032989096
1147	71	0.03177857
1147	381	0.029885113
1147	25	0.029437972
1147	680	0.028877582
1147	109	0.028322222
1147	487	0.027948419
1147	0	0.027730623
1148	775	0.03037018
1148	104	0.029759377
1148	769	0.027600443
1148	422	0.027557869
1148	612	0.027154908
1148	256	0.02646694
1148	394	0.02497605
1148	865	0.02252455
1148	134	0.02250769
1148	945	0.021679096
1149	1481	0.06898632
1149	1178	0.06523483
1149	1292	0.063870504
1149	1589	0.06185246
1149	1303	0.059859734
1149	972	0.059724793
1149	1488	0.059685268
1149	1330	0.057257798
1149	1478	0.0532361
1149	1184	0.05316573
1150	148	0.02951608
1150	66	0.027863445
1150	47	0.023671636
1150	157	0.022835493
1150	334	0.022809332
1150	306	0.02265754
1150	123	0.022509594
1150	286	0.021983897
1150	290	0.021435158
1150	36	0.021271452
1151	59	0.029642684
1151	287	0.027798226
1151	36	0.025095327
1151	256	0.025086448
1151	72	0.023177067
1151	303	0.022595042
1151	547	0.021767382
1151	784	0.02147272
1151	273	0.019420004
1151	70	0.019385688
1152	474	0.041269608
1152	849	0.03671347
1152	445	0.03228763
1152	98	0.030945638
1152	311	0.02988782
1152	447	0.027923204
1152	682	0.026461195
1152	441	0.026164215
1152	799	0.02592487
1152	210	0.025780426
1153	348	0.028008524
1153	32	0.026466306
1153	88	0.026394492
1153	256	0.023881521
1153	372	0.02140028
1153	340	0.020905513
1153	199	0.020231029
1153	43	0.019898597
1153	287	0.019437667
1153	788	0.019367285
1154	2	0.031524744
1154	432	0.031471133
1154	21	0.029713139
1154	118	0.028590353
1154	915	0.0282361
1154	15	0.027428865
1154	1193	0.02577589
1154	7	0.025646815
1154	22	0.024435023
1154	74	0.023356263
1155	151	0.03275515
1155	42	0.031071732
1155	148	0.030038167
1155	157	0.028443115
1155	68	0.024698995
1155	273	0.022543129
1155	1405	0.021217473
1155	1530	0.021020485
1155	66	0.019160872
1155	544	0.019018346
1156	151	0.041990988
1156	71	0.034522686
1156	225	0.022268325
1156	25	0.020686068
1156	70	0.018645618
1156	48	0.018438224
1156	495	0.015477733
1156	643	0.01538658
1156	719	0.014453678
1156	224	0.013990345
1157	115	0.03405299
1157	1352	0.022487681
1157	97	0.017960716
1157	202	0.017758906
1157	455	0.017093038
1157	574	0.01676407
1157	673	0.01672353
1157	331	0.01662375
1157	390	0.016114425
1157	175	0.015808474
1158	256	0.037798334
1158	456	0.037590723
1158	303	0.037005134
1158	459	0.034595527
1158	460	0.034256324
1158	348	0.033887506
1158	333	0.0325458
1158	461	0.030077225
1158	455	0.02833
1158	457	0.02830059
1159	10	0.024892155
1159	111	0.019325322
1159	160	0.01931487
1159	227	0.019103039
1159	374	0.018936126
1159	246	0.017850637
1159	47	0.017713794
1159	773	0.016949635
1159	774	0.016796276
1159	308	0.016779557
1160	314	0.042250045
1160	181	0.035793938
1160	292	0.033515606
1160	194	0.033002816
1160	359	0.032734554
1160	482	0.030446593
1160	317	0.0300144
1160	343	0.029576654
1160	209	0.024141174
1160	36	0.023990553
1161	226	0.026085343
1161	94	0.023436617
1161	58	0.022549588
1161	62	0.02239384
1161	334	0.021773398
1161	32	0.021239387
1161	323	0.021090388
1161	333	0.020562097
1161	321	0.020187335
1161	33	0.01900253
1162	437	0.022140374
1162	334	0.022007454
1162	94	0.020306328
1162	385	0.019342357
1162	226	0.018244432
1162	377	0.017870318
1162	162	0.017296374
1162	89	0.017236087
1162	793	0.016489843
1162	286	0.016174939
1163	746	0.04809248
1163	19	0.045314517
1163	1260	0.043078527
1163	836	0.04076561
1163	1557	0.036472727
1163	1474	0.034609348
1163	913	0.034333874
1163	1343	0.03386748
1163	909	0.0331849
1163	1513	0.03221501
1164	92	0.027134558
1164	33	0.025562154
1164	164	0.025017641
1164	477	0.024109194
1164	269	0.022663835
1164	51	0.021852942
1164	814	0.021613918
1164	648	0.020267785
1164	163	0.019913767
1164	989	0.018167146
1165	216	0.026648229
1165	204	0.020622611
1165	569	0.019513208
1165	94	0.017961593
1165	74	0.0175964
1165	479	0.017021878
1165	811	0.016852075
1165	129	0.016559616
1165	333	0.016205214
1165	402	0.015605058
1166	164	0.028960135
1166	45	0.0279616
1166	221	0.02600837
1166	64	0.025305364
1166	129	0.025120195
1166	72	0.023833372
1166	144	0.023635035
1166	25	0.022472661
1166	719	0.021618556
1166	139	0.021187218
1167	71	0.03165218
1167	68	0.031285953
1167	151	0.030555848
1167	157	0.030303493
1167	148	0.029367283
1167	53	0.028755074
1167	66	0.028076204
1167	25	0.02705784
1167	225	0.022554332
1167	72	0.021854153
1168	121	0.03201971
1168	137	0.03165287
1168	113	0.030011075
1168	17	0.029563228
1168	1204	0.028972208
1168	7	0.028239151
1168	8	0.026892543
1168	2	0.026163084
1168	985	0.025113128
1168	915	0.02457698
1169	36	0.028805368
1169	53	0.022597453
1169	175	0.022341507
1169	162	0.022263438
1169	252	0.022055482
1169	139	0.021473426
1169	226	0.02093752
1169	259	0.020378048
1169	475	0.019604601
1169	47	0.01929851
1170	344	0.033898808
1170	425	0.02503671
1170	434	0.023547374
1170	778	0.022404136
1170	435	0.02152191
1170	833	0.02140213
1170	727	0.020056901
1170	835	0.020023163
1170	88	0.019821452
1170	1442	0.019810725
1171	110	0.023688592
1171	1221	0.022377703
1171	37	0.019793749
1171	1060	0.019090457
1171	522	0.016881915
1171	203	0.016464973
1171	384	0.016038032
1171	852	0.015834639
1171	1368	0.015693096
1171	756	0.01568665
1172	326	0.04083611
1172	352	0.037184216
1172	283	0.030182015
1172	1141	0.026666814
1172	1381	0.025555713
1172	1376	0.02547211
1172	363	0.024839835
1172	916	0.02427649
1172	989	0.024135476
1172	374	0.023888212
1173	662	0.04255515
1173	456	0.03963985
1173	460	0.033876948
1173	459	0.031759787
1173	455	0.029770112
1173	461	0.027517982
1173	457	0.027507255
1173	148	0.022341924
1173	157	0.020101953
1173	151	0.018993182
1174	775	0.043264423
1174	769	0.04124272
1174	422	0.037664082
1174	134	0.03521006
1174	612	0.034664653
1174	104	0.033424914
1174	98	0.032149207
1174	118	0.031696063
1174	398	0.029053234
1174	394	0.02884705
1175	322	0.029940031
1175	1145	0.02847838
1175	148	0.026434785
1175	151	0.025126193
1175	991	0.020293754
1175	852	0.019581415
1175	601	0.019127404
1175	154	0.01874324
1175	157	0.018420672
1175	1405	0.017765226
1176	365	0.029175673
1176	323	0.027549017
1176	201	0.025994485
1176	108	0.025419677
1176	1486	0.024629626
1176	185	0.024495903
1176	62	0.023485254
1176	1244	0.022883095
1176	129	0.021291297
1176	67	0.021253834
1177	970	0.037607398
1177	306	0.03326771
1177	344	0.032997612
1177	384	0.03225551
1177	334	0.031407498
1177	123	0.026192116
1177	377	0.025862861
1177	89	0.025419848
1177	285	0.02366457
1177	895	0.023364013
1178	257	0.025143651
1178	904	0.024446588
1178	164	0.023482013
1178	1193	0.02323195
1178	2	0.022890488
1178	75	0.021642068
1178	387	0.020885829
1178	344	0.020307533
1178	1082	0.020256046
1178	424	0.019717775
1179	923	0.03322338
1179	610	0.02910761
1179	835	0.028838117
1179	116	0.027451893
1179	568	0.02659503
1179	833	0.025799334
1179	79	0.024852268
1179	1284	0.02393976
1179	1197	0.023351047
1179	19	0.022933472
1180	662	0.03387978
1180	456	0.030718567
1180	460	0.02941195
1180	459	0.026805872
1180	455	0.026643174
1180	175	0.026352463
1180	457	0.023937698
1180	461	0.022629153
1180	373	0.015826449
1180	331	0.015700178
1181	783	0.026779303
1181	775	0.024730861
1181	774	0.024259407
1181	94	0.022981556
1181	394	0.022972625
1181	379	0.022150451
1181	408	0.021823201
1181	371	0.021572309
1181	134	0.021389507
1181	231	0.021153904
1182	157	0.03862701
1182	151	0.037984807
1182	0	0.03087823
1182	456	0.030221824
1182	103	0.028098792
1182	457	0.026556827
1182	53	0.026477542
1182	70	0.025551362
1182	47	0.024325721
1182	29	0.023957945
1183	72	0.03216788
1183	71	0.031267267
1183	139	0.029876657
1183	70	0.028667517
1183	53	0.028504051
1183	144	0.028213006
1183	381	0.028095374
1183	784	0.028031789
1183	221	0.027290076
1183	25	0.026527226
1184	139	0.034811653
1184	48	0.031466775
1184	71	0.02879669
1184	42	0.027843308
1184	72	0.027618257
1184	103	0.027555445
1184	44	0.027130753
1184	59	0.025512377
1184	0	0.024589395
1184	225	0.024367247
1185	477	0.037953492
1185	92	0.03707451
1185	1615	0.028752346
1185	167	0.025081588
1185	815	0.022920802
1185	1435	0.022028001
1185	1491	0.021933192
1185	116	0.021457294
1185	19	0.01949835
1185	808	0.019469345
1186	1064	0.033860072
1186	1082	0.031910382
1186	121	0.030301638
1186	773	0.028514707
1186	811	0.026968027
1186	22	0.026433144
1186	414	0.02632259
1186	915	0.026269583
1186	8	0.025938582
1186	53	0.025332794
1187	0	0.034958422
1187	25	0.034089483
1187	29	0.032555826
1187	784	0.03208691
1187	151	0.03198147
1187	53	0.031630307
1187	383	0.031291876
1187	70	0.030962212
1187	67	0.030523604
1187	64	0.030123973
1188	908	0.0316498
1188	915	0.028887156
1188	2	0.02687908
1188	1461	0.026319731
1188	8	0.026219223
1188	110	0.0248725
1188	257	0.02252481
1188	1193	0.02095018
1188	129	0.02051378
1188	1080	0.020504983
1189	166	0.030497096
1189	123	0.029784083
1189	379	0.029172132
1189	10	0.024546156
1189	306	0.022491358
1189	734	0.021291083
1189	163	0.021189082
1189	437	0.02029274
1189	344	0.020199146
1189	257	0.020038733
1190	151	0.03212304
1190	157	0.029896552
1190	66	0.029847454
1190	487	0.02964189
1190	68	0.028748248
1190	148	0.028537586
1190	42	0.027675647
1190	222	0.027405001
1190	53	0.027354814
1190	224	0.024014687
1191	368	0.040830698
1191	286	0.033715464
1191	346	0.03306367
1191	326	0.029248688
1191	822	0.026415346
1191	139	0.022944538
1191	48	0.022662481
1191	1201	0.020994874
1191	596	0.020917654
1191	103	0.020446252
1192	414	0.04390375
1192	216	0.038642284
1192	221	0.032572217
1192	204	0.028201241
1192	148	0.022077154
1192	74	0.0207293
1192	103	0.020722225
1192	144	0.020100964
1192	259	0.019402444
1192	569	0.019137872
1193	348	0.032148182
1193	256	0.031610224
1193	372	0.031549443
1193	303	0.030841077
1193	333	0.028942527
1193	287	0.026973108
1193	1519	0.025016153
1193	340	0.024780892
1193	1175	0.022455044
1193	700	0.022018159
1194	775	0.043617137
1194	394	0.0381858
1194	422	0.037404247
1194	1420	0.03599475
1194	134	0.03599355
1194	940	0.033564493
1194	339	0.032597486
1194	612	0.032596923
1194	1520	0.0325749
1194	398	0.030892568
1195	1450	0.02248035
1195	1517	0.020226523
1195	2	0.018277012
1195	14	0.017513439
1195	26	0.016747415
1195	81	0.016732939
1195	75	0.0163613
1195	991	0.016183589
1195	1391	0.015867192
1195	389	0.0145284785
1196	66	0.035429213
1196	148	0.03448502
1196	256	0.03347497
1196	157	0.031847633
1196	48	0.025777545
1196	71	0.023580782
1196	139	0.023198783
1196	44	0.023084573
1196	36	0.021647243
1196	25	0.02154289
1197	475	0.02746603
1197	481	0.021528797
1197	744	0.020957442
1197	252	0.020467607
1197	831	0.01982235
1197	33	0.019708032
1197	140	0.019561484
1197	794	0.01879976
1197	51	0.018789843
1197	1206	0.01863321
1198	148	0.0385735
1198	157	0.034553494
1198	151	0.03440953
1198	71	0.0204446
1198	381	0.019475805
1198	70	0.01907884
1198	139	0.01859401
1198	225	0.016790064
1198	53	0.01552431
1198	72	0.014421025
1199	242	0.022417057
1199	373	0.020977175
1199	246	0.020277092
1199	374	0.020243106
1199	482	0.020077942
1199	625	0.020068694
1199	302	0.019054642
1199	909	0.018359922
1199	48	0.017929817
1199	1288	0.017455708
1200	66	0.030307397
1200	148	0.030183423
1200	110	0.029330784
1200	157	0.028966581
1200	68	0.027914522
1200	719	0.026175454
1200	103	0.025261281
1200	139	0.02402656
1200	0	0.024017213
1200	72	0.023425985
1201	775	0.03353394
1201	134	0.031611335
1201	783	0.031498108
1201	408	0.03144053
1201	612	0.030246353
1201	15	0.028679812
1201	422	0.027808024
1201	962	0.027733669
1201	98	0.026088977
1201	398	0.024967587
1202	256	0.02765128
1202	345	0.021214712
1202	1565	0.020198891
1202	384	0.018508093
1202	87	0.018214835
1202	763	0.018078187
1202	62	0.01807337
1202	303	0.017816719
1202	379	0.017739203
1202	348	0.01764543
1203	164	0.031449012
1203	53	0.03018861
1203	68	0.0275866
1203	719	0.027276058
1203	36	0.025945581
1203	221	0.025802692
1203	0	0.025424518
1203	103	0.024557564
1203	70	0.02418574
1203	109	0.02380498
1204	219	0.043973934
1204	368	0.042602073
1204	822	0.040643837
1204	365	0.03974999
1204	326	0.039288986
1204	142	0.03924092
1204	346	0.03526765
1204	872	0.032850888
1204	596	0.032790225
1204	874	0.032745842
1205	151	0.038647417
1205	59	0.035605337
1205	66	0.035160277
1205	44	0.03269679
1205	42	0.028786348
1205	68	0.027488632
1205	256	0.027003903
1205	547	0.025581283
1205	70	0.025119582
1205	147	0.025054798
1206	258	0.055477392
1206	564	0.039252862
1206	764	0.023370678
1206	912	0.023276847
1206	880	0.02223033
1206	1403	0.021602342
1206	1381	0.021510713
1206	838	0.02128279
1206	1281	0.020376634
1206	1557	0.017886419
1207	59	0.019006627
1207	1086	0.018508574
1207	221	0.018328007
1207	213	0.017997453
1207	404	0.016806373
1207	621	0.016671112
1207	225	0.016206225
1207	719	0.016146556
1207	164	0.016123755
1207	806	0.016083928
1208	859	0.04019939
1208	884	0.036807388
1208	885	0.034809843
1208	452	0.032814186
1208	1188	0.031108953
1208	394	0.030872855
1208	503	0.028844886
1208	857	0.026897267
1208	1000	0.026804248
1208	865	0.02671293
1209	68	0.037737194
1209	139	0.03695732
1209	103	0.035995252
1209	48	0.033510707
1209	381	0.02919039
1209	44	0.027961286
1209	53	0.027848542
1209	42	0.027021952
1209	72	0.026875673
1209	25	0.02577207
1210	68	0.03798114
1210	381	0.036231607
1210	66	0.036130026
1210	157	0.034973614
1210	72	0.032000646
1210	25	0.031360365
1210	144	0.031133993
1210	48	0.03110426
1210	70	0.029526347
1210	225	0.029414484
1211	842	0.020595955
1211	202	0.018292988
1211	45	0.016548475
1211	273	0.016279636
1211	44	0.015999652
1211	127	0.015761819
1211	71	0.015627623
1211	175	0.015540649
1211	0	0.01539457
1211	148	0.015037242
1212	326	0.024368448
1212	142	0.018911391
1212	226	0.018852212
1212	741	0.018367397
1212	680	0.018326735
1212	247	0.017576307
1212	774	0.017228315
1212	66	0.017176082
1212	1141	0.016703587
1212	318	0.016652515
1213	909	0.047589835
1213	400	0.04542361
1213	181	0.04535697
1213	1260	0.040368102
1213	482	0.039864965
1213	359	0.039113324
1213	209	0.036804426
1213	314	0.03581472
1213	292	0.035197582
1213	343	0.034454554
1214	148	0.035152793
1214	139	0.02722673
1214	103	0.024246946
1214	68	0.021865183
1214	48	0.019183608
1214	703	0.019142324
1214	428	0.01878223
1214	1282	0.017992364
1214	42	0.017900629
1214	779	0.017517092
1215	151	0.02662923
1215	53	0.026130497
1215	66	0.025882855
1215	157	0.025199272
1215	1282	0.02358679
1215	487	0.022361148
1215	148	0.022186844
1215	103	0.021866169
1215	42	0.021858957
1215	223	0.02134958
1216	638	0.028244697
1216	785	0.024488095
1216	1117	0.023415668
1216	1517	0.022901958
1216	670	0.018124646
1216	1551	0.018090848
1216	993	0.017723579
1216	261	0.017154235
1216	924	0.016839761
1216	1305	0.016727393
1217	408	0.018307982
1217	269	0.015989786
1217	453	0.015824508
1217	36	0.015439664
1217	323	0.015273615
1217	865	0.013600088
1217	394	0.013273812
1217	219	0.012608994
1217	47	0.012312803
1217	58	0.011974916
1218	36	0.027150478
1218	64	0.025412748
1218	29	0.024723236
1218	46	0.02416518
1218	23	0.023885626
1218	269	0.02353413
1218	175	0.022862457
1218	271	0.022151526
1218	139	0.02206525
1218	164	0.021992957
1219	908	0.027874429
1219	1245	0.025677696
1219	180	0.025562912
1219	1340	0.024764564
1219	911	0.023290072
1219	1360	0.021391759
1219	960	0.021150459
1219	1556	0.020296713
1219	146	0.020280516
1219	1170	0.020176833
1220	92	0.020712443
1220	385	0.02010433
1220	269	0.019691728
1220	287	0.018792193
1220	274	0.01634181
1220	814	0.015502649
1220	36	0.014604353
1220	335	0.014445297
1220	171	0.0141747175
1220	372	0.014074699
1221	597	0.037673693
1221	1378	0.035281997
1221	1416	0.034105346
1221	626	0.03363523
1221	502	0.03139791
1221	1350	0.030783808
1221	1607	0.030680297
1221	1111	0.027256325
1221	1379	0.026331687
1221	984	0.026271734
1222	12	0.025269512
1222	1269	0.022636076
1222	119	0.0203552
1222	992	0.02002126
1222	908	0.019773062
1222	778	0.019290352
1222	719	0.018367784
1222	432	0.01830087
1222	8	0.018062076
1222	254	0.018036744
1223	858	0.03216134
1223	1135	0.029288763
1223	1526	0.028622486
1223	147	0.027834231
1223	1564	0.02629372
1223	1188	0.02577107
1223	547	0.025001071
1223	948	0.023259277
1223	452	0.022649521
1223	209	0.022310514
1224	280	0.03271929
1224	74	0.025996335
1224	1266	0.018688522
1224	140	0.01851797
1224	162	0.01742277
1224	100	0.017174443
1224	807	0.016899038
1224	283	0.016698143
1224	107	0.016695896
1224	556	0.016371211
1225	66	0.05358689
1225	103	0.029498244
1225	48	0.025956804
1225	68	0.02536589
1225	44	0.02046324
1225	139	0.018080728
1225	42	0.016870653
1225	71	0.015609624
1225	643	0.015026743
1225	628	0.014936202
1226	59	0.044120613
1226	157	0.035180528
1226	66	0.033713147
1226	148	0.033142436
1226	71	0.030916648
1226	48	0.03013981
1226	68	0.029903376
1226	139	0.029725587
1226	381	0.029378887
1226	225	0.029365424
1227	103	0.041763533
1227	68	0.03178555
1227	48	0.020179288
1227	225	0.01628856
1227	72	0.015163835
1227	635	0.014428885
1227	643	0.013593071
1227	224	0.013438148
1227	182	0.0122993
1227	1325	0.011830569
1228	226	0.024622247
1228	118	0.022660198
1228	769	0.022184687
1228	25	0.01996427
1228	125	0.019584564
1228	162	0.01929416
1228	408	0.018537274
1228	15	0.018244026
1228	54	0.01774212
1228	251	0.017472388
1229	325	0.028314775
1229	1391	0.02499477
1229	628	0.02352619
1229	154	0.023284176
1229	17	0.02322372
1229	66	0.022152532
1229	1450	0.02188573
1229	455	0.021804225
1229	1320	0.021732403
1229	1145	0.021419764
1230	209	0.030306313
1230	378	0.02879232
1230	325	0.028683942
1230	202	0.02696142
1230	1420	0.023653137
1230	339	0.023205038
1230	847	0.021673428
1230	306	0.021589903
1230	194	0.02117179
1230	394	0.021028718
1231	79	0.032938175
1231	12	0.026658565
1231	184	0.025924223
1231	81	0.021730615
1231	1094	0.02159585
1231	152	0.02127374
1231	987	0.020517731
1231	434	0.018389475
1231	1360	0.017368494
1231	17	0.017149238
1232	66	0.043784205
1232	151	0.038062952
1232	68	0.025542444
1232	103	0.025439758
1232	48	0.023426259
1232	139	0.020758228
1232	71	0.020365367
1232	44	0.019092552
1232	381	0.017583203
1232	225	0.015575972
1233	66	0.04159971
1233	103	0.040995162
1233	53	0.02465461
1233	48	0.024246315
1233	225	0.02084538
1233	72	0.020374551
1233	70	0.018141363
1233	719	0.016398938
1233	495	0.015683182
1233	0	0.015274835
1234	140	0.037622824
1234	481	0.030211851
1234	483	0.029055823
1234	69	0.025753831
1234	9	0.025031026
1234	139	0.023489377
1234	1266	0.022767
1234	573	0.0222536
1234	756	0.021750297
1234	1120	0.021097496
1235	625	0.031445734
1235	514	0.03020426
1235	1547	0.027396172
1235	1481	0.025887657
1235	1570	0.025489466
1235	577	0.024807552
1235	1032	0.023711048
1235	1589	0.023561785
1235	1282	0.02344979
1235	852	0.022979945
1236	935	0.022724152
1236	582	0.02223755
1236	109	0.021312553
1236	1287	0.02124726
1236	343	0.021200672
1236	1386	0.020969573
1236	1191	0.020847054
1236	352	0.018614417
1236	1636	0.01750059
1236	750	0.017424036
1237	108	0.028108127
1237	36	0.027001627
1237	94	0.025610464
1237	59	0.024135321
1237	109	0.022731043
1237	750	0.021889757
1237	64	0.020915283
1237	47	0.020620383
1237	201	0.020509863
1237	269	0.02039325
1238	676	0.04256977
1238	862	0.033653002
1238	474	0.030112974
1238	88	0.027085481
1238	1336	0.02405182
1238	403	0.023400165
1238	1491	0.022697445
1238	171	0.021951443
1238	1615	0.021831319
1238	1500	0.020685734
1239	1067	0.027787115
1239	216	0.026122341
1239	811	0.02376717
1239	1392	0.023068957
1239	200	0.020255681
1239	429	0.018921668
1239	632	0.018186936
1239	1547	0.0181381
1239	231	0.01776982
1239	221	0.015719682
1240	108	0.017369648
1240	74	0.017365232
1240	127	0.01709808
1240	56	0.016428974
1240	802	0.013381196
1240	269	0.013009745
1240	43	0.012157166
1240	808	0.012099837
1240	209	0.012026511
1240	115	0.011893127
1241	68	0.04283539
1241	157	0.03879385
1241	103	0.038330518
1241	139	0.038213056
1241	719	0.032690093
1241	53	0.031760775
1241	44	0.031181598
1241	42	0.03051582
1241	495	0.029012334
1241	222	0.027889363
1242	216	0.029292392
1242	74	0.026584888
1242	221	0.02529842
1242	108	0.021034263
1242	67	0.019576585
1242	802	0.019172315
1242	981	0.019106077
1242	752	0.018965773
1242	45	0.018696195
1242	47	0.01868644
1243	71	0.02594016
1243	36	0.025197119
1243	33	0.024663242
1243	139	0.024168735
1243	148	0.023044223
1243	51	0.02202333
1243	23	0.021469543
1243	70	0.021027623
1243	66	0.020522187
1243	59	0.020281438
1244	287	0.026416795
1244	303	0.023260836
1244	400	0.0209361
1244	1082	0.02008063
1244	359	0.01989095
1244	256	0.01939551
1244	347	0.01828876
1244	555	0.017834801
1244	1064	0.017217671
1244	118	0.017214438
1245	414	0.03047382
1245	216	0.02646277
1245	221	0.025025157
1245	391	0.024602773
1245	423	0.022729963
1245	204	0.022106005
1245	393	0.019934077
1245	257	0.019733567
1245	12	0.019226344
1245	260	0.019213533
1246	121	0.032109033
1246	181	0.031151662
1246	909	0.030448707
1246	79	0.026062317
1246	839	0.025022304
1246	1390	0.024153326
1246	17	0.024128899
1246	1130	0.023686558
1246	915	0.023580918
1246	961	0.02334347
1247	345	0.024435826
1247	51	0.02376232
1247	58	0.023310913
1247	792	0.022178907
1247	335	0.020721762
1247	89	0.02058254
1247	334	0.020260913
1247	269	0.020142712
1247	321	0.019364847
1247	651	0.018932804
1248	68	0.045063455
1248	139	0.042662784
1248	48	0.040656254
1248	487	0.03878287
1248	495	0.038333584
1248	148	0.038266182
1248	491	0.036863618
1248	784	0.034786742
1248	18	0.033217616
1248	109	0.032776125
1249	384	0.037093606
1249	58	0.03566191
1249	334	0.033987623
1249	141	0.028841525
1249	123	0.028091583
1249	377	0.02713559
1249	347	0.024413528
1249	94	0.024210226
1249	345	0.023038678
1249	269	0.022614487
1250	414	0.029279178
1250	181	0.026747344
1250	204	0.026412398
1250	216	0.025445301
1250	811	0.025367554
1250	194	0.024846697
1250	74	0.024032034
1250	482	0.022486826
1250	221	0.021210182
1250	129	0.021045076
1251	884	0.03402015
1251	885	0.03265908
1251	452	0.029253567
1251	1188	0.02718979
1251	101	0.024846675
1251	392	0.02483649
1251	1483	0.023593739
1251	1234	0.023067389
1251	1347	0.022721533
1251	1135	0.02222285
1252	378	0.044966564
1252	970	0.038690604
1252	168	0.026751256
1252	14	0.02348678
1252	36	0.022921296
1252	162	0.022495076
1252	164	0.02215098
1252	331	0.021406097
1252	423	0.021211399
1252	993	0.020508531
1253	314	0.02731725
1253	1381	0.026084285
1253	406	0.02551022
1253	581	0.024258547
1253	1385	0.022405714
1253	433	0.021880157
1253	359	0.020861126
1253	343	0.020351464
1253	81	0.019933343
1253	622	0.01989584
1254	379	0.040321685
1254	1001	0.02527343
1254	1002	0.024578845
1254	166	0.024433922
1254	841	0.023602415
1254	345	0.023073982
1254	58	0.022847453
1254	141	0.021643475
1254	153	0.020746771
1254	377	0.019508243
1255	139	0.032492828
1255	148	0.030190978
1255	157	0.029917952
1255	66	0.029887183
1255	719	0.028533462
1255	48	0.028058724
1255	103	0.027907657
1255	72	0.027678829
1255	25	0.02731854
1255	53	0.02717878
1256	153	0.0288132
1256	123	0.024020692
1256	166	0.021903249
1256	923	0.021529473
1256	801	0.021202888
1256	803	0.020993376
1256	59	0.020726666
1256	139	0.019829983
1256	223	0.019486735
1256	54	0.018798599
1257	579	0.031167675
1257	34	0.028103122
1257	445	0.025473578
1257	100	0.02306037
1257	74	0.01998824
1257	854	0.01929507
1257	799	0.019011403
1257	447	0.018989228
1257	265	0.018913398
1257	441	0.01787542
1258	377	0.030068586
1258	384	0.022393757
1258	468	0.021798301
1258	89	0.020622494
1258	803	0.020329405
1258	1492	0.019553924
1258	1023	0.018710937
1258	1194	0.018071597
1258	171	0.017816843
1258	155	0.017521674
1259	909	0.055971745
1259	482	0.054773446
1259	359	0.05387384
1259	314	0.053028274
1259	194	0.04666045
1259	317	0.044040654
1259	343	0.04234896
1259	408	0.041249167
1259	298	0.038487762
1259	913	0.030901514
1260	1256	0.025223846
1260	306	0.022025686
1260	379	0.02029032
1260	77	0.01895069
1260	841	0.018031195
1260	831	0.017871054
1260	81	0.017714411
1260	1096	0.01759832
1260	137	0.016963053
1260	13	0.01648711
1261	1392	0.06364492
1261	1570	0.054368548
1261	1339	0.050041232
1261	1626	0.04994335
1261	1143	0.046596963
1261	302	0.044252392
1261	836	0.0384694
1261	1291	0.03747798
1261	264	0.037257794
1261	668	0.03607496
1262	59	0.034659956
1262	132	0.023739632
1262	379	0.022651374
1262	54	0.02160949
1262	373	0.020450639
1262	333	0.020059671
1262	36	0.01994973
1262	62	0.018178936
1262	139	0.018145373
1262	424	0.017675828
1263	372	0.02929069
1263	348	0.028080966
1263	291	0.026545359
1263	36	0.023732996
1263	385	0.0223954
1263	1023	0.022283468
1263	195	0.021394076
1263	273	0.021341443
1263	547	0.019918546
1263	340	0.019866524
1264	389	0.020836746
1264	1193	0.016487941
1264	58	0.015438624
1264	153	0.015242052
1264	347	0.01496277
1264	73	0.014587832
1264	432	0.014165147
1264	21	0.013506793
1264	915	0.013479234
1264	625	0.013389326
1265	58	0.030856024
1265	334	0.028026106
1265	286	0.028015995
1265	318	0.027147118
1265	143	0.026887862
1265	290	0.02637046
1265	89	0.025785986
1265	326	0.024339907
1265	384	0.021867415
1265	249	0.021166535
1266	555	0.05241164
1266	329	0.046316586
1266	189	0.034178644
1266	419	0.032794546
1266	1193	0.029267196
1266	1113	0.027544456
1266	961	0.027246555
1266	656	0.025259938
1266	230	0.023906821
1266	794	0.021034388
1267	14	0.034955405
1267	7	0.028101666
1267	135	0.027188923
1267	137	0.02486271
1267	20	0.024718251
1267	22	0.024543721
1267	2	0.021812443
1267	1577	0.02164688
1267	131	0.020458799
1267	193	0.020023625
1268	195	0.025652094
1268	651	0.024542008
1268	91	0.023590995
1268	59	0.023559285
1268	164	0.022459928
1268	358	0.022382274
1268	345	0.021889428
1268	47	0.019907147
1268	337	0.0195878
1268	719	0.019562745
1269	1067	0.07101495
1269	1392	0.06339738
1269	1570	0.058857333
1269	982	0.05549922
1269	1143	0.051252004
1269	1339	0.0460162
1269	429	0.045720592
1269	836	0.04386576
1269	1291	0.04190486
1269	264	0.04165675
1270	8	0.02152864
1270	652	0.021321384
1270	12	0.02097493
1270	481	0.020565866
1270	162	0.019275025
1270	811	0.018805081
1270	908	0.01857421
1270	773	0.017430086
1270	123	0.01718861
1270	831	0.017025527
1271	374	0.024332754
1271	1265	0.021878507
1271	632	0.021757936
1271	487	0.021604571
1271	246	0.02131561
1271	132	0.02036828
1271	727	0.018638445
1271	232	0.01848599
1271	148	0.018217416
1271	801	0.01753492
1272	402	0.03296048
1272	127	0.031127395
1272	45	0.030868648
1272	806	0.03011194
1272	202	0.023090275
1272	185	0.019222932
1272	198	0.019153167
1272	86	0.017783264
1272	35	0.017246896
1272	403	0.01716606
1273	769	0.02553235
1273	127	0.020165395
1273	199	0.019907773
1273	402	0.01871088
1273	802	0.017746206
1273	59	0.017650448
1273	204	0.016835533
1273	256	0.016824966
1273	414	0.016767062
1273	23	0.016614651
1274	72	0.039136067
1274	139	0.038733117
1274	144	0.03734828
1274	157	0.03717426
1274	105	0.034274757
1274	273	0.033966698
1274	222	0.033729617
1274	487	0.0328435
1274	64	0.032394845
1274	148	0.032169253
1275	453	0.031082207
1275	1135	0.029785227
1275	452	0.029159373
1275	1188	0.028105542
1275	209	0.027026623
1275	1520	0.025527596
1275	987	0.022531549
1275	975	0.02170059
1275	152	0.021048123
1275	1132	0.02029346
1276	115	0.039328445
1276	74	0.026555665
1276	839	0.023468683
1276	1486	0.023062646
1276	851	0.020476991
1276	847	0.020059345
1276	404	0.019945832
1276	108	0.018699162
1276	141	0.018662633
1276	970	0.018570151
1277	58	0.04211964
1277	326	0.03284075
1277	94	0.030958598
1277	290	0.029926246
1277	314	0.028135093
1277	73	0.027039468
1277	292	0.026860146
1277	298	0.026652053
1277	143	0.02529431
1277	384	0.024762185
1278	625	0.03730576
1278	1401	0.031521313
1278	1292	0.024670191
1278	231	0.024637982
1278	1481	0.024170911
1278	1392	0.02364031
1278	1001	0.023013636
1278	1181	0.022758937
1278	1623	0.022355268
1278	850	0.022300854
1279	36	0.02534976
1279	706	0.024033135
1279	417	0.022244018
1279	424	0.021780036
1279	343	0.021399532
1279	283	0.021358065
1279	937	0.020512369
1279	326	0.018382525
1279	10	0.018373648
1279	356	0.01812901
1280	346	0.061367318
1280	874	0.04222247
1280	1201	0.04122188
1280	596	0.040779803
1280	994	0.037932076
1280	872	0.036116388
1280	700	0.035151392
1280	856	0.03514146
1280	507	0.031497262
1280	995	0.031155633
1281	216	0.030283837
1281	148	0.027552066
1281	151	0.025371296
1281	157	0.02516581
1281	71	0.024528122
1281	129	0.024313105
1281	103	0.024215424
1281	200	0.024129799
1281	72	0.023717498
1281	381	0.023386614
1282	326	0.04446564
1282	142	0.041844863
1282	85	0.032662123
1282	145	0.031874757
1282	281	0.030198647
1282	363	0.02951239
1282	343	0.02769281
1282	290	0.02749205
1282	318	0.02628983
1282	352	0.026025234
1283	142	0.033375684
1283	326	0.031943295
1283	115	0.027720908
1283	352	0.021411624
1283	145	0.02034026
1283	641	0.018995648
1283	94	0.0185465
1283	318	0.017668674
1283	343	0.01760824
1283	334	0.017563462
1284	68	0.027567841
1284	103	0.023559166
1284	36	0.021998858
1284	25	0.02074745
1284	72	0.020614853
1284	59	0.020454537
1284	164	0.02040096
1284	71	0.02036754
1284	223	0.018913463
1284	487	0.018365663
1285	274	0.024539035
1285	752	0.021097228
1285	934	0.020809373
1285	200	0.020620503
1285	569	0.019883255
1285	43	0.018546047
1285	214	0.017494058
1285	417	0.017178059
1285	1241	0.015614204
1285	67	0.01488088
1286	129	0.030258453
1286	185	0.028376963
1286	109	0.027896527
1286	115	0.026912332
1286	202	0.026222354
1286	408	0.025787864
1286	194	0.019910406
1286	783	0.019763486
1286	258	0.018065289
1286	209	0.017613618
1287	1556	0.011355034
1287	53	0.010863128
1287	467	0.010649246
1287	367	0.010464593
1287	83	0.010418586
1287	247	0.010166219
1287	252	0.009933923
1287	1113	0.009322253
1287	1266	0.00926687
1287	621	0.009222086
1288	181	0.032331232
1288	314	0.029603519
1288	359	0.027287528
1288	909	0.026070356
1288	116	0.025117846
1288	406	0.024943607
1288	317	0.023429284
1288	1260	0.022711914
1288	1075	0.02237983
1288	117	0.0220444
1289	146	0.028280519
1289	317	0.020053107
1289	148	0.019067785
1289	103	0.017886836
1289	314	0.017853769
1289	292	0.017552195
1289	157	0.01620792
1289	123	0.016079327
1289	223	0.015956344
1289	825	0.015940709
1290	148	0.037862483
1290	157	0.03677041
1290	103	0.027353538
1290	68	0.026786655
1290	48	0.025460107
1290	139	0.024255645
1290	44	0.02019275
1290	42	0.01984635
1290	273	0.01918009
1290	381	0.017942032
1291	94	0.030793222
1291	10	0.028764399
1291	175	0.028244874
1291	53	0.02751231
1291	123	0.025722083
1291	379	0.025563205
1291	286	0.025329072
1291	58	0.024672002
1291	345	0.023722462
1291	47	0.02283354
1292	70	0.027788881
1292	103	0.02651293
1292	487	0.024163954
1292	71	0.024111656
1292	29	0.02337182
1292	144	0.023117363
1292	72	0.023085713
1292	224	0.02308223
1292	680	0.022740921
1292	25	0.022491535
1293	365	0.02483437
1293	368	0.024730502
1293	934	0.022993483
1293	219	0.021607675
1293	822	0.020041829
1293	346	0.019235201
1293	752	0.019222455
1293	1086	0.018707905
1293	290	0.018703146
1293	32	0.018685086
1294	151	0.029673317
1294	157	0.029028451
1294	70	0.026290558
1294	71	0.02387784
1294	29	0.022100043
1294	175	0.021274997
1294	0	0.020907598
1294	381	0.020410586
1294	273	0.019467326
1294	69	0.019131225
1295	71	0.038119197
1295	148	0.03679077
1295	53	0.033806007
1295	48	0.032363653
1295	225	0.029346475
1295	495	0.028682975
1295	70	0.028603598
1295	784	0.026538715
1295	222	0.02602452
1295	44	0.025765834
1296	132	0.0307637
1296	286	0.030469261
1296	326	0.026612652
1296	290	0.026376221
1296	175	0.026313279
1296	379	0.026216883
1296	47	0.025933951
1296	58	0.025472812
1296	373	0.02445391
1296	886	0.023689935
1297	379	0.032252863
1297	976	0.03197864
1297	153	0.027839966
1297	945	0.027629137
1297	384	0.027521329
1297	827	0.027211472
1297	237	0.026686514
1297	1158	0.024625411
1297	231	0.02281742
1297	450	0.022696825
1298	12	0.040840242
1298	135	0.033145692
1298	7	0.030806428
1298	1360	0.028356584
1298	22	0.027622612
1298	137	0.02701218
1298	188	0.026953353
1298	2	0.0246405
1298	20	0.024136646
1298	119	0.0205608
1299	346	0.05206366
1299	822	0.043956093
1299	1201	0.036676858
1299	596	0.035194296
1299	994	0.03481745
1299	995	0.03366751
1299	874	0.033315267
1299	856	0.029306658
1299	681	0.029250208
1299	872	0.02898422
1300	23	0.029290428
1300	33	0.02208358
1300	92	0.021842945
1300	385	0.021733887
1300	195	0.02103261
1300	59	0.020616466
1300	651	0.020021044
1300	115	0.01850088
1300	412	0.017853046
1300	1435	0.017576085
1301	146	0.027653605
1301	1557	0.026793133
1301	1340	0.026033413
1301	1555	0.023138914
1301	480	0.018966563
1301	1218	0.018386977
1301	481	0.018081568
1301	175	0.01795212
1301	53	0.017411368
1301	546	0.017170908
1302	119	0.02066721
1302	734	0.019364746
1302	109	0.017157378
1302	464	0.016954472
1302	10	0.016313013
1302	1082	0.01610484
1302	25	0.015971065
1302	379	0.015916146
1302	130	0.01534108
1302	196	0.015297737
1303	1325	0.027376043
1303	311	0.026971083
1303	1326	0.026616177
1303	1036	0.025931677
1303	373	0.023593947
1303	1158	0.023555668
1303	1260	0.023302441
1303	482	0.022256404
1303	664	0.022100171
1303	1505	0.021996373
1304	612	0.05497926
1304	134	0.053854436
1304	394	0.052956693
1304	398	0.05134474
1304	865	0.04948349
1304	453	0.044466026
1304	940	0.04335547
1304	209	0.04253087
1304	408	0.03648308
1304	1532	0.036142286
1305	33	0.027102467
1305	269	0.026681725
1305	92	0.02621493
1305	67	0.023922324
1305	477	0.022666719
1305	51	0.022058122
1305	47	0.021882446
1305	259	0.021856394
1305	175	0.02167395
1305	784	0.021667793
1306	466	0.06644602
1306	460	0.06431396
1306	456	0.06399044
1306	461	0.052328836
1306	457	0.05152287
1306	1462	0.025768174
1306	462	0.024979215
1306	1578	0.02418269
1306	1604	0.02400344
1306	1319	0.022062102
1307	413	0.034667734
1307	364	0.02277709
1307	1010	0.02214995
1307	385	0.020861074
1307	1386	0.02044171
1307	151	0.020390997
1307	418	0.02021807
1307	195	0.019911129
1307	225	0.019399608
1307	381	0.019025953
1308	902	0.023330407
1308	844	0.02285302
1308	823	0.021059092
1308	703	0.020119734
1308	97	0.02011751
1308	102	0.018988635
1308	1637	0.018705107
1308	1450	0.01782416
1308	151	0.01736196
1308	653	0.017201087
1309	242	0.025837488
1309	181	0.025313104
1309	194	0.023696333
1309	314	0.023459308
1309	251	0.022886127
1309	959	0.022720644
1309	317	0.021781655
1309	146	0.021638041
1309	73	0.02041018
1309	247	0.019781359
1310	171	0.020957462
1310	185	0.019662937
1310	402	0.018423844
1310	334	0.018015426
1310	202	0.017571224
1310	1241	0.017310755
1310	127	0.016894976
1310	97	0.016650638
1310	94	0.016143924
1310	390	0.01590372
1311	445	0.030459523
1311	773	0.028454622
1311	915	0.028419921
1311	444	0.027879419
1311	31	0.025749834
1311	34	0.025514374
1311	792	0.025073016
1311	442	0.024988996
1311	579	0.024612417
1311	446	0.02310818
1312	92	0.045526993
1312	477	0.03585176
1312	616	0.02649051
1312	117	0.024640637
1312	379	0.022236789
1312	130	0.02176681
1312	1615	0.020686269
1312	754	0.020659998
1312	650	0.0193741
1312	164	0.018513734
1313	15	0.032343864
1313	22	0.02965835
1313	257	0.02785271
1313	1193	0.027424054
1313	129	0.025984341
1313	432	0.025060168
1313	773	0.024259124
1313	638	0.023743002
1313	126	0.023260675
1313	8	0.022414692
1314	0	0.035797376
1314	144	0.034591228
1314	719	0.03407898
1314	72	0.03196086
1314	216	0.031739607
1314	53	0.03165416
1314	784	0.031142754
1314	487	0.030765302
1314	42	0.030755516
1314	222	0.030039122
1315	1064	0.030179385
1315	1347	0.030135877
1315	1524	0.02733561
1315	1367	0.026685102
1315	778	0.02651663
1315	1269	0.026354399
1315	1609	0.026207378
1315	193	0.025763094
1315	254	0.024180872
1315	1018	0.02363031
1316	71	0.03453222
1316	103	0.032714985
1316	72	0.032564417
1316	0	0.03233411
1316	381	0.030615862
1316	139	0.030046932
1316	25	0.029407252
1316	157	0.02884302
1316	59	0.02854129
1316	225	0.028278712
1317	59	0.023359798
1317	271	0.021017496
1317	256	0.02083329
1317	127	0.020373615
1317	402	0.019415503
1317	67	0.018967513
1317	45	0.018619582
1317	64	0.01859224
1317	259	0.018518852
1317	387	0.018122196
1318	118	0.037254505
1318	258	0.0276609
1318	1348	0.024984747
1318	21	0.02284523
1318	783	0.020962628
1318	564	0.020712834
1318	398	0.020488892
1318	769	0.02044155
1318	1190	0.019334203
1318	1516	0.018586172
1319	280	0.027950682
1319	674	0.024852736
1319	913	0.024150727
1319	173	0.023071574
1319	1562	0.021465722
1319	1028	0.020732697
1319	1148	0.020295817
1319	1066	0.019544585
1319	316	0.019385947
1319	839	0.018763062
1320	273	0.036262978
1320	547	0.032424845
1320	719	0.01983882
1320	0	0.019011633
1320	68	0.018687444
1320	175	0.01867245
1320	72	0.01824041
1320	66	0.01813622
1320	383	0.01808359
1320	109	0.018076137
1321	482	0.05726399
1321	909	0.057091955
1321	400	0.054858644
1321	359	0.051835764
1321	314	0.05163608
1321	317	0.043508004
1321	209	0.043018043
1321	194	0.039441768
1321	343	0.037728876
1321	298	0.03616096
1322	445	0.051822044
1322	441	0.05060637
1322	447	0.047269937
1322	440	0.04678953
1322	34	0.04637642
1322	442	0.043672267
1322	443	0.04294351
1322	439	0.042303838
1322	446	0.0412499
1322	767	0.04115431
1323	384	0.029717127
1323	168	0.023218412
1323	823	0.023090675
1323	360	0.022239313
1323	1145	0.020779416
1323	89	0.019672351
1323	324	0.019018207
1323	421	0.018744148
1323	574	0.018538518
1323	1371	0.018407239
1324	378	0.030970965
1324	344	0.029764833
1324	1191	0.029147383
1324	257	0.025607994
1324	306	0.025432274
1324	465	0.0233299
1324	979	0.02200044
1324	1256	0.020854762
1324	433	0.020241108
1324	1004	0.019937264
1325	1230	0.060055494
1325	514	0.044627752
1325	1051	0.040960167
1325	1560	0.039598074
1325	549	0.03928142
1325	703	0.038709562
1325	1045	0.03842554
1325	1381	0.038323805
1325	845	0.03776834
1325	1570	0.037338592
1326	204	0.03035462
1326	314	0.0276139
1326	200	0.026011897
1326	194	0.025413439
1326	839	0.02410046
1326	75	0.023994703
1326	5	0.023464583
1326	221	0.02324383
1326	121	0.022963013
1326	115	0.022824466
1327	68	0.04625407
1327	66	0.04301403
1327	144	0.037530415
1327	273	0.03586198
1327	25	0.035679247
1327	42	0.035241924
1327	487	0.035107188
1327	44	0.033714127
1327	105	0.032995574
1327	221	0.032245252
1328	129	0.035313334
1328	72	0.03497051
1328	71	0.03412824
1328	25	0.03409411
1328	719	0.033283588
1328	216	0.032368597
1328	64	0.031027736
1328	103	0.030631525
1328	67	0.030283978
1328	680	0.02985905
1329	432	0.028216537
1329	908	0.025205247
1329	915	0.024704503
1329	18	0.023727294
1329	1329	0.022661522
1329	8	0.02235183
1329	177	0.0217256
1329	245	0.020982848
1329	740	0.020041347
1329	483	0.019876875
1330	31	0.03239974
1330	441	0.032305628
1330	440	0.02877268
1330	579	0.027467957
1330	59	0.027030919
1330	34	0.023969643
1330	442	0.021022253
1330	333	0.019353895
1330	385	0.019018525
1330	792	0.018698778
1331	937	0.026027476
1331	1391	0.024646683
1331	1356	0.020033225
1331	289	0.019766252
1331	902	0.018717147
1331	364	0.018209675
1331	1056	0.017482895
1331	908	0.01717707
1331	706	0.016545666
1331	820	0.015741378
1332	1391	0.026657611
1332	334	0.02225818
1332	379	0.022192812
1332	141	0.02180934
1332	89	0.02022903
1332	13	0.020078257
1332	344	0.019487211
1332	325	0.017922405
1332	988	0.017768163
1332	249	0.017725123
1333	229	0.030339336
1333	1116	0.025787853
1333	801	0.02489967
1333	641	0.02459956
1333	1320	0.023869473
1333	1318	0.023301601
1333	1398	0.023211787
1333	1415	0.022904499
1333	1392	0.022791568
1333	1408	0.022599308
1334	56	0.03298063
1334	210	0.031277075
1334	147	0.029865567
1334	948	0.025687523
1334	202	0.025626216
1334	1244	0.02547571
1334	360	0.025271812
1334	903	0.024930207
1334	1437	0.024892747
1334	1019	0.02411259
1335	88	0.029163755
1335	226	0.028098492
1335	123	0.024940059
1335	360	0.020603068
1335	244	0.019652817
1335	463	0.01831528
1335	1219	0.017749999
1335	62	0.017565716
1335	1145	0.016816543
1335	339	0.0164026
1336	168	0.033225503
1336	384	0.03178552
1336	306	0.027091995
1336	164	0.02504615
1336	166	0.024685921
1336	344	0.024433507
1336	123	0.023820853
1336	67	0.022964356
1336	1113	0.022493802
1336	58	0.021945989
1337	1051	0.032272447
1337	1032	0.03201244
1337	505	0.027728677
1337	440	0.027368335
1337	1045	0.027311727
1337	1397	0.025885256
1337	446	0.025560929
1337	445	0.02523493
1337	1396	0.025056869
1337	444	0.024609465
1338	491	0.020622728
1338	1304	0.019743813
1338	533	0.017757533
1338	144	0.017476128
1338	428	0.016745156
1338	47	0.016093206
1338	149	0.015822837
1338	854	0.015746593
1338	253	0.015682634
1338	725	0.015397225
1339	262	0.026830245
1339	164	0.023869017
1339	139	0.01872827
1339	1241	0.01855987
1339	221	0.01820655
1339	168	0.017709674
1339	42	0.016819919
1339	269	0.016635124
1339	216	0.015896471
1339	36	0.015855856
1340	379	0.022556448
1340	67	0.020076513
1340	175	0.019527651
1340	23	0.01916039
1340	87	0.019109009
1340	47	0.018841133
1340	149	0.018760724
1340	43	0.018523438
1340	345	0.018002987
1340	384	0.017884308
1341	394	0.05609571
1341	612	0.054029983
1341	398	0.04746123
1341	408	0.043273408
1341	453	0.041116312
1341	769	0.040373407
1341	98	0.03757685
1341	940	0.031549346
1341	885	0.031427458
1341	256	0.027919196
1342	404	0.025630677
1342	108	0.02347518
1342	784	0.016977277
1342	194	0.01626983
1342	156	0.016093794
1342	778	0.016058998
1342	381	0.015929302
1342	45	0.01590794
1342	67	0.01545902
1342	144	0.015351616
1343	181	0.05396919
1343	314	0.045264114
1343	359	0.03707359
1343	406	0.033565298
1343	152	0.031361233
1343	1260	0.029094575
1343	400	0.028517615
1343	292	0.026421396
1343	343	0.022776067
1343	1353	0.022384848
1344	452	0.036811404
1344	408	0.03667616
1344	209	0.034069873
1344	314	0.01841526
1344	400	0.016773356
1344	292	0.016063944
1344	632	0.015827099
1344	407	0.01574687
1344	885	0.015624223
1344	482	0.015594862
1345	74	0.026852453
1345	132	0.024970377
1345	15	0.024023008
1345	58	0.02283937
1345	1533	0.021269308
1345	841	0.020882716
1345	118	0.020840906
1345	125	0.020735111
1345	153	0.019403199
1345	1193	0.01909073
1346	466	0.054034226
1346	459	0.050238587
1346	460	0.049831644
1346	461	0.041384857
1346	455	0.039498366
1346	1352	0.024813935
1346	378	0.02365915
1346	1462	0.02259054
1346	1023	0.022381509
1346	676	0.021521281
1347	103	0.038902223
1347	148	0.0364235
1347	157	0.035664953
1347	151	0.03536254
1347	381	0.03400608
1347	66	0.03247637
1347	25	0.028194087
1347	70	0.026026111
1347	225	0.025091713
1347	42	0.024385307
1348	2	0.039754752
1348	1517	0.025600191
1348	640	0.02306235
1348	785	0.02255206
1348	1007	0.022083106
1348	1429	0.021938361
1348	7	0.021800807
1348	964	0.02171486
1348	10	0.020861492
1348	27	0.020681037
1349	286	0.038742956
1349	326	0.03257642
1349	175	0.02803099
1349	58	0.0250723
1349	463	0.02206148
1349	356	0.021375509
1349	85	0.02106928
1349	195	0.020059565
1349	139	0.019811649
1349	32	0.019349707
1350	904	0.026460314
1350	306	0.025961798
1350	351	0.022351643
1350	467	0.021851411
1350	344	0.021319302
1350	149	0.02112904
1350	280	0.020103803
1350	1391	0.019991681
1350	1286	0.019041909
1350	854	0.018423282
1351	36	0.028103588
1351	29	0.026906624
1351	67	0.024953587
1351	103	0.024646863
1351	25	0.024607323
1351	164	0.024121536
1351	222	0.02329198
1351	247	0.023218855
1351	381	0.022981457
1351	540	0.022972172
1352	442	0.08600397
1352	445	0.08431276
1352	444	0.08204441
1352	446	0.080520615
1352	441	0.07685413
1352	767	0.07304991
1352	438	0.07124798
1352	34	0.064599015
1352	443	0.06291497
1352	297	0.040288478
1353	175	0.028847102
1353	47	0.020584697
1353	331	0.018351927
1353	635	0.018018093
1353	162	0.015853139
1353	10	0.015111323
1353	68	0.015016872
1353	25	0.0138911
1353	379	0.013866238
1353	1321	0.013618875
1354	381	0.039558828
1354	71	0.037492823
1354	157	0.03609972
1354	151	0.035936557
1354	25	0.03417516
1354	225	0.033448394
1354	221	0.032935128
1354	29	0.032853432
1354	495	0.032109067
1354	53	0.032064047
1355	163	0.02342374
1355	344	0.020140486
1355	467	0.020045124
1355	717	0.019548474
1355	36	0.01860762
1355	162	0.018080426
1355	43	0.018071972
1355	873	0.0178873
1355	175	0.01786314
1355	327	0.017635047
1356	68	0.042695913
1356	381	0.040868796
1356	71	0.039200265
1356	680	0.03789678
1356	428	0.03758518
1356	105	0.03574785
1356	221	0.03474834
1356	64	0.034013767
1356	44	0.033505466
1356	225	0.033090062
1357	379	0.02216344
1357	344	0.020353744
1357	10	0.019264258
1357	59	0.016935015
1357	164	0.016268926
1357	204	0.016150953
1357	306	0.016112799
1357	648	0.016105017
1357	115	0.01575376
1357	166	0.015731657
1358	157	0.030903181
1358	151	0.030396739
1358	103	0.021535128
1358	53	0.021240495
1358	373	0.020743314
1358	68	0.018220933
1358	139	0.0148843955
1358	97	0.01484024
1358	54	0.013967705
1358	58	0.013928522
1359	33	0.023377497
1359	445	0.022211293
1359	441	0.02204799
1359	287	0.021162493
1359	109	0.020277636
1359	91	0.01956901
1359	447	0.01875812
1359	331	0.018197495
1359	36	0.017501393
1359	444	0.017149646
1360	58	0.026025323
1360	377	0.022676736
1360	334	0.021811917
1360	345	0.020156354
1360	937	0.01901769
1360	335	0.018875198
1360	366	0.018560166
1360	94	0.016677525
1360	290	0.016651161
1360	370	0.016523411
1361	702	0.024269441
1361	339	0.022554742
1361	960	0.02161464
1361	1449	0.020175098
1361	1366	0.019300938
1361	679	0.019202229
1361	1431	0.019133128
1361	739	0.018470265
1361	46	0.018410001
1361	796	0.01681715
1362	75	0.033909798
1362	257	0.024493644
1362	56	0.021708198
1362	118	0.020748906
1362	74	0.02048842
1362	555	0.019651402
1362	1193	0.019498968
1362	5	0.019410094
1362	889	0.019250335
1362	329	0.018008525
1363	662	0.03712133
1363	456	0.036644228
1363	1080	0.034454968
1363	460	0.03358555
1363	459	0.03128808
1363	455	0.029034708
1363	457	0.02846103
1363	461	0.027658464
1363	1391	0.02532057
1363	1616	0.023865286
1364	383	0.0239769
1364	428	0.021473564
1364	46	0.021030009
1364	241	0.019022642
1364	164	0.01792429
1364	347	0.017871456
1364	491	0.017167563
1364	246	0.017157037
1364	283	0.01661985
1364	69	0.016053913
1365	66	0.024199983
1365	151	0.021295892
1365	48	0.02052462
1365	247	0.020375464
1365	139	0.020255722
1365	53	0.020088213
1365	42	0.019594958
1365	226	0.019433815
1365	157	0.019428503
1365	47	0.019277696
1366	1615	0.06914036
1366	117	0.049129386
1366	1435	0.048822
1366	28	0.03903023
1366	1371	0.03279165
1366	124	0.026019955
1366	472	0.023034781
1366	1277	0.021062154
1366	1557	0.020252282
1366	943	0.020113416
1367	218	0.02595029
1367	221	0.024631672
1367	806	0.022388192
1367	144	0.022026276
1367	72	0.021670561
1367	127	0.020189935
1367	495	0.019842038
1367	935	0.019631654
1367	129	0.019418888
1367	383	0.019263308
1368	109	0.02278632
1368	202	0.022427391
1368	36	0.022296356
1368	148	0.021876238
1368	1357	0.020681221
1368	157	0.019937739
1368	47	0.019867687
1368	72	0.01976918
1368	273	0.019666629
1368	71	0.01958218
1369	1082	0.03768252
1369	196	0.036589287
1369	555	0.030672746
1369	37	0.025924716
1369	614	0.019930733
1369	126	0.019241067
1369	230	0.019112362
1369	419	0.01898212
1369	656	0.018534143
1369	118	0.0182286
1370	139	0.02878037
1370	59	0.027864462
1370	164	0.027794167
1370	68	0.027639586
1370	719	0.02673173
1370	47	0.026658326
1370	784	0.026288658
1370	64	0.026023697
1370	71	0.025864134
1370	381	0.025605952
1371	334	0.029369872
1371	970	0.027157607
1371	384	0.025143227
1371	325	0.02508176
1371	378	0.024312032
1371	826	0.022625672
1371	89	0.021673959
1371	379	0.020720879
1371	306	0.020610778
1371	377	0.020601055
1372	334	0.0278027
1372	826	0.024188936
1372	970	0.023547404
1372	803	0.022268478
1372	1150	0.019972632
1372	378	0.019656466
1372	377	0.018845173
1372	329	0.018790511
1372	285	0.018180482
1372	56	0.017767768
1373	108	0.032727953
1373	402	0.032591123
1373	127	0.032475036
1373	784	0.030586272
1373	750	0.029062439
1373	45	0.027694853
1373	129	0.025417384
1373	1191	0.023521373
1373	802	0.023357078
1373	185	0.022566764
1374	447	0.080486804
1374	442	0.07919242
1374	445	0.07587322
1374	444	0.075325094
1374	441	0.07127786
1374	767	0.065484084
1374	443	0.056778185
1374	31	0.05569841
1374	579	0.0497938
1374	1618	0.049351647
1375	466	0.030066682
1375	460	0.02813426
1375	59	0.028006567
1375	456	0.026722338
1375	256	0.025613965
1375	822	0.023894658
1375	457	0.021624336
1375	303	0.021307802
1375	455	0.021242369
1375	287	0.020454943
1376	33	0.025425319
1376	162	0.024538862
1376	43	0.021528956
1376	95	0.020740628
1376	774	0.018804098
1376	345	0.018118424
1376	249	0.017514838
1376	54	0.017192189
1376	163	0.016376292
1376	371	0.016028384
1377	144	0.035515472
1377	414	0.03416665
1377	72	0.032688927
1377	719	0.031494867
1377	381	0.0313721
1377	129	0.031144787
1377	64	0.030076656
1377	842	0.02985201
1377	495	0.029409535
1377	200	0.028894713
1378	151	0.039976373
1378	157	0.038593844
1378	68	0.026241973
1378	381	0.015492205
1378	1061	0.014729546
1378	71	0.014047063
1378	643	0.014015056
1378	853	0.013186874
1378	1325	0.013056112
1378	139	0.01289609
1379	15	0.027872734
1379	18	0.023526574
1379	785	0.022954997
1379	71	0.019783314
1379	17	0.019470898
1379	432	0.019034298
1379	224	0.01825685
1379	42	0.017755985
1379	648	0.017710244
1379	36	0.017570967
1380	676	0.028667761
1380	1006	0.027045868
1380	1483	0.026560012
1380	1620	0.026443843
1380	201	0.026054198
1380	156	0.025260512
1380	402	0.025228145
1380	1443	0.025117595
1380	848	0.02437398
1380	1189	0.024177626
1381	226	0.022680905
1381	157	0.021730041
1381	66	0.017199902
1381	365	0.017142905
1381	368	0.016420772
1381	194	0.01585303
1381	1080	0.0155481035
1381	219	0.015417681
1381	323	0.015193364
1381	991	0.014904492
1382	474	0.0375742
1382	325	0.037547115
1382	463	0.03446418
1382	1420	0.029714145
1382	895	0.02688495
1382	379	0.023210578
1382	876	0.023034751
1382	783	0.021960424
1382	498	0.021063877
1382	775	0.020376964
1383	68	0.0429382
1383	225	0.033445336
1383	44	0.028350832
1383	42	0.027286151
1383	495	0.026627194
1383	144	0.025724847
1383	680	0.025707727
1383	222	0.025645483
1383	224	0.024562873
1383	59	0.02432619
1384	719	0.028594285
1384	225	0.02855184
1384	103	0.02630541
1384	157	0.026163414
1384	0	0.025654987
1384	487	0.024967268
1384	29	0.02487122
1384	68	0.024855474
1384	42	0.024484245
1384	44	0.02414543
1385	195	0.0374223
1385	385	0.03680687
1385	364	0.03256288
1385	177	0.02509297
1385	362	0.023954645
1385	58	0.022076936
1385	432	0.02162352
1385	374	0.02013738
1385	470	0.01919222
1385	451	0.018850407
1386	2	0.029365465
1386	1082	0.028849062
1386	1193	0.02826839
1386	555	0.026634632
1386	129	0.025435006
1386	125	0.024513954
1386	419	0.023818236
1386	806	0.023149617
1386	257	0.0226432
1386	1343	0.022531383
1387	31	0.03943399
1387	274	0.025952123
1387	59	0.024395395
1387	43	0.024103038
1387	33	0.023996195
1387	441	0.023738114
1387	445	0.02317563
1387	51	0.021142287
1387	29	0.02066027
1387	642	0.020492576
1388	381	0.037583716
1388	25	0.03128158
1388	103	0.030729877
1388	216	0.03046683
1388	144	0.030121667
1388	53	0.03000957
1388	719	0.02973067
1388	0	0.029369297
1388	47	0.028751692
1388	495	0.028526556
1389	394	0.055638447
1389	612	0.055322777
1389	104	0.051348116
1389	940	0.04400159
1389	682	0.038245235
1389	98	0.038015153
1389	1188	0.03573575
1389	1529	0.03482193
1389	1312	0.03473612
1389	884	0.03425932
1390	378	0.028392842
1390	181	0.02247242
1390	257	0.02244443
1390	1193	0.022371596
1390	811	0.021747367
1390	121	0.021341821
1390	204	0.021243835
1390	216	0.020878734
1390	24	0.02050504
1390	129	0.020279862
1391	463	0.037040032
1391	474	0.030684935
1391	148	0.026613878
1391	62	0.021299155
1391	225	0.021269869
1391	277	0.020078927
1391	157	0.019336894
1391	326	0.018725067
1391	286	0.018436883
1391	195	0.018246226
1392	59	0.02306181
1392	43	0.020980034
1392	64	0.020204129
1392	67	0.019949887
1392	269	0.019140396
1392	40	0.01905659
1392	271	0.01896227
1392	36	0.0186363
1392	200	0.01857475
1392	195	0.018072769
1393	148	0.039257728
1393	157	0.03449795
1393	151	0.034040153
1393	71	0.01983807
1393	381	0.019612106
1393	70	0.019210344
1393	139	0.018812312
1393	225	0.016095767
1393	53	0.015532442
1393	1061	0.015396446
1394	142	0.04003538
1394	94	0.027096443
1394	290	0.02501832
1394	334	0.024855735
1394	1141	0.023625813
1394	132	0.023438897
1394	363	0.022617424
1394	143	0.022268238
1394	343	0.0222505
1394	200	0.021899872
1395	247	0.022243176
1395	42	0.021860074
1395	82	0.020499205
1395	163	0.020239407
1395	383	0.019174661
1395	43	0.018797321
1395	491	0.01825535
1395	44	0.017984342
1395	768	0.01778089
1395	222	0.017527644
1396	719	0.02629299
1396	216	0.024814084
1396	109	0.024595307
1396	64	0.023261385
1396	221	0.022962797
1396	147	0.020223252
1396	144	0.019890139
1396	71	0.019792108
1396	67	0.019721378
1396	103	0.019548757
1397	151	0.034459423
1397	157	0.034313615
1397	44	0.031171603
1397	428	0.030735547
1397	70	0.030443328
1397	147	0.029498965
1397	139	0.028531693
1397	59	0.028264292
1397	103	0.028121812
1397	47	0.027288184
1398	66	0.034493964
1398	68	0.030990401
1398	139	0.02737718
1398	53	0.02574096
1398	48	0.024843844
1398	71	0.024446117
1398	225	0.024120083
1398	25	0.024052612
1398	59	0.022279471
1398	273	0.021694928
1399	714	0.07003603
1399	1547	0.05488523
1399	982	0.054166846
1399	1570	0.051835693
1399	1339	0.050773475
1399	1626	0.04865771
1399	836	0.041653503
1399	429	0.041050598
1399	264	0.038062982
1399	1291	0.036222406
1400	151	0.0243846
1400	148	0.022658765
1400	1405	0.021778056
1400	1352	0.021739248
1400	157	0.021679526
1400	325	0.019889908
1400	853	0.019516755
1400	1348	0.01905463
1400	1145	0.017782876
1400	466	0.01724531
1401	344	0.046851255
1401	13	0.027168058
1401	854	0.026775097
1401	1598	0.026266625
1401	257	0.024057284
1401	815	0.024044221
1401	82	0.023006922
1401	384	0.022881208
1401	15	0.022645477
1401	1433	0.02254358
1402	149	0.025568971
1402	379	0.023687683
1402	330	0.021598212
1402	162	0.019615525
1402	625	0.01938862
1402	344	0.019003749
1402	54	0.018936358
1402	464	0.018117823
1402	417	0.017287755
1402	345	0.016780693
1403	822	0.02924057
1403	313	0.024194913
1403	431	0.023681728
1403	1562	0.023562957
1403	1302	0.022874739
1403	1067	0.022864573
1403	874	0.022812832
1403	451	0.022800496
1403	1084	0.022732496
1403	833	0.022635397
1404	379	0.036452685
1404	249	0.029607836
1404	58	0.026893795
1404	345	0.02218353
1404	1391	0.021371383
1404	384	0.020855248
1404	377	0.020843022
1404	314	0.020686157
1404	155	0.019802088
1404	359	0.01936154
1405	23	0.022197707
1405	51	0.018615497
1405	854	0.017977493
1405	58	0.01791098
1405	92	0.01727745
1405	476	0.016452234
1405	477	0.015853241
1405	306	0.015734227
1405	379	0.01547407
1405	480	0.01479377
1406	53	0.02647523
1406	36	0.02519546
1406	47	0.023633061
1406	195	0.020337509
1406	247	0.018904168
1406	144	0.018645927
1406	162	0.018581366
1406	139	0.018421268
1406	64	0.018260919
1406	123	0.017729502
1407	95	0.026491387
1407	802	0.024488978
1407	252	0.023410555
1407	127	0.022986554
1407	64	0.021731019
1407	131	0.021037871
1407	402	0.019648457
1407	162	0.01963891
1407	286	0.019175125
1407	45	0.019011613
1408	1358	0.034798574
1408	121	0.033950847
1408	1230	0.032910027
1408	181	0.031068768
1408	914	0.029782668
1408	1379	0.026779028
1408	113	0.026612539
1408	135	0.025654182
1408	1282	0.025323289
1408	1340	0.025256034
1409	1392	0.03211413
1409	429	0.02874684
1409	714	0.028628219
1409	836	0.027819937
1409	1547	0.026873127
1409	1067	0.024336495
1409	1570	0.024004066
1409	835	0.022038689
1409	833	0.021965807
1409	992	0.021031605
1410	66	0.03225405
1410	48	0.031016646
1410	68	0.028019667
1410	59	0.02713044
1410	139	0.026888547
1410	67	0.026753692
1410	71	0.025739316
1410	53	0.024688888
1410	70	0.024390219
1410	47	0.023907179
1411	48	0.047817584
1411	0	0.038829386
1411	185	0.03687087
1411	151	0.036393937
1411	157	0.03135436
1411	148	0.029530555
1411	66	0.026467983
1411	273	0.023661649
1411	1023	0.022809621
1411	677	0.021869393
1412	323	0.042009868
1412	314	0.026358804
1412	194	0.024941845
1412	151	0.023855705
1412	822	0.023128213
1412	157	0.021707308
1412	874	0.02107272
1412	596	0.020198122
1412	1201	0.019778002
1412	400	0.019720117
1413	1343	0.022062486
1413	144	0.0199916
1413	22	0.019415217
1413	105	0.018738322
1413	64	0.018467978
1413	139	0.018020403
1413	784	0.017740898
1413	381	0.017546182
1413	1008	0.017539794
1413	121	0.01727473
1414	441	0.021699412
1414	261	0.021069834
1414	148	0.021065392
1414	447	0.020335592
1414	444	0.018995281
1414	799	0.017518502
1414	336	0.016966287
1414	792	0.016709596
1414	727	0.016473008
1414	139	0.0160771
1415	74	0.020040458
1415	280	0.019453503
1415	66	0.019250711
1415	94	0.018293265
1415	286	0.017355371
1415	10	0.017298687
1415	25	0.01691617
1415	419	0.01687529
1415	265	0.016126955
1415	1003	0.015915329
1416	151	0.029033849
1416	157	0.027124625
1416	68	0.026204696
1416	66	0.024367988
1416	42	0.024289226
1416	139	0.02160624
1416	70	0.021079984
1416	59	0.019307591
1416	948	0.018981948
1416	202	0.018744675
1417	287	0.035446458
1417	364	0.030039266
1417	256	0.029945927
1417	372	0.028803771
1417	87	0.02875718
1417	62	0.027857497
1417	333	0.026613414
1417	59	0.026408069
1417	32	0.023668345
1417	822	0.022482304
1418	414	0.02780733
1418	331	0.025486276
1418	162	0.0230577
1418	200	0.023016311
1418	17	0.022558808
1418	216	0.019432489
1418	175	0.019145465
1418	252	0.01906005
1418	111	0.017184356
1418	475	0.017022455
1419	44	0.0219648
1419	428	0.020445446
1419	47	0.020142833
1419	69	0.018933771
1419	224	0.018919328
1419	139	0.018428912
1419	690	0.017913878
1419	621	0.017327312
1419	680	0.01681131
1419	144	0.01662017
1420	149	0.026920887
1420	69	0.02203781
1420	387	0.02026917
1420	173	0.019580204
1420	107	0.01912287
1420	467	0.017575117
1420	1080	0.017459394
1420	1102	0.017072039
1420	175	0.016988294
1420	162	0.016925791
1421	123	0.02123758
1421	48	0.020715507
1421	376	0.020517513
1421	318	0.017668806
1421	1579	0.017047895
1421	290	0.016746124
1421	94	0.016582888
1421	1265	0.016543657
1421	1001	0.016366664
1421	25	0.01610576
1422	778	0.023253512
1422	18	0.022682453
1422	908	0.021337317
1422	483	0.02099942
1422	216	0.019024363
1422	481	0.019007154
1422	851	0.018592903
1422	915	0.01851038
1422	22	0.01756471
1422	471	0.017309494
1423	831	0.0206304
1423	0	0.019205524
1423	303	0.016464492
1423	202	0.016413331
1423	333	0.01567712
1423	260	0.015567756
1423	1317	0.015130929
1423	981	0.013863335
1423	287	0.013848642
1423	291	0.013613823
1424	457	0.06598424
1424	455	0.060746055
1424	461	0.059842236
1424	1578	0.035903335
1424	970	0.032867104
1424	1462	0.03132014
1424	929	0.029816287
1424	462	0.028477782
1424	1604	0.025894955
1424	649	0.024563776
1425	59	0.028616011
1425	64	0.023797764
1425	33	0.022198241
1425	385	0.021361854
1425	109	0.020388532
1425	108	0.020205393
1425	287	0.019853726
1425	256	0.019608803
1425	195	0.019442813
1425	283	0.019221742
1426	347	0.033114426
1426	1328	0.03000888
1426	1319	0.026455639
1426	230	0.025949223
1426	123	0.024167873
1426	242	0.023710709
1426	839	0.023626976
1426	908	0.022514936
1426	247	0.022365348
1426	18	0.021585785
1427	287	0.0278713
1427	49	0.027089486
1427	303	0.025874382
1427	256	0.023091694
1427	62	0.022824746
1427	1519	0.022353701
1427	340	0.020767279
1427	59	0.020634688
1427	348	0.020238565
1427	333	0.020175373
1428	391	0.018256312
1428	1022	0.017152235
1428	397	0.015942985
1428	650	0.015515089
1428	943	0.014657601
1428	417	0.014542718
1428	115	0.014536729
1428	216	0.0131617505
1428	127	0.013033239
1428	479	0.012833077
1429	56	0.03588823
1429	463	0.03238215
1429	59	0.025331248
1429	256	0.023834161
1429	98	0.021982616
1429	269	0.021447599
1429	273	0.020934626
1429	225	0.020496942
1429	408	0.020490628
1429	981	0.020482285
1430	287	0.022071522
1430	323	0.020354401
1430	64	0.020105889
1430	47	0.019783182
1430	23	0.018952223
1430	33	0.018548891
1430	219	0.017293612
1430	164	0.017192878
1430	43	0.016848354
1430	58	0.01679592
1431	290	0.035223622
1431	143	0.028696595
1431	169	0.02625738
1431	363	0.02445197
1431	326	0.024089133
1431	286	0.023576614
1431	779	0.022537211
1431	625	0.02214909
1431	343	0.02119302
1431	283	0.020539086
1432	1191	0.03250989
1432	81	0.028709788
1432	987	0.02777563
1432	402	0.0269014
1432	198	0.025724433
1432	110	0.024808034
1432	941	0.022334892
1432	226	0.022237942
1432	79	0.019968946
1432	108	0.019910632
1433	48	0.040056527
1433	44	0.033837862
1433	256	0.028242186
1433	139	0.026366485
1433	0	0.025674345
1433	151	0.02541031
1433	69	0.025024148
1433	157	0.023356915
1433	225	0.023205213
1433	148	0.022368874
1434	1158	0.02778233
1434	66	0.023119856
1434	148	0.022771157
1434	42	0.022710938
1434	373	0.02216113
1434	286	0.021608619
1434	334	0.018517075
1434	43	0.016951751
1434	139	0.016910998
1434	801	0.016859073
1435	35	0.024421569
1435	274	0.024090713
1435	75	0.023158278
1435	271	0.021982785
1435	201	0.021384118
1435	419	0.020619903
1435	129	0.018512525
1435	648	0.017508036
1435	216	0.01722799
1435	164	0.017034315
1436	103	0.043923285
1436	71	0.04068325
1436	53	0.036710262
1436	719	0.035239063
1436	70	0.034621764
1436	273	0.034569535
1436	144	0.03439647
1436	105	0.033190716
1436	175	0.03199695
1436	495	0.031734303
1437	139	0.027452668
1437	344	0.02281267
1437	734	0.020145636
1437	437	0.019261053
1437	103	0.017376607
1437	69	0.01729678
1437	64	0.016975421
1437	384	0.016638704
1437	970	0.015925111
1437	23	0.015763592
1438	59	0.029661182
1438	88	0.02943179
1438	0	0.026564075
1438	157	0.026080303
1438	225	0.024652649
1438	44	0.023848614
1438	68	0.02384747
1438	48	0.023817273
1438	129	0.023120606
1438	66	0.022914892
1439	148	0.025367064
1439	256	0.024970355
1439	59	0.021440983
1439	333	0.021192972
1439	151	0.020131519
1439	157	0.020035524
1439	348	0.01911959
1439	463	0.016806604
1439	372	0.016464606
1439	373	0.016259335
1440	274	0.034286518
1440	337	0.03119367
1440	163	0.027817318
1440	88	0.021611214
1440	330	0.020309463
1440	162	0.018758144
1440	43	0.018636374
1440	87	0.01848204
1440	331	0.018408315
1440	62	0.018293042
1441	139	0.024309644
1441	36	0.023543313
1441	29	0.023488574
1441	383	0.023307545
1441	68	0.022367038
1441	62	0.021736238
1441	287	0.020773338
1441	428	0.020762548
1441	47	0.020749405
1441	719	0.020287035
1442	68	0.030382672
1442	273	0.029387597
1442	256	0.027917136
1442	769	0.026949149
1442	474	0.026776634
1442	394	0.026234964
1442	98	0.026198328
1442	59	0.02619578
1442	865	0.025323734
1442	783	0.02516078
1443	1188	0.042291414
1443	612	0.041558784
1443	453	0.04154318
1443	256	0.03930973
1443	104	0.038603622
1443	783	0.037164755
1443	1135	0.03515411
1443	398	0.034705155
1443	209	0.033696577
1443	287	0.032835986
1444	142	0.048312232
1444	283	0.031085612
1444	352	0.029208152
1444	1141	0.028327482
1444	290	0.027401857
1444	243	0.026561908
1444	226	0.026071552
1444	321	0.02574443
1444	175	0.025457066
1444	1057	0.02498969
1445	194	0.03224716
1445	359	0.030640101
1445	547	0.029686755
1445	482	0.029378047
1445	181	0.025518939
1445	518	0.024637368
1445	802	0.02417147
1445	292	0.023980955
1445	67	0.023404544
1445	347	0.023201827
1446	142	0.035373148
1446	115	0.025886545
1446	286	0.02581844
1446	343	0.02554354
1446	295	0.022992844
1446	94	0.021926692
1446	352	0.020993557
1446	281	0.0197731
1446	1356	0.019075109
1446	569	0.018991282
1447	1486	0.029762762
1447	862	0.023689527
1447	495	0.022753455
1447	216	0.02191759
1447	71	0.021791846
1447	67	0.020532813
1447	129	0.02051173
1447	403	0.020078724
1447	157	0.017920243
1447	103	0.017830722
1448	118	0.03223872
1448	859	0.031330813
1448	104	0.0282704
1448	885	0.027311128
1448	452	0.027261281
1448	394	0.026628498
1448	453	0.025847318
1448	860	0.024704231
1448	866	0.02432872
1448	1188	0.024215689
1449	265	0.024541767
1449	476	0.020682085
1449	150	0.020224225
1449	175	0.02017405
1449	471	0.020092083
1449	43	0.01917575
1449	23	0.018933715
1449	149	0.018792864
1449	140	0.017881572
1449	173	0.01744586
1450	993	0.040050708
1450	198	0.036196716
1450	257	0.035594262
1450	79	0.030089827
1450	908	0.027379762
1450	1130	0.027138282
1450	306	0.025828958
1450	245	0.025446527
1450	904	0.024975492
1450	1007	0.024937162
1451	676	0.03263044
1451	66	0.030946327
1451	0	0.02951366
1451	59	0.0290626
1451	381	0.027242709
1451	273	0.025617028
1451	139	0.02551049
1451	62	0.02460053
1451	48	0.024434324
1451	463	0.024148205
1452	1135	0.048655976
1452	453	0.047689825
1452	104	0.03463921
1452	398	0.034268737
1452	865	0.033390556
1452	612	0.033061214
1452	394	0.032452963
1452	134	0.031341683
1452	422	0.030557193
1452	783	0.029884506
1453	118	0.04655869
1453	21	0.03629129
1453	769	0.034011897
1453	408	0.03353408
1453	125	0.03034248
1453	612	0.029478233
1453	783	0.02871301
1453	422	0.028380586
1453	134	0.027990822
1453	775	0.026360048
1454	340	0.034333017
1454	306	0.033671748
1454	378	0.029644916
1454	970	0.02490402
1454	348	0.024683794
1454	62	0.023009839
1454	82	0.022999717
1454	303	0.021201758
1454	503	0.021026405
1454	1437	0.019125022
1455	148	0.040884122
1455	139	0.03554199
1455	66	0.032876763
1455	48	0.030584872
1455	53	0.029131444
1455	225	0.027426234
1455	175	0.027200526
1455	70	0.027134469
1455	72	0.025045237
1455	36	0.024879254
1456	18	0.02470661
1456	29	0.022370376
1456	72	0.02194331
1456	40	0.020799523
1456	46	0.020788163
1456	381	0.019715086
1456	784	0.019604085
1456	59	0.019290136
1456	50	0.019112261
1456	25	0.01909481
1457	1486	0.038022786
1457	256	0.035443902
1457	62	0.032336388
1457	88	0.0320478
1457	474	0.03199467
1457	862	0.030813593
1457	403	0.021868201
1457	202	0.020676717
1457	662	0.019566042
1457	456	0.01804911
1458	151	0.04322394
1458	103	0.039332826
1458	71	0.036103155
1458	44	0.034924567
1458	0	0.030323314
1458	225	0.030163301
1458	175	0.030135434
1458	222	0.030078974
1458	70	0.029691322
1458	719	0.02904397
1459	123	0.031829838
1459	424	0.030665832
1459	111	0.028108994
1459	773	0.026464617
1459	693	0.026084172
1459	243	0.024548432
1459	908	0.024324588
1459	58	0.0238033
1459	915	0.023107199
1459	166	0.023078857
1460	648	0.028121093
1460	738	0.026995996
1460	477	0.026216574
1460	117	0.024911918
1460	785	0.024797987
1460	164	0.024741815
1460	993	0.024537096
1460	18	0.023421519
1460	908	0.022974491
1460	92	0.022733945
1461	84	0.023509141
1461	226	0.022462245
1461	1048	0.022402095
1461	588	0.022282824
1461	322	0.021253347
1461	707	0.020972472
1461	853	0.020710949
1461	1447	0.020328233
1461	335	0.0198081
1461	1221	0.019361226
1462	817	0.04041718
1462	725	0.031869825
1462	967	0.031839017
1462	169	0.028859265
1462	426	0.028845415
1462	636	0.028701404
1462	958	0.028536115
1462	686	0.028284445
1462	1000	0.027454646
1462	1417	0.02742964
1463	1495	0.07759245
1463	1508	0.07587594
1463	560	0.07160902
1463	1000	0.05378771
1463	1577	0.047540955
1463	77	0.040708873
1463	1441	0.039761182
1463	1612	0.038240675
1463	1553	0.035956286
1463	1557	0.035694517
1464	59	0.028745063
1464	326	0.028380955
1464	822	0.028360346
1464	287	0.025674844
1464	219	0.024982791
1464	596	0.021469353
1464	651	0.020319642
1464	1141	0.020302959
1464	357	0.019460145
1464	365	0.01892369
1465	34	0.028113013
1465	579	0.027654251
1465	445	0.023541762
1465	129	0.02282822
1465	439	0.021036258
1465	61	0.020700894
1465	443	0.019591913
1465	447	0.019533165
1465	799	0.018407444
1465	446	0.01835462
1466	256	0.023641102
1466	43	0.02290499
1466	51	0.022693608
1466	303	0.022575503
1466	271	0.022449676
1466	37	0.022025827
1466	385	0.02194322
1466	59	0.021781977
1466	269	0.02049467
1466	62	0.019774878
1467	225	0.03595
1467	129	0.03247603
1467	381	0.026877953
1467	72	0.026088001
1467	59	0.022692742
1467	21	0.022679294
1467	769	0.02251397
1467	68	0.022324542
1467	70	0.022298662
1467	495	0.021442749
1468	162	0.02530737
1468	25	0.024642415
1468	105	0.022820177
1468	64	0.022767197
1468	139	0.02259421
1468	59	0.022149755
1468	621	0.021951102
1468	247	0.021926405
1468	175	0.021817084
1468	383	0.020666484
1469	1032	0.030184358
1469	224	0.025127506
1469	491	0.023552878
1469	25	0.02334012
1469	70	0.022385266
1469	68	0.02194085
1469	487	0.021753602
1469	139	0.021390375
1469	225	0.021245
1469	680	0.020618515
1470	1135	0.048757747
1470	394	0.044866875
1470	398	0.04115187
1470	422	0.033320233
1470	783	0.031420194
1470	134	0.031254996
1470	56	0.031187924
1470	940	0.030674499
1470	889	0.027230015
1470	769	0.027148725
1471	143	0.031611316
1471	376	0.027365193
1471	265	0.0249239
1471	302	0.024706818
1471	835	0.024595013
1471	690	0.024516594
1471	1408	0.023720259
1471	1153	0.02323734
1471	1183	0.023033196
1471	1579	0.022634584
1472	118	0.056533568
1472	125	0.03490803
1472	129	0.033951472
1472	410	0.029786354
1472	408	0.028564088
1472	257	0.027108364
1472	422	0.024850475
1472	74	0.024355903
1472	134	0.02338314
1472	119	0.022228925
1473	1110	0.022947637
1473	373	0.020776525
1473	1433	0.019137587
1473	219	0.018414183
1473	43	0.017554125
1473	195	0.017363867
1473	323	0.017273685
1473	774	0.017079312
1473	191	0.016867189
1473	651	0.016715866
1474	658	0.024120469
1474	43	0.0240145
1474	33	0.023710733
1474	50	0.0179746
1474	358	0.017460654
1474	337	0.016791161
1474	1350	0.016464235
1474	4	0.016129853
1474	385	0.015703458
1474	274	0.015400828
1475	59	0.02493148
1475	44	0.024853164
1475	48	0.024312899
1475	68	0.022915967
1475	273	0.022555666
1475	36	0.022458056
1475	42	0.021221358
1475	474	0.021177484
1475	277	0.021069191
1475	62	0.020271547
1476	200	0.037072632
1476	110	0.03120175
1476	806	0.030370878
1476	144	0.028668039
1476	402	0.02843092
1476	72	0.028270466
1476	40	0.026086112
1476	802	0.026082985
1476	164	0.024593906
1476	0	0.02452302
1477	407	0.032218754
1477	1482	0.027447682
1477	1175	0.026429448
1477	1176	0.026264317
1477	1006	0.02612707
1477	858	0.026108168
1477	1213	0.025858365
1477	1564	0.025593681
1477	1605	0.024712473
1477	210	0.024635782
1478	385	0.026869971
1478	364	0.026160678
1478	195	0.025325892
1478	173	0.02308775
1478	483	0.021788036
1478	621	0.020704871
1478	50	0.019962197
1478	792	0.019797519
1478	268	0.019414794
1478	43	0.018867925
1479	1002	0.02180063
1479	835	0.021026129
1479	433	0.020672863
1479	424	0.02008193
1479	284	0.019988297
1479	1329	0.019799108
1479	332	0.019775566
1479	436	0.019537887
1479	1183	0.018917916
1479	877	0.018824767
1480	103	0.0341117
1480	148	0.033667494
1480	157	0.030523455
1480	151	0.028538872
1480	139	0.021868113
1480	71	0.020011572
1480	381	0.017638275
1480	70	0.016965233
1480	223	0.013261637
1480	48	0.0131002255
1481	121	0.038739126
1481	14	0.030901408
1481	364	0.025665455
1481	22	0.025276246
1481	135	0.024562487
1481	432	0.022111844
1481	778	0.02210988
1481	9	0.021854784
1481	2	0.021749906
1481	137	0.021296207
1482	915	0.020368794
1482	22	0.020348925
1482	763	0.020159233
1482	2	0.020024173
1482	18	0.019744828
1482	778	0.017847184
1482	254	0.017783409
1482	12	0.017644702
1482	245	0.017158756
1482	121	0.016914673
1483	535	0.033260405
1483	973	0.031141622
1483	40	0.030930767
1483	972	0.029818349
1483	189	0.028949575
1483	1431	0.026871055
1483	1294	0.026655637
1483	91	0.026484704
1483	1631	0.02613496
1483	1169	0.02560582
1484	1177	0.070407346
1484	1184	0.067679994
1484	1474	0.06689316
1484	1292	0.06536146
1484	1361	0.061450478
1484	1513	0.056945354
1484	1488	0.054609444
1484	236	0.052717876
1484	1303	0.05180667
1484	1478	0.050857823
1485	1067	0.045611616
1485	982	0.036803927
1485	1570	0.032890923
1485	1339	0.030626059
1485	1143	0.029588372
1485	432	0.028768886
1485	264	0.028149044
1485	433	0.027855532
1485	302	0.02767821
1485	1626	0.027033966
1486	786	0.039685905
1486	789	0.031918615
1486	694	0.025892308
1486	923	0.02465179
1486	677	0.023742793
1486	687	0.02302101
1486	595	0.022418268
1486	723	0.02114148
1486	973	0.020031746
1486	1518	0.01934412
1487	373	0.03698315
1487	625	0.032926988
1487	1032	0.0317037
1487	803	0.031209553
1487	231	0.028127199
1487	801	0.027832836
1487	1265	0.027705694
1487	374	0.02653178
1487	286	0.026091907
1487	795	0.024925647
1488	394	0.031575352
1488	225	0.030944677
1488	88	0.030779773
1488	68	0.03038135
1488	66	0.029889077
1488	612	0.029208045
1488	148	0.027833972
1488	865	0.02549381
1488	474	0.025395185
1488	157	0.02445029
1489	778	0.029306967
1489	1343	0.026868295
1489	1587	0.024030173
1489	911	0.023192769
1489	529	0.022495013
1489	20	0.02242948
1489	1269	0.022168787
1489	652	0.021652833
1489	257	0.020704465
1489	1524	0.02059229
1490	406	0.054243788
1490	909	0.04913018
1490	317	0.048853222
1490	343	0.04410281
1490	408	0.04095976
1490	1260	0.037711047
1490	518	0.02550291
1490	910	0.022477651
1490	989	0.020880746
1490	687	0.020223444
1491	151	0.03027491
1491	66	0.02887203
1491	139	0.028385103
1491	157	0.028273588
1491	36	0.02381924
1491	163	0.02353251
1491	103	0.022394536
1491	53	0.022292294
1491	162	0.02184719
1491	68	0.021471415
1492	620	0.029891405
1492	1015	0.027696252
1492	835	0.026374124
1492	1203	0.02605367
1492	964	0.025992826
1492	1246	0.025696846
1492	975	0.025106834
1492	1591	0.025056407
1492	1132	0.0245546
1492	896	0.024530295
1493	175	0.028267426
1493	256	0.025195528
1493	59	0.024775086
1493	287	0.023008773
1493	383	0.022909679
1493	47	0.02253904
1493	48	0.022135852
1493	139	0.021227974
1493	50	0.020852165
1493	46	0.020796126
1494	92	0.041852854
1494	23	0.029618168
1494	164	0.026001517
1494	73	0.024024572
1494	171	0.023550382
1494	518	0.022387141
1494	269	0.022136794
1494	194	0.0204318
1494	187	0.020261977
1494	750	0.019714605
1495	326	0.039954357
1495	286	0.03989968
1495	283	0.0331745
1495	142	0.032571834
1495	343	0.02926333
1495	94	0.027381703
1495	363	0.024786338
1495	356	0.02469967
1495	145	0.0244294
1495	376	0.023430526
1496	257	0.029942973
1496	2	0.027677076
1496	22	0.027484506
1496	778	0.024538567
1496	964	0.023537464
1496	432	0.023350744
1496	640	0.023208681
1496	8	0.023057582
1496	18	0.022124216
1496	137	0.021986023
1497	404	0.029049506
1497	1483	0.02834054
1497	903	0.026821924
1497	857	0.025874779
1497	1244	0.025578434
1497	392	0.025344953
1497	1533	0.024932006
1497	641	0.023439763
1497	549	0.02339127
1497	676	0.022712803
1498	66	0.049128693
1498	157	0.039124236
1498	151	0.038964316
1498	139	0.02357893
1498	71	0.022232626
1498	381	0.020799948
1498	70	0.02036715
1498	225	0.020012233
1498	53	0.017492281
1498	48	0.016620114
1499	1194	0.022072494
1499	987	0.017407112
1499	280	0.016477909
1499	923	0.016466923
1499	574	0.0149088865
1499	273	0.014829286
1499	715	0.014528606
1499	676	0.013728096
1499	695	0.0134933805
1499	202	0.013440192
1500	123	0.024718959
1500	10	0.020469692
1500	773	0.018918158
1500	371	0.018472392
1500	117	0.018404119
1500	223	0.017151987
1500	23	0.016852755
1500	53	0.016770303
1500	249	0.016678058
1500	487	0.01623844
1501	306	0.03456704
1501	378	0.02261267
1501	1163	0.02183262
1501	970	0.021346763
1501	1383	0.020986855
1501	1064	0.020660842
1501	958	0.02017688
1501	188	0.020070681
1501	807	0.020041915
1501	189	0.019187905
1502	889	0.047326624
1502	1188	0.03924869
1502	209	0.036292747
1502	408	0.03515515
1502	1135	0.035096887
1502	453	0.034524344
1502	1069	0.028386367
1502	1373	0.027278107
1502	746	0.026002584
1502	1357	0.025731323
1503	68	0.03833594
1503	72	0.037818886
1503	144	0.037765935
1503	139	0.036700506
1503	680	0.034247972
1503	48	0.034140557
1503	105	0.034087032
1503	487	0.03394668
1503	383	0.03289236
1503	428	0.03220213
1504	71	0.03284683
1504	103	0.03144651
1504	68	0.031132253
1504	53	0.029754996
1504	72	0.029124632
1504	381	0.02774748
1504	157	0.026967613
1504	0	0.026640953
1504	151	0.026604222
1504	148	0.02651417
1505	66	0.0463785
1505	103	0.037659217
1505	71	0.02246119
1505	48	0.021686539
1505	381	0.020619351
1505	635	0.015847078
1505	225	0.015452438
1505	643	0.01450847
1505	628	0.013169923
1505	304	0.012994267
1506	383	0.03187111
1506	241	0.02864451
1506	952	0.027294314
1506	360	0.02489488
1506	246	0.02450567
1506	1130	0.021992007
1506	1401	0.021788482
1506	240	0.021622328
1506	46	0.02155221
1506	827	0.021464545
1507	389	0.02431007
1507	68	0.022027526
1507	334	0.019670658
1507	48	0.019499833
1507	148	0.019387463
1507	53	0.018988749
1507	428	0.018702684
1507	151	0.01864341
1507	225	0.018109867
1507	1032	0.017096637
1508	378	0.045155916
1508	970	0.03887205
1508	149	0.0337433
1508	734	0.028749565
1508	993	0.02496149
1508	249	0.024665149
1508	120	0.02127056
1508	329	0.020962683
1508	318	0.02052833
1508	123	0.020028269
1509	202	0.02930933
1509	421	0.025540173
1509	641	0.025050983
1509	39	0.022954868
1509	956	0.022615416
1509	818	0.02181484
1509	185	0.021480983
1509	955	0.020831551
1509	463	0.020330878
1509	403	0.01971536
1510	207	0.031003848
1510	0	0.028847285
1510	59	0.027038136
1510	421	0.026636666
1510	768	0.026175708
1510	802	0.025754744
1510	129	0.025418548
1510	45	0.025348684
1510	806	0.024900168
1510	110	0.024820805
1511	58	0.03208578
1511	370	0.028875375
1511	1002	0.02813614
1511	132	0.02742634
1511	384	0.026535222
1511	1174	0.025828496
1511	334	0.02553766
1511	89	0.02552
1511	123	0.023118336
1511	318	0.022421042
1512	505	0.04818859
1512	1401	0.0455528
1512	1560	0.04529176
1512	1396	0.04345269
1512	1623	0.043237295
1512	795	0.04147001
1512	1051	0.040784895
1512	1572	0.04068239
1512	730	0.040455826
1512	1473	0.039406057
1513	406	0.033893436
1513	181	0.03295958
1513	482	0.03205329
1513	359	0.030470455
1513	909	0.030396163
1513	194	0.029226359
1513	1260	0.025631165
1513	317	0.025216674
1513	209	0.020603642
1513	343	0.020114306
1514	71	0.03838674
1514	719	0.03814703
1514	72	0.03782436
1514	66	0.037230972
1514	157	0.03653704
1514	48	0.036279585
1514	53	0.035124935
1514	46	0.032692146
1514	680	0.032644145
1514	547	0.032465797
1515	21	0.03996475
1515	15	0.03948664
1515	1064	0.03698993
1515	1193	0.036945626
1515	196	0.030443676
1515	769	0.030285371
1515	408	0.029523458
1515	1082	0.026332373
1515	75	0.022720274
1515	61	0.02204289
1516	426	0.037250243
1516	1561	0.03586897
1516	835	0.033393633
1516	958	0.033367135
1516	1508	0.031990524
1516	825	0.031352423
1516	1096	0.030790253
1516	1557	0.030343553
1516	473	0.029297281
1516	1260	0.028390065
1517	31	0.043607373
1517	441	0.031836413
1517	447	0.029258387
1517	440	0.02834342
1517	53	0.027488777
1517	443	0.027052164
1517	148	0.026061175
1517	446	0.024640642
1517	444	0.024533382
1517	72	0.024284694
1518	100	0.019528074
1518	144	0.01654071
1518	915	0.016127847
1518	418	0.014916823
1518	1338	0.01460714
1518	1191	0.01456245
1518	402	0.014337754
1518	221	0.014328661
1518	216	0.014208699
1518	245	0.013674806
1519	378	0.037269235
1519	970	0.03076392
1519	257	0.028816389
1519	120	0.028374948
1519	904	0.026852962
1519	47	0.021869907
1519	467	0.020664979
1519	173	0.020098548
1519	734	0.020076256
1519	330	0.019789308
1520	427	0.042047203
1520	945	0.03622167
1520	435	0.031026792
1520	430	0.028860718
1520	1492	0.02787415
1520	425	0.026342047
1520	1411	0.025487788
1520	1033	0.024070129
1520	39	0.023527253
1520	761	0.023249265
1521	286	0.030775936
1521	1265	0.026268808
1521	48	0.025804851
1521	148	0.024171473
1521	231	0.023130933
1521	801	0.023129098
1521	94	0.022813048
1521	326	0.022293715
1521	587	0.021749347
1521	318	0.021614114
1522	8	0.023699973
1522	274	0.021419294
1522	331	0.020531034
1522	1083	0.02037016
1522	915	0.019414848
1522	350	0.01923449
1522	1517	0.017813165
1522	821	0.017502574
1522	911	0.017431602
1522	22	0.017356135
1523	648	0.022505412
1523	984	0.020621995
1523	638	0.020071479
1523	123	0.019903233
1523	194	0.019015413
1523	1633	0.018963473
1523	343	0.018307995
1523	487	0.017619323
1523	417	0.017465359
1523	276	0.017270554
1524	249	0.027763017
1524	345	0.026083468
1524	141	0.025920732
1524	10	0.025288392
1524	149	0.024130149
1524	763	0.022276962
1524	367	0.019246701
1524	168	0.018886963
1524	132	0.01867196
1524	371	0.018343696
1525	68	0.032882057
1525	273	0.03249899
1525	139	0.032185674
1525	103	0.032056972
1525	72	0.031782124
1525	147	0.030627567
1525	66	0.029960737
1525	719	0.028989509
1525	25	0.028695771
1525	157	0.028178317
1526	1064	0.041591007
1526	1193	0.03851095
1526	196	0.038476773
1526	11	0.0380821
1526	555	0.030880062
1526	329	0.02704115
1526	119	0.024234733
1526	121	0.022947071
1526	118	0.022852646
1526	961	0.022756685
1527	180	0.026216943
1527	1450	0.025599686
1527	8	0.024838693
1527	84	0.02426604
1527	987	0.023672856
1527	484	0.022962125
1527	452	0.022169862
1527	950	0.02201399
1527	1015	0.02119067
1527	657	0.021189682
1528	638	0.036550127
1528	177	0.029284671
1528	409	0.027325382
1528	738	0.025415549
1528	1117	0.02142192
1528	417	0.021149445
1528	1565	0.020965142
1528	993	0.020824824
1528	432	0.019873684
1528	364	0.019558612
1529	148	0.03273541
1529	286	0.028742792
1529	48	0.028055215
1529	225	0.023348512
1529	59	0.021310078
1529	273	0.019537017
1529	42	0.018982796
1529	774	0.018924963
1529	0	0.017462011
1529	64	0.01654393
1530	334	0.029902495
1530	368	0.02691333
1530	219	0.025845075
1530	365	0.024291813
1530	822	0.024002643
1530	256	0.023317145
1530	346	0.022471368
1530	123	0.021905124
1530	377	0.021673515
1530	874	0.021344623
1531	25	0.024700826
1531	273	0.023772499
1531	225	0.023397103
1531	147	0.021993669
1531	67	0.021670202
1531	842	0.021451836
1531	29	0.021416953
1531	53	0.021142026
1531	129	0.021117792
1531	164	0.020262735
1532	909	0.03795305
1532	314	0.031175869
1532	194	0.031097379
1532	482	0.028469492
1532	406	0.027043195
1532	10	0.025340268
1532	317	0.024963267
1532	1305	0.02479176
1532	637	0.021833638
1532	292	0.02154947
1533	625	0.04100567
1533	850	0.035547733
1533	1473	0.032056246
1533	1557	0.029550811
1533	1623	0.027409678
1533	1036	0.026609102
1533	1397	0.025560485
1533	1340	0.025501154
1533	264	0.024351979
1533	509	0.02322763
1534	202	0.027397774
1534	465	0.02596116
1534	59	0.025032943
1534	185	0.024319082
1534	127	0.02260767
1534	207	0.022563726
1534	402	0.022419827
1534	86	0.021856701
1534	36	0.021069597
1534	390	0.020621967
1535	1079	0.048301954
1535	1563	0.04216836
1535	1065	0.039638147
1535	1585	0.03703711
1535	1064	0.03579262
1535	913	0.035709225
1535	1562	0.03469928
1535	1069	0.034180734
1535	233	0.03331916
1535	1062	0.032928903
1536	414	0.03908513
1536	221	0.027845373
1536	418	0.026391722
1536	186	0.024596993
1536	216	0.024521098
1536	1241	0.023535332
1536	417	0.022825727
1536	200	0.022117078
1536	569	0.021950284
1536	1060	0.02176362
1537	123	0.028337182
1537	377	0.023647396
1537	73	0.021740802
1537	285	0.021522632
1537	370	0.02109908
1537	162	0.020505432
1537	334	0.019823125
1537	128	0.01963376
1537	384	0.018667987
1537	1240	0.018451162
1538	79	0.027744457
1538	755	0.024465466
1538	570	0.023454407
1538	81	0.023412995
1538	1120	0.020841831
1538	84	0.020103395
1538	265	0.018782178
1538	83	0.0185567
1538	562	0.017906696
1538	793	0.017276147
1539	514	0.020454437
1539	373	0.019908879
1539	834	0.018822767
1539	1345	0.018719502
1539	332	0.018306974
1539	1388	0.017982265
1539	1002	0.01777015
1539	1204	0.017107435
1539	1098	0.017069958
1539	1110	0.016772978
1540	31	0.047085218
1540	441	0.03821627
1540	447	0.0379061
1540	445	0.033794858
1540	446	0.03369599
1540	440	0.031839594
1540	439	0.030740067
1540	444	0.029976167
1540	792	0.027474726
1540	42	0.027463108
1541	1188	0.051733267
1541	1135	0.044410326
1541	209	0.03879773
1541	394	0.036356743
1541	398	0.035364956
1541	612	0.034906764
1541	783	0.034719806
1541	104	0.034544535
1541	134	0.0329145
1541	422	0.03282041
1542	964	0.025099512
1542	127	0.024361819
1542	826	0.023734225
1542	640	0.023453413
1542	891	0.02261689
1542	141	0.02181636
1542	108	0.02140597
1542	402	0.021199739
1542	831	0.021138107
1542	199	0.021005653
1543	402	0.034894425
1543	127	0.031774558
1543	806	0.027802063
1543	95	0.024763467
1543	202	0.023986412
1543	45	0.022194749
1543	750	0.021052474
1543	262	0.02101474
1543	810	0.019588063
1543	403	0.01945359
1544	641	0.039367165
1544	1530	0.03539027
1544	1564	0.033921003
1544	849	0.03256156
1544	1006	0.025841307
1544	786	0.024860872
1544	1129	0.024619052
1544	1151	0.02457166
1544	98	0.024292158
1544	1526	0.024246503
1545	43	0.027690277
1545	471	0.026753208
1545	744	0.022155393
1545	854	0.02092039
1545	361	0.020700028
1545	47	0.020380365
1545	175	0.019945797
1545	265	0.019243848
1545	475	0.019174283
1545	387	0.01898057
1546	103	0.027730701
1546	719	0.027529206
1546	71	0.027339295
1546	381	0.026292969
1546	680	0.025866047
1546	105	0.025811324
1546	784	0.025498945
1546	109	0.02504079
1546	487	0.024321042
1546	1205	0.024107663
1547	799	0.098570585
1547	441	0.09348069
1547	444	0.09329024
1547	767	0.08243735
1547	34	0.0760941
1547	1618	0.053487826
1547	297	0.03710106
1547	792	0.035576396
1547	1569	0.03406291
1547	539	0.03403587
1548	175	0.026183989
1548	67	0.025947511
1548	74	0.025744358
1548	842	0.025591044
1548	119	0.024745177
1548	164	0.02419608
1548	47	0.023945488
1548	36	0.023546021
1548	163	0.022496872
1548	129	0.021872045
1549	978	0.035360567
1549	1621	0.03107834
1549	835	0.0305335
1549	425	0.029521003
1549	833	0.029189443
1549	434	0.027570609
1549	1305	0.025399458
1549	836	0.02535682
1549	1442	0.024113098
1549	668	0.023729764
1550	151	0.03302341
1550	71	0.031293716
1550	47	0.030945422
1550	157	0.030826729
1550	68	0.030077992
1550	103	0.030014677
1550	148	0.029723877
1550	381	0.029492646
1550	53	0.02859127
1550	42	0.027440784
1551	339	0.030310975
1551	378	0.030196285
1551	26	0.024354711
1551	113	0.02350152
1551	306	0.020321175
1551	152	0.020168496
1551	344	0.020150686
1551	188	0.019504713
1551	325	0.019283634
1551	148	0.018925076
1552	909	0.056176156
1552	359	0.055870697
1552	406	0.05493323
1552	181	0.05475407
1552	292	0.05181865
1552	482	0.050382506
1552	314	0.049703524
1552	317	0.043693215
1552	209	0.04179483
1552	298	0.040262572
1553	59	0.02616767
1553	273	0.02422712
1553	314	0.022942591
1553	225	0.02260952
1553	194	0.022515109
1553	359	0.021505935
1553	44	0.021047335
1553	408	0.020593826
1553	298	0.020286456
1553	48	0.019923752
1554	15	0.028163055
1554	257	0.027857458
1554	119	0.022929698
1554	74	0.022328494
1554	1193	0.021757944
1554	118	0.021390919
1554	2	0.02071446
1554	198	0.020567333
1554	121	0.019779656
1554	21	0.01968851
1555	402	0.038396146
1555	784	0.030629313
1555	95	0.02832128
1555	45	0.02804353
1555	0	0.027605264
1555	108	0.026814109
1555	806	0.025765583
1555	202	0.024785785
1555	129	0.02434128
1555	185	0.023894785
1556	428	0.024979705
1556	247	0.024654355
1556	487	0.02226338
1556	253	0.021745408
1556	139	0.021548674
1556	383	0.020804737
1556	222	0.020515786
1556	224	0.018986035
1556	144	0.018693672
1556	0	0.018455463
1557	118	0.04212202
1557	125	0.03698605
1557	21	0.035379976
1557	257	0.025903672
1557	773	0.024779253
1557	432	0.02468651
1557	410	0.02462164
1557	165	0.023923287
1557	20	0.023136603
1557	915	0.021902008
1558	547	0.036680415
1558	360	0.035066854
1558	66	0.024929753
1558	948	0.024260256
1558	68	0.020902202
1558	487	0.020856012
1558	151	0.02056203
1558	67	0.020038022
1558	70	0.018824145
1558	36	0.018656125
1559	48	0.025107354
1559	326	0.022160714
1559	132	0.021943059
1559	166	0.02133082
1559	163	0.021057447
1559	115	0.020931775
1559	58	0.020769391
1559	123	0.020756511
1559	325	0.020558398
1559	273	0.0203488
1560	799	0.047197476
1560	447	0.046673626
1560	442	0.046303585
1560	439	0.04558606
1560	446	0.041873872
1560	767	0.041532967
1560	443	0.039928287
1560	34	0.039285127
1560	438	0.039189275
1560	579	0.038604267
1561	773	0.046018366
1561	1205	0.03710299
1561	257	0.02922124
1561	245	0.02846394
1561	1208	0.027136879
1561	350	0.02695231
1561	177	0.026475634
1561	785	0.025941921
1561	266	0.025842737
1561	1209	0.025760846
1562	148	0.024333987
1562	68	0.023760904
1562	151	0.023244465
1562	157	0.02303331
1562	1398	0.022657236
1562	801	0.021740636
1562	66	0.021686431
1562	774	0.021160088
1562	153	0.020881675
1562	70	0.019546717
1563	59	0.026947558
1563	769	0.02400578
1563	129	0.02272822
1563	74	0.02256056
1563	441	0.021633986
1563	53	0.021511665
1563	109	0.020765176
1563	443	0.019828094
1563	287	0.019737873
1563	164	0.019706434
1564	0	0.029724825
1564	59	0.029535526
1564	383	0.028901432
1564	151	0.027325962
1564	222	0.02721501
1564	157	0.026907766
1564	29	0.026312316
1564	148	0.025712393
1564	71	0.024977978
1564	680	0.024784958
1565	256	0.029004738
1565	139	0.02652318
1565	71	0.023068981
1565	381	0.021203829
1565	47	0.020571956
1565	103	0.020532213
1565	195	0.020427678
1565	29	0.02042424
1565	67	0.019886795
1565	175	0.019812716
1566	970	0.043553464
1566	58	0.04264582
1566	326	0.03418146
1566	94	0.032358196
1566	318	0.029533803
1566	123	0.02795045
1566	895	0.027655726
1566	803	0.027093511
1566	149	0.026862193
1566	377	0.026586382
1567	97	0.021744497
1567	22	0.02106479
1567	173	0.020045048
1567	1517	0.0191222
1567	15	0.016673196
1567	432	0.016312333
1567	1343	0.0161765
1567	9	0.015964106
1567	103	0.015261756
1567	18	0.015191869
1568	383	0.023058701
1568	243	0.022688339
1568	36	0.021650964
1568	139	0.021544361
1568	286	0.021326302
1568	166	0.021182375
1568	47	0.020784255
1568	667	0.019897835
1568	43	0.019488737
1568	46	0.01900293
1569	811	0.024453757
1569	8	0.023291133
1569	208	0.02264335
1569	1273	0.021399796
1569	180	0.021204904
1569	915	0.020979872
1569	642	0.02093829
1569	793	0.020777415
1569	582	0.020616213
1569	962	0.020268332
1570	859	0.0286103
1570	452	0.025336307
1570	885	0.024400206
1570	1182	0.024212847
1570	1188	0.023574492
1570	453	0.022904921
1570	118	0.021800509
1570	775	0.02164387
1570	394	0.021401525
1570	783	0.021360228
1571	123	0.033744037
1571	141	0.029033253
1571	1086	0.025508368
1571	423	0.023658192
1571	171	0.022095066
1571	824	0.02148074
1571	854	0.021009995
1571	734	0.019888632
1571	306	0.019562125
1571	468	0.01951342
1572	400	0.0293889
1572	343	0.026952464
1572	359	0.026116915
1572	1517	0.025907591
1572	648	0.024746979
1572	1495	0.023551289
1572	292	0.02228462
1572	314	0.021454003
1572	24	0.018862775
1572	909	0.018709343
1573	286	0.034101665
1573	326	0.029846324
1573	292	0.025864474
1573	343	0.024651483
1573	969	0.021827044
1573	377	0.02163027
1573	143	0.021480286
1573	318	0.02143532
1573	283	0.020578422
1573	171	0.020304685
1574	286	0.028067878
1574	345	0.025224382
1574	384	0.024416752
1574	334	0.023326047
1574	326	0.02257313
1574	166	0.021187488
1574	10	0.020154817
1574	373	0.019864935
1574	379	0.019577928
1574	142	0.019335436
1575	289	0.03333274
1575	441	0.03280617
1575	440	0.027764156
1575	444	0.023354877
1575	445	0.022681223
1575	34	0.021519832
1575	364	0.021392116
1575	788	0.021335356
1575	443	0.021135509
1575	447	0.02085817
1576	146	0.033192214
1576	1345	0.028806983
1576	1293	0.028327325
1576	1343	0.02577319
1576	1481	0.024676863
1576	1531	0.024549633
1576	1556	0.02425564
1576	1557	0.023903003
1576	1064	0.023006132
1576	1608	0.022563878
1577	365	0.029995965
1577	346	0.028769433
1577	219	0.028700538
1577	368	0.028440893
1577	874	0.026216121
1577	1067	0.022808699
1577	1573	0.021900835
1577	451	0.020281373
1577	483	0.020022836
1577	994	0.01904528
1578	114	0.029433371
1578	945	0.02683978
1578	1392	0.02516201
1578	1474	0.024853958
1578	1547	0.02427159
1578	835	0.024263062
1578	116	0.023145648
1578	28	0.02314336
1578	30	0.022930717
1578	1513	0.022533769
1579	326	0.036600143
1579	31	0.0251771
1579	441	0.022037711
1579	373	0.021329612
1579	34	0.021277748
1579	801	0.021245588
1579	94	0.020760482
1579	283	0.019316811
1579	231	0.01915395
1579	139	0.019073887
1580	1023	0.02710572
1580	970	0.027077466
1580	378	0.024796078
1580	306	0.024542307
1580	200	0.024271302
1580	204	0.023683907
1580	88	0.020574857
1580	812	0.019180294
1580	115	0.01744785
1580	367	0.017224023
1581	64	0.026112739
1581	68	0.024427647
1581	109	0.022684457
1581	103	0.022074003
1581	273	0.021726804
1581	784	0.021070015
1581	25	0.020911794
1581	290	0.02015815
1581	47	0.019884137
1581	719	0.019857867
1582	394	0.056352723
1582	783	0.055056006
1582	775	0.052336328
1582	408	0.051873367
1582	1188	0.04982884
1582	452	0.04888037
1582	769	0.04803542
1582	1135	0.04444756
1582	118	0.042954255
1582	98	0.037237804
1583	118	0.034428455
1583	195	0.033847667
1583	651	0.02933899
1583	59	0.026809268
1583	648	0.02662898
1583	21	0.02551017
1583	269	0.02116258
1583	33	0.020297606
1583	256	0.020118574
1583	51	0.019870441
1584	612	0.04964742
1584	865	0.049410038
1584	398	0.046871863
1584	1188	0.046837285
1584	452	0.044002466
1584	1135	0.0425424
1584	408	0.040486384
1584	783	0.03889928
1584	422	0.037717648
1584	134	0.037059925
1585	68	0.030901229
1585	103	0.029692171
1585	53	0.029369581
1585	71	0.02741521
1585	64	0.02676447
1585	157	0.026644519
1585	72	0.026132727
1585	74	0.025474472
1585	381	0.025218302
1585	225	0.02503254
1586	1137	0.020767102
1586	67	0.02046678
1586	256	0.019497892
1586	59	0.019209828
1586	194	0.018822854
1586	359	0.017855404
1586	0	0.016865224
1586	147	0.01674741
1586	314	0.01670691
1586	64	0.01657676
1587	442	0.046287753
1587	439	0.045201372
1587	447	0.04242229
1587	446	0.041341245
1587	579	0.039530266
1587	767	0.036546387
1587	438	0.035909176
1587	443	0.034626596
1587	1618	0.02173551
1587	539	0.01855465
1588	799	0.033335842
1588	438	0.028767128
1588	579	0.02853703
1588	446	0.028324932
1588	594	0.023330657
1588	274	0.022037992
1588	337	0.021675382
1588	200	0.021411572
1588	792	0.02074544
1588	1431	0.01963985
1589	487	0.024616148
1589	147	0.021024575
1589	719	0.020686157
1589	224	0.020548455
1589	225	0.02040358
1589	1354	0.019977354
1589	785	0.01966524
1589	495	0.01946424
1589	1018	0.019204112
1589	1347	0.019197075
1590	148	0.032430816
1590	157	0.029597647
1590	151	0.026707632
1590	59	0.025621774
1590	103	0.022683766
1590	139	0.022158243
1590	48	0.021770371
1590	123	0.02171204
1590	115	0.021347946
1590	70	0.020641997
1591	365	0.027185412
1591	346	0.027084308
1591	596	0.024791783
1591	204	0.024019497
1591	856	0.02399421
1591	1059	0.023615103
1591	385	0.023605954
1591	391	0.02357098
1591	200	0.023124544
1591	465	0.022522522
1592	94	0.03519603
1592	389	0.029544642
1592	142	0.029256936
1592	363	0.0279685
1592	788	0.024790667
1592	514	0.024061253
1592	318	0.024043396
1592	1396	0.023842447
1592	1322	0.023737326
1592	145	0.023314735
1593	769	0.037365347
1593	1420	0.031836532
1593	612	0.03078971
1593	134	0.029355077
1593	394	0.026730109
1593	858	0.026659172
1593	783	0.025364192
1593	1320	0.02527744
1593	844	0.02517739
1593	422	0.024948273
1594	1392	0.061653867
1594	982	0.054504894
1594	1626	0.0505775
1594	1570	0.050525215
1594	429	0.047455836
1594	1143	0.046383876
1594	1339	0.045165643
1594	302	0.04063458
1594	1291	0.034947433
1594	836	0.03462847
1595	148	0.04475591
1595	157	0.03984593
1595	68	0.028814686
1595	381	0.020543855
1595	139	0.018824713
1595	71	0.01856165
1595	48	0.018132
1595	225	0.016053895
1595	643	0.014366
1595	53	0.014152745
1596	714	0.06564804
1596	1547	0.05373407
1596	1570	0.04536513
1596	1626	0.044733156
1596	1143	0.044536587
1596	1339	0.04401715
1596	302	0.04178471
1596	429	0.039774008
1596	264	0.03600084
1596	836	0.03575791
1597	157	0.03671619
1597	103	0.030184757
1597	71	0.023584064
1597	139	0.02084003
1597	381	0.020348482
1597	53	0.019971324
1597	48	0.018515129
1597	72	0.018391617
1597	225	0.017743558
1597	44	0.017446628
1598	204	0.039316982
1598	569	0.031657554
1598	200	0.027511673
1598	1386	0.026488781
1598	221	0.025462866
1598	811	0.024823505
1598	216	0.024185147
1598	974	0.022505477
1598	1444	0.021157766
1598	1189	0.019876486
1599	358	0.040075812
1599	274	0.03170076
1599	139	0.02806585
1599	331	0.026984153
1599	68	0.024164965
1599	48	0.021688657
1599	336	0.021522649
1599	103	0.020220991
1599	44	0.018499492
1599	71	0.017315093
1600	612	0.0534831
1600	104	0.053115543
1600	783	0.050579526
1600	422	0.04398059
1600	775	0.043952107
1600	134	0.042763107
1600	1188	0.041632533
1600	769	0.03840495
1600	452	0.036975414
1600	940	0.03678874
1601	15	0.036710795
1601	21	0.028800478
1601	148	0.027814236
1601	103	0.02309242
1601	157	0.022534674
1601	1193	0.021166787
1601	408	0.020870697
1601	151	0.020461697
1601	125	0.019012138
1601	129	0.018404096
1602	154	0.029893769
1602	574	0.026615337
1602	632	0.023767866
1602	88	0.022031102
1602	433	0.021918321
1602	1405	0.021578033
1602	73	0.02087621
1602	458	0.020765463
1602	690	0.020399176
1602	1145	0.019644683
1603	414	0.028075937
1603	74	0.02700397
1603	221	0.024613349
1603	579	0.024608795
1603	204	0.023520159
1603	200	0.022630932
1603	34	0.0218461
1603	447	0.021548504
1603	569	0.020868775
1603	108	0.020648016
1604	47	0.026661506
1604	384	0.022208752
1604	226	0.021006063
1604	162	0.020295087
1604	331	0.018710453
1604	321	0.017558256
1604	48	0.017471319
1604	94	0.01738067
1604	149	0.017310169
1604	286	0.017218363
1605	51	0.025462285
1605	43	0.025398089
1605	360	0.025276199
1605	62	0.024805544
1605	547	0.023300994
1605	273	0.022800272
1605	195	0.022479638
1605	287	0.02246123
1605	303	0.021581093
1605	385	0.02135312
1606	168	0.026177218
1606	344	0.024790091
1606	763	0.024314081
1606	345	0.022592762
1606	911	0.020626789
1606	1194	0.02048632
1606	384	0.020169765
1606	58	0.019969177
1606	306	0.019956123
1606	166	0.01953942
1607	157	0.026188267
1607	224	0.022962006
1607	487	0.022110216
1607	129	0.021948617
1607	53	0.021339534
1607	103	0.02058837
1607	381	0.020128626
1607	680	0.019858567
1607	18	0.01914933
1607	105	0.01856241
1608	274	0.028146282
1608	336	0.023870623
1608	141	0.022749308
1608	384	0.02157653
1608	758	0.020850193
1608	43	0.02072155
1608	377	0.019561272
1608	1140	0.019062389
1608	338	0.01884784
1608	58	0.018844299
1609	456	0.06763173
1609	466	0.06653339
1609	459	0.06464954
1609	455	0.05744225
1609	461	0.05322542
1609	1578	0.032478396
1609	1462	0.02832851
1609	52	0.027292479
1609	1604	0.024642253
1609	462	0.023815496
1610	822	0.071249515
1610	365	0.06869591
1610	872	0.045701668
1610	507	0.04403374
1610	681	0.043946188
1610	1086	0.034973323
1610	357	0.03209344
1610	303	0.030173607
1610	391	0.02904105
1610	372	0.028479135
1611	18	0.027739163
1611	785	0.026923679
1611	157	0.022863684
1611	148	0.022179564
1611	151	0.021657273
1611	222	0.0211686
1611	67	0.020744197
1611	924	0.02063735
1611	36	0.020283692
1611	680	0.019841887
1612	52	0.028677577
1612	144	0.02864652
1612	216	0.027913224
1612	38	0.024766788
1612	119	0.024624275
1612	692	0.024602635
1612	72	0.023764929
1612	1064	0.02323202
1612	778	0.022883067
1612	105	0.022619033
1613	123	0.02842246
1613	58	0.024546856
1613	318	0.023244139
1613	306	0.02291369
1613	54	0.022393081
1613	343	0.021484857
1613	298	0.020318279
1613	450	0.020183023
1613	345	0.019836131
1613	166	0.019823093
1614	432	0.029687928
1614	194	0.027121613
1614	773	0.02657881
1614	177	0.022393495
1614	22	0.021874474
1614	908	0.021662919
1614	216	0.020725282
1614	347	0.02063263
1614	166	0.020055814
1614	842	0.019694699
1615	11	0.03809481
1615	21	0.037965927
1615	410	0.036855623
1615	121	0.031633932
1615	75	0.028453128
1615	22	0.028190792
1615	885	0.0276275
1615	129	0.026980408
1615	2	0.02638855
1615	126	0.026367756
1616	806	0.03742782
1616	45	0.0364056
1616	202	0.034944654
1616	750	0.0344225
1616	185	0.033665434
1616	802	0.028068084
1616	1004	0.026589297
1616	1191	0.024603453
1616	109	0.023756357
1616	115	0.023072192
1617	151	0.026245883
1617	103	0.023459578
1617	68	0.02334491
1617	139	0.02309308
1617	25	0.022445654
1617	67	0.021615708
1617	36	0.020847596
1617	72	0.020480668
1617	59	0.020080067
1617	225	0.020056171
1618	148	0.046083298
1618	151	0.04094086
1618	71	0.02303521
1618	381	0.02236401
1618	139	0.021102972
1618	70	0.018769717
1618	53	0.018079221
1618	225	0.017847434
1618	48	0.01746741
1618	643	0.014488779
1619	381	0.04039163
1619	48	0.03963609
1619	71	0.037234034
1619	25	0.03524578
1619	148	0.034501962
1619	53	0.033924416
1619	428	0.033740256
1619	221	0.03345357
1619	105	0.03322873
1619	29	0.033117026
1620	286	0.036040217
1620	58	0.03402942
1620	36	0.03075915
1620	59	0.029446794
1620	25	0.029009461
1620	64	0.028176267
1620	383	0.027783317
1620	162	0.026873915
1620	69	0.02670918
1620	123	0.025546959
1621	154	0.029129265
1621	948	0.026763272
1621	778	0.02385259
1621	202	0.022691287
1621	147	0.022027405
1621	547	0.021273933
1621	185	0.021122064
1621	17	0.020188868
1621	199	0.019998081
1621	574	0.019721307
1622	398	0.040111586
1622	865	0.040103156
1622	783	0.039866567
1622	422	0.03544696
1622	775	0.034431186
1622	1188	0.033800617
1622	408	0.033527996
1622	15	0.03302076
1622	769	0.032747693
1622	452	0.031911172
1623	48	0.03536228
1623	139	0.03534468
1623	151	0.033937644
1623	157	0.033909965
1623	66	0.03361914
1623	148	0.032629162
1623	71	0.030483166
1623	70	0.029311555
1623	381	0.028437283
1623	44	0.027823588
1624	811	0.03344236
1624	1064	0.029308727
1624	1082	0.029018164
1624	555	0.028337568
1624	200	0.02684152
1624	204	0.026078455
1624	121	0.025165087
1624	221	0.024928091
1624	129	0.024132257
1624	2	0.02358758
1625	394	0.060674343
1625	1135	0.059948027
1625	769	0.05286486
1625	940	0.04571895
1625	118	0.040769972
1625	884	0.039500877
1625	885	0.037952337
1625	1532	0.036586992
1625	98	0.034928344
1625	859	0.03383046
1626	241	0.034050025
1626	1329	0.03179174
1626	247	0.030618882
1626	1328	0.022949217
1626	29	0.022842692
1626	794	0.022188768
1626	166	0.021117747
1626	1002	0.020434646
1626	251	0.018858012
1626	484	0.018266074
1627	11	0.04233957
1627	118	0.03595401
1627	172	0.032320175
1627	769	0.031661578
1627	21	0.0314909
1627	775	0.0313807
1627	860	0.030781293
1627	20	0.028567785
1627	422	0.028157251
1627	905	0.027262615
1628	445	0.049733877
1628	440	0.045878366
1628	799	0.041244987
1628	31	0.035941374
1628	579	0.034926716
1628	443	0.034224674
1628	438	0.033697307
1628	792	0.020441404
1628	143	0.020330444
1628	375	0.01909245
1629	125	0.036423866
1629	11	0.028895782
1629	1348	0.027890388
1629	257	0.02788322
1629	21	0.026397247
1629	410	0.026176516
1629	118	0.026097406
1629	860	0.025377914
1629	61	0.024388652
1629	5	0.023800634
1630	651	0.04592893
1630	256	0.033433132
1630	364	0.029304402
1630	303	0.025844932
1630	287	0.025742613
1630	333	0.02390976
1630	58	0.023866823
1630	87	0.022816258
1630	822	0.022344075
1630	362	0.022337424
1631	103	0.032269143
1631	157	0.03097913
1631	68	0.030696271
1631	53	0.030026294
1631	66	0.029476983
1631	139	0.029287538
1631	151	0.029202132
1631	71	0.028911872
1631	381	0.026282573
1631	48	0.024289764
1632	379	0.033389207
1632	123	0.03161487
1632	334	0.027359638
1632	54	0.024974626
1632	166	0.024772743
1632	335	0.024035653
1632	450	0.023531724
1632	163	0.023396458
1632	883	0.020072097
1632	175	0.019944208
1633	368	0.025955612
1633	53	0.022448173
1633	47	0.022128796
1633	139	0.019869737
1633	64	0.019859836
1633	286	0.019641362
1633	383	0.01849699
1633	247	0.017776523
1633	48	0.01648722
1633	221	0.01638376
1634	463	0.041835472
1634	88	0.034403037
1634	256	0.032862786
1634	948	0.027797276
1634	662	0.027702851
1634	59	0.027360754
1634	185	0.025986075
1634	641	0.025551938
1634	201	0.02396179
1634	348	0.023448553
1635	66	0.023059221
1635	296	0.022407493
1635	972	0.021905476
1635	68	0.021680688
1635	381	0.020094369
1635	276	0.018830005
1635	494	0.018740708
1635	157	0.018241873
1635	139	0.017768634
1635	1631	0.017120317
1636	18	0.03037172
1636	915	0.02502484
1636	383	0.023396757
1636	105	0.022304738
1636	773	0.021916337
1636	45	0.021438327
1636	109	0.021245422
1636	719	0.021212215
1636	1205	0.020519251
1636	784	0.01978362
1637	66	0.04124593
1637	148	0.04081305
1637	68	0.039270215
1637	225	0.02934817
1637	72	0.028523965
1637	44	0.028125893
1637	42	0.028089447
1637	25	0.027993374
1637	0	0.024305968
1637	70	0.023699315
1638	132	0.026359836
1638	989	0.022966124
1638	166	0.02108695
1638	23	0.021069173
1638	117	0.02085989
1638	123	0.019109325
1638	226	0.018707048
1638	1335	0.018650636
1638	243	0.018532136
1638	58	0.01831531
1639	181	0.026807662
1639	409	0.023822216
1639	909	0.023040583
1639	993	0.022696082
1639	482	0.02210374
1639	908	0.021808047
1639	915	0.020333275
1639	177	0.019593589
1639	116	0.018002538
1639	785	0.017861636
1640	148	0.021081032
1640	163	0.020519381
1640	151	0.019295268
1640	157	0.01874195
1640	327	0.018151948
1640	66	0.017974338
1640	70	0.017283676
1640	72	0.017209109
1640	71	0.01586985
1640	139	0.015691789
1641	377	0.03186893
1641	58	0.029633706
1641	285	0.027290065
1641	168	0.026958048
1641	23	0.02648568
1641	89	0.025349183
1641	334	0.02476056
1641	269	0.024335494
1641	1615	0.023292787
1641	1491	0.022885464
1642	115	0.031461757
1642	1399	0.023203727
1642	1352	0.021349445
1642	750	0.01998027
1642	132	0.017704833
1642	286	0.015697975
1642	168	0.014664396
1642	166	0.014569318
1642	702	0.014048681
1642	390	0.013844457
1643	123	0.028703572
1643	226	0.025821423
1643	58	0.025148682
1643	379	0.02324803
1643	326	0.021902226
1643	333	0.021888936
1643	36	0.020626945
1643	108	0.020395324
1643	249	0.020247875
1643	243	0.018525612
1644	773	0.029560665
1644	125	0.029372063
1644	1193	0.028980795
1644	21	0.028661579
1644	769	0.02707225
1644	287	0.021909114
1644	194	0.021201612
1644	410	0.020024413
1644	133	0.019725325
1644	432	0.019574279
1645	1137	0.037803955
1645	202	0.03077501
1645	514	0.030730875
1645	581	0.028905468
1645	1297	0.028277323
1645	1560	0.02825791
1645	406	0.026971169
1645	1403	0.026666885
1645	837	0.02596704
1645	1051	0.02584422
1646	287	0.055485178
1646	372	0.047984898
1646	256	0.04591964
1646	348	0.045394715
1646	340	0.043677177
1646	62	0.043561943
1646	59	0.04001161
1646	1519	0.03947914
1646	360	0.025797052
1646	385	0.02537205
1647	47	0.03358543
1647	53	0.029889114
1647	842	0.027705558
1647	64	0.026687741
1647	25	0.025979819
1647	784	0.024770891
1647	46	0.02469967
1647	0	0.02468423
1647	69	0.024548028
1647	428	0.023992386
1648	377	0.028076805
1648	801	0.025478855
1648	285	0.023598911
1648	1145	0.023578247
1648	1405	0.023362236
1648	229	0.02257557
1648	153	0.021357339
1648	353	0.020979622
1648	167	0.020648379
1648	1572	0.020003792
1649	1564	0.03779165
1649	775	0.03411488
1649	1530	0.032727588
1649	134	0.032174848
1649	98	0.02917052
1649	783	0.02804666
1649	865	0.027912613
1649	866	0.027868731
1649	422	0.02764116
1649	682	0.027612422
1650	48	0.024555461
1650	151	0.023616258
1650	157	0.023484668
1650	139	0.022697099
1650	66	0.022296987
1650	47	0.021815367
1650	50	0.01974387
1650	53	0.01912806
1650	36	0.01910953
1650	428	0.017974786
1651	899	0.032147996
1651	1590	0.0268609
1651	620	0.026328724
1651	529	0.025879038
1651	891	0.02473465
1651	964	0.024542553
1651	943	0.022439549
1651	1189	0.021437136
1651	796	0.021242179
1651	24	0.020905428
1652	139	0.02867822
1652	47	0.028270012
1652	18	0.027960246
1652	25	0.027793866
1652	72	0.027539175
1652	432	0.02614571
1652	784	0.02587238
1652	719	0.025621701
1652	105	0.024875639
1652	164	0.02451028
1653	384	0.026385924
1653	89	0.026206847
1653	167	0.025224335
1653	325	0.025172656
1653	895	0.024314327
1653	318	0.023988808
1653	143	0.022994148
1653	94	0.022906091
1653	123	0.022391604
1653	378	0.022311918
1654	908	0.032394893
1654	915	0.032171983
1654	18	0.030069018
1654	432	0.028206136
1654	811	0.023105323
1654	911	0.021587543
1654	7	0.021551816
1654	571	0.019808855
1654	409	0.019777462
1654	475	0.018955305
1655	1023	0.024266418
1655	417	0.024150558
1655	216	0.023938129
1655	67	0.02061955
1655	221	0.019755907
1655	175	0.019619675
1655	68	0.019031698
1655	750	0.018661374
1655	784	0.018627763
1655	741	0.01851613
1656	256	0.029216625
1656	175	0.028876225
1656	47	0.028613364
1656	36	0.027067065
1656	53	0.025753776
1656	148	0.023717362
1656	68	0.022517566
1656	48	0.021318568
1656	157	0.020865923
1656	151	0.020840768
1657	81	0.03175049
1657	13	0.027639909
1657	78	0.026841782
1657	465	0.025026549
1657	306	0.024946032
1657	813	0.023112563
1657	1277	0.023090454
1657	191	0.021466676
1657	119	0.020379484
1657	120	0.02014785
1658	118	0.029404672
1658	402	0.023966178
1658	345	0.023403695
1658	831	0.022316853
1658	127	0.019724546
1658	21	0.01913785
1658	36	0.018749023
1658	1054	0.018006995
1658	1213	0.017566234
1658	123	0.01687581
1659	48	0.02146666
1659	433	0.01990135
1659	703	0.01821283
1659	17	0.0172201
1659	44	0.017210485
1659	42	0.017124973
1659	129	0.016753746
1659	1230	0.016379943
1659	119	0.015620765
1659	487	0.015526405
1660	134	0.032217752
1660	398	0.03199022
1660	866	0.031048352
1660	453	0.029706018
1660	394	0.028394667
1660	775	0.027513256
1660	27	0.027310977
1660	783	0.027294278
1660	422	0.027248738
1660	1354	0.02701941
1661	432	0.018490225
1661	842	0.018379109
1661	908	0.01742091
1661	123	0.017054461
1661	8	0.017025717
1661	424	0.017012572
1661	259	0.01650677
1661	18	0.015846964
1661	176	0.015101146
1661	53	0.015043397
1662	94	0.026067147
1662	334	0.024021873
1662	149	0.021759393
1662	467	0.021601383
1662	164	0.02097093
1662	123	0.020796755
1662	895	0.02062067
1662	826	0.019744894
1662	280	0.019496681
1662	854	0.019411383
1663	200	0.040106338
1663	569	0.026876708
1663	168	0.02663464
1663	1241	0.025500137
1663	1136	0.024368912
1663	260	0.01966803
1663	1386	0.017658034
1663	234	0.0165954
1663	203	0.016516656
1663	468	0.015943402
1664	146	0.03944647
1664	834	0.028828463
1664	143	0.024918199
1664	1579	0.024395406
1664	123	0.021469472
1664	1303	0.020859672
1664	1388	0.020374143
1664	803	0.020179788
1664	1608	0.019930154
1664	83	0.019868739
1665	891	0.029714726
1665	115	0.027530218
1665	124	0.026869254
1665	22	0.02331738
1665	181	0.021491876
1665	257	0.021456465
1665	74	0.02137517
1665	1352	0.021191124
1665	97	0.021122098
1665	1105	0.020319335
1666	53	0.035337117
1666	25	0.031983905
1666	175	0.03110954
1666	103	0.030310657
1666	71	0.030273043
1666	164	0.028438503
1666	381	0.028381146
1666	70	0.028141942
1666	47	0.027661158
1666	148	0.027314931
1667	144	0.03378394
1667	71	0.0325191
1667	381	0.031794745
1667	383	0.031566706
1667	25	0.031452794
1667	47	0.03139127
1667	221	0.031001756
1667	222	0.031001389
1667	680	0.02976316
1667	70	0.02966908
1668	66	0.02936184
1668	219	0.028850783
1668	157	0.02640343
1668	151	0.024770953
1668	368	0.02450711
1668	365	0.022452524
1668	346	0.020922365
1668	44	0.020711413
1668	774	0.019479297
1668	1201	0.018649647
1669	41	0.028634364
1669	945	0.025389526
1669	1245	0.025178919
1669	355	0.021275194
1669	167	0.020769991
1669	285	0.019329472
1669	334	0.019263769
1669	1482	0.019130252
1669	1240	0.018238852
1669	1402	0.017426929
1670	273	0.024036493
1670	547	0.023989093
1670	71	0.022894185
1670	25	0.022713816
1670	53	0.02252969
1670	147	0.02125766
1670	157	0.021185417
1670	47	0.020898726
1670	66	0.020754583
1670	59	0.01992953
1671	1547	0.06392761
1671	982	0.054429006
1671	1626	0.05261739
1671	1143	0.05194988
1671	429	0.04855258
1671	1339	0.046262354
1671	302	0.043389656
1671	836	0.042108912
1671	1291	0.03814586
1671	1589	0.037280846
1672	286	0.04640448
1672	221	0.03055115
1672	64	0.028969154
1672	283	0.026991734
1672	414	0.026071899
1672	139	0.025311392
1672	175	0.023620594
1672	200	0.023592142
1672	72	0.023469638
1672	53	0.022772586
1673	0	0.033085063
1673	36	0.03039271
1673	42	0.024464225
1673	48	0.022768607
1673	70	0.022302814
1673	59	0.021239804
1673	273	0.020229982
1673	64	0.019764151
1673	110	0.019553922
1673	148	0.019278122
1674	889	0.049316432
1674	958	0.03572415
1674	1079	0.03174647
1674	1511	0.031599984
1674	1563	0.031175163
1674	1076	0.029808588
1674	1372	0.029074412
1674	934	0.02726194
1674	1627	0.026873909
1674	1485	0.026754666
1675	648	0.040294647
1675	1460	0.03498374
1675	687	0.029667981
1675	738	0.027666196
1675	1565	0.02744019
1675	989	0.026837539
1675	1235	0.023463976
1675	1518	0.022587618
1675	1459	0.022413546
1675	119	0.021779109
1676	72	0.028691124
1676	68	0.028671496
1676	36	0.028449405
1676	139	0.027810665
1676	164	0.0251598
1676	25	0.024937013
1676	70	0.024498967
1676	47	0.024431817
1676	59	0.024102226
1676	148	0.023381032
1677	1571	0.03129548
1677	850	0.031237314
1677	143	0.0300186
1677	1303	0.029643662
1677	1180	0.028283231
1677	1608	0.027795242
1677	976	0.027744763
1677	1408	0.027525866
1677	835	0.027229335
1677	988	0.027217442
1678	48	0.03142876
1678	44	0.026515594
1678	326	0.025576448
1678	148	0.02373576
1678	694	0.02279948
1678	232	0.022257874
1678	66	0.02223483
1678	47	0.021051906
1678	142	0.02046859
1678	36	0.020435415
1679	74	0.018433731
1679	331	0.017515779
1679	1517	0.016089587
1679	648	0.01573485
1679	336	0.015423328
1679	327	0.015170048
1679	330	0.014609954
1679	157	0.01400871
1679	66	0.013976572
1679	40	0.013818507
1680	108	0.02647703
1680	74	0.02169449
1680	216	0.020977467
1680	802	0.019180156
1680	331	0.018983973
1680	806	0.018975973
1680	200	0.01800853
1680	0	0.017748509
1680	67	0.017573925
1680	35	0.016980661
1681	232	0.022230601
1681	373	0.018992078
1681	625	0.018666942
1681	53	0.01809578
1681	1265	0.017940123
1681	149	0.016480742
1681	703	0.016146652
1681	632	0.016144235
1681	864	0.015230236
1681	226	0.014809333
1682	1135	0.06280043
1682	865	0.057873793
1682	209	0.05731063
1682	134	0.05536702
1682	422	0.052589066
1682	783	0.050855327
1682	775	0.05014074
1682	940	0.047859356
1682	884	0.043061983
1682	859	0.03986485
1683	314	0.03205871
1683	194	0.030515565
1683	209	0.0295275
1683	181	0.0292108
1683	453	0.025869025
1683	152	0.02508512
1683	15	0.024904456
1683	117	0.023839174
1683	482	0.022694262
1683	909	0.021179022
1684	970	0.04220084
1684	306	0.04137946
1684	344	0.03818878
1684	339	0.033101868
1684	847	0.023527987
1684	115	0.023518644
1684	826	0.023361273
1684	895	0.02283772
1684	1598	0.02222185
1684	1255	0.02163929
1685	1633	0.030616697
1685	634	0.030577688
1685	962	0.029488739
1685	183	0.029461218
1685	913	0.027623633
1685	850	0.027517304
1685	1387	0.024972081
1685	355	0.024900833
1685	1580	0.024502983
1685	1590	0.02392009
1686	463	0.05263054
1686	474	0.050610475
1686	256	0.032150056
1686	340	0.027596997
1686	348	0.027020201
1686	333	0.026960941
1686	876	0.026616205
1686	311	0.026507674
1686	372	0.021746203
1686	59	0.020316869
1687	445	0.06355181
1687	444	0.06238615
1687	447	0.055201113
1687	442	0.052908696
1687	439	0.052535936
1687	799	0.052181233
1687	446	0.05006373
1687	31	0.048271388
1687	767	0.04803552
1687	34	0.04613459
1688	92	0.027216036
1688	43	0.027207242
1688	269	0.026347999
1688	33	0.024032032
1688	267	0.022359574
1688	173	0.022318818
1688	35	0.021635488
1688	64	0.021505969
1688	483	0.021135539
1688	130	0.020843148
1689	345	0.022182489
1689	256	0.021588469
1689	194	0.020673877
1689	333	0.020430561
1689	1054	0.020229032
1689	115	0.01925714
1689	195	0.01887976
1689	692	0.018202906
1689	58	0.017991178
1689	104	0.017343411
1690	514	0.025480933
1690	1381	0.02349015
1690	1581	0.02341183
1690	97	0.021379633
1690	795	0.021057371
1690	421	0.020937022
1690	796	0.020486273
1690	628	0.020335313
1690	192	0.020150369
1690	1505	0.020025454
1691	143	0.038528863
1691	286	0.0356668
1691	376	0.032190077
1691	326	0.03132964
1691	969	0.03073252
1691	283	0.030237753
1691	343	0.029059025
1691	760	0.027286133
1691	1141	0.026963716
1691	1356	0.025826257
1692	286	0.03501205
1692	143	0.034164023
1692	363	0.031043591
1692	318	0.030940872
1692	326	0.030383917
1692	376	0.029874206
1692	384	0.02737762
1692	969	0.026909215
1692	58	0.02588053
1692	142	0.025550203
1693	53	0.02631516
1693	18	0.02475116
1693	68	0.024418578
1693	680	0.023699965
1693	71	0.023349173
1693	103	0.02267746
1693	144	0.022639185
1693	221	0.022436995
1693	109	0.02235543
1693	72	0.022110568
1694	969	0.019462524
1694	433	0.019236384
1694	123	0.018125385
1694	911	0.01786701
1694	1077	0.017654218
1694	116	0.017229231
1694	130	0.017218826
1694	371	0.01714118
1694	592	0.017112738
1694	990	0.016764935
1695	414	0.042228952
1695	204	0.03207467
1695	200	0.031396393
1695	381	0.026605723
1695	811	0.024515431
1695	72	0.024250805
1695	569	0.02410394
1695	144	0.022223422
1695	71	0.02219268
1695	105	0.021706212
1696	68	0.038730424
1696	103	0.03766406
1696	48	0.03273561
1696	139	0.031472784
1696	381	0.03139948
1696	53	0.031189578
1696	225	0.02882219
1696	25	0.02688217
1696	70	0.0266721
1696	67	0.026569879
1697	889	0.021975838
1697	394	0.020082757
1697	225	0.018238667
1697	66	0.018200386
1697	865	0.017173432
1697	157	0.01716455
1697	612	0.0157566
1697	769	0.015195103
1697	210	0.0146000795
1697	68	0.014534455
1698	632	0.029494833
1698	638	0.022424946
1698	224	0.0212326
1698	409	0.02096911
1698	433	0.018596714
1698	481	0.018488402
1698	12	0.01841577
1698	81	0.01826482
1698	54	0.017522782
1698	276	0.017080763
1699	348	0.022317583
1699	793	0.022036782
1699	877	0.022006799
1699	274	0.021732768
1699	333	0.019573791
1699	166	0.019429883
1699	788	0.018912595
1699	437	0.018440716
1699	379	0.018235479
1699	800	0.018004494
1700	377	0.0350233
1700	379	0.026539177
1700	235	0.0257595
1700	318	0.025402281
1700	477	0.025237389
1700	143	0.024062173
1700	167	0.02320527
1700	1174	0.023122095
1700	345	0.02294947
1700	616	0.021588795
1701	118	0.039133515
1701	21	0.033167392
1701	410	0.02636125
1701	121	0.025618618
1701	769	0.0255116
1701	257	0.024808243
1701	119	0.023983747
1701	75	0.022977708
1701	54	0.022429716
1701	230	0.022182364
1702	48	0.03887848
1702	151	0.032036945
1702	68	0.03130201
1702	225	0.030694732
1702	148	0.029903617
1702	157	0.029635744
1702	474	0.029499937
1702	256	0.029103773
1702	66	0.027585067
1702	0	0.027455976
1703	457	0.07600695
1703	455	0.07440953
1703	1578	0.045179676
1703	462	0.039467
1703	1462	0.037034914
1703	1604	0.03371477
1703	649	0.033612397
1703	1320	0.030521456
1703	976	0.02688501
1703	1402	0.026717992
1704	18	0.04300252
1704	915	0.029097421
1704	908	0.02693179
1704	432	0.026427696
1704	19	0.022735367
1704	224	0.022382502
1704	266	0.020943156
1704	1633	0.020878395
1704	1580	0.020247368
1704	785	0.020243842
1705	148	0.047725946
1705	103	0.039862398
1705	71	0.028596224
1705	42	0.022902811
1705	44	0.022390395
1705	225	0.02049958
1705	643	0.017785702
1705	53	0.015910767
1705	635	0.015129384
1705	70	0.014881142
1706	343	0.033728525
1706	142	0.029157998
1706	286	0.028312214
1706	318	0.023403576
1706	326	0.022960588
1706	94	0.02239075
1706	243	0.021889202
1706	334	0.021371871
1706	356	0.02097518
1706	888	0.020708278
1707	68	0.03567497
1707	66	0.035184395
1707	103	0.03416999
1707	44	0.033647496
1707	273	0.03330079
1707	719	0.031835523
1707	222	0.031625528
1707	72	0.031061435
1707	70	0.030568432
1707	487	0.03054176
1708	862	0.033426896
1708	204	0.030100174
1708	221	0.028572831
1708	404	0.027840732
1708	411	0.026276544
1708	418	0.025491104
1708	1386	0.024891345
1708	220	0.024581471
1708	812	0.02452085
1708	640	0.023448294
1709	48	0.033456694
1709	801	0.03067056
1709	803	0.029468067
1709	1282	0.028791219
1709	151	0.028414005
1709	148	0.027686091
1709	326	0.026583133
1709	774	0.023718096
1709	389	0.023460247
1709	58	0.022958068
1710	1400	0.028791375
1710	835	0.027195325
1710	1397	0.026894733
1710	27	0.026173117
1710	1560	0.02574062
1710	19	0.025730152
1710	158	0.025573038
1710	1343	0.025242774
1710	1505	0.025104094
1710	1354	0.024799595
1711	23	0.029357897
1711	92	0.028083457
1711	831	0.022840643
1711	95	0.020656833
1711	123	0.019215416
1711	117	0.018604288
1711	402	0.018354418
1711	2	0.018257417
1711	108	0.018227985
1711	127	0.018183643
1712	139	0.030793518
1712	103	0.020985212
1712	381	0.020450847
1712	71	0.020356981
1712	47	0.019419465
1712	68	0.019077478
1712	163	0.01769828
1712	487	0.01752733
1712	29	0.016003823
1712	164	0.015855528
1713	95	0.017663246
1713	35	0.017111987
1713	56	0.017016439
1713	36	0.016746813
1713	68	0.015852185
1713	123	0.015721897
1713	360	0.015499819
1713	944	0.01537583
1713	383	0.015168593
1713	251	0.015036033
1714	66	0.036825363
1714	151	0.036421187
1714	157	0.034628905
1714	68	0.033854686
1714	139	0.031461015
1714	381	0.025590215
1714	71	0.022982825
1714	48	0.022730503
1714	70	0.019549249
1714	487	0.01945153
1715	290	0.0232824
1715	94	0.022673879
1715	318	0.020918228
1715	376	0.020390598
1715	800	0.020177087
1715	294	0.020077782
1715	298	0.019948428
1715	304	0.019878723
1715	10	0.019753162
1715	354	0.019294664
1716	256	0.027872799
1716	36	0.024257543
1716	53	0.023474736
1716	379	0.023379773
1716	139	0.022175416
1716	243	0.021811567
1716	345	0.021175709
1716	47	0.02082162
1716	226	0.01999642
1716	437	0.01855886
1717	632	0.022639167
1717	48	0.022550048
1717	318	0.021627905
1717	625	0.02097498
1717	94	0.02091299
1717	43	0.020487506
1717	58	0.01878669
1717	243	0.018578324
1717	1001	0.018541642
1717	1321	0.018321821
1718	960	0.016865393
1718	43	0.016797528
1718	744	0.0166942
1718	732	0.015992269
1718	51	0.015847754
1718	81	0.015842987
1718	303	0.015032382
1718	339	0.014868077
1718	767	0.014777939
1718	532	0.014712517
1719	15	0.040431816
1719	54	0.026815882
1719	344	0.025692102
1719	58	0.022895435
1719	410	0.022874389
1719	803	0.022742575
1719	125	0.022046164
1719	153	0.021134615
1719	474	0.020518795
1719	98	0.01931899
1720	246	0.027332816
1720	241	0.02717378
1720	10	0.024216052
1720	166	0.024203654
1720	53	0.02226944
1720	227	0.021661792
1720	424	0.02147415
1720	123	0.021438504
1720	46	0.020965038
1720	370	0.020109281
1721	432	0.02929139
1721	8	0.027552161
1721	481	0.021155614
1721	483	0.020814447
1721	1269	0.02033494
1721	424	0.019436868
1721	266	0.018349718
1721	374	0.018186213
1721	778	0.017529104
1721	176	0.017434657
1722	68	0.03800839
1722	48	0.034030512
1722	383	0.03394061
1722	72	0.03363242
1722	71	0.03346452
1722	222	0.032021325
1722	428	0.030828735
1722	25	0.030704958
1722	157	0.03052168
1722	66	0.030317951
1723	196	0.027885254
1723	1064	0.027064241
1723	181	0.026710087
1723	155	0.026438838
1723	482	0.025577683
1723	73	0.024891524
1723	359	0.022837346
1723	406	0.022826463
1723	1193	0.021644367
1723	854	0.02142501
1724	36	0.028381595
1724	127	0.028075077
1724	132	0.023827882
1724	59	0.023268629
1724	118	0.023205891
1724	784	0.022051767
1724	10	0.020453952
1724	806	0.020134259
1724	95	0.019379117
1724	2	0.01931699
1725	326	0.057723112
1725	132	0.029415196
1725	281	0.028820215
1725	290	0.026985873
1725	145	0.025714207
1725	318	0.024882128
1725	94	0.024671452
1725	356	0.024382839
1725	229	0.023783237
1725	667	0.023745125
1726	1197	0.06888215
1726	1561	0.06578178
1726	1096	0.0623302
1726	1088	0.06042569
1726	167	0.057628702
1726	1000	0.04757701
1726	1577	0.045522377
1726	1447	0.044678748
1726	1479	0.04202413
1726	1474	0.03972369
1727	1188	0.053748105
1727	1135	0.046328925
1727	398	0.040434547
1727	612	0.039816305
1727	940	0.03238725
1727	1520	0.031931102
1727	134	0.030127605
1727	783	0.028857857
1727	422	0.02773937
1727	1528	0.027686106
1728	844	0.034318607
1728	595	0.025307978
1728	104	0.01991662
1728	865	0.019729765
1728	612	0.019699592
1728	1619	0.018632954
1728	463	0.018234622
1728	641	0.01820445
1728	134	0.017914442
1728	210	0.017914018
1729	258	0.035305284
1729	564	0.023395512
1729	79	0.020516483
1729	912	0.02024063
1729	189	0.01975145
1729	164	0.019592138
1729	35	0.019370284
1729	1137	0.018959764
1729	121	0.018611657
1729	119	0.018559264
1730	899	0.027007744
1730	620	0.025374517
1730	1246	0.025047
1730	891	0.023495907
1730	943	0.022521008
1730	778	0.021982009
1730	331	0.021954399
1730	964	0.021202961
1730	1189	0.02050535
1730	119	0.019283187
1731	219	0.040430304
1731	344	0.033859544
1731	346	0.03355287
1731	970	0.031353004
1731	286	0.03027656
1731	142	0.026180116
1731	318	0.025496181
1731	290	0.02510702
1731	822	0.024524588
1731	292	0.022737209
1732	8	0.027755447
1732	432	0.027710253
1732	487	0.027332248
1732	224	0.026311152
1732	105	0.026188092
1732	22	0.026146293
1732	915	0.025621802
1732	719	0.02440232
1732	680	0.023872273
1732	103	0.022974769
1733	1616	0.024699336
1733	1352	0.023233678
1733	389	0.022583697
1733	967	0.022065168
1733	1420	0.021984924
1733	636	0.020710595
1733	1461	0.02070967
1733	98	0.02033896
1733	1189	0.019187553
1733	868	0.019106979
1734	785	0.027964607
1734	1343	0.026120266
1734	983	0.026024632
1734	22	0.025295401
1734	121	0.02417164
1734	738	0.024074385
1734	911	0.022982687
1734	570	0.02277899
1734	908	0.022380108
1734	124	0.022249207
1735	21	0.03203891
1735	127	0.02975047
1735	108	0.022424301
1735	477	0.022237075
1735	905	0.021938615
1735	2	0.021583907
1735	1076	0.021464366
1735	802	0.021434836
1735	769	0.021011982
1735	56	0.019327987
1736	889	0.048706587
1736	752	0.040815294
1736	1357	0.031282403
1736	1069	0.029186329
1736	1525	0.029016944
1736	981	0.027830796
1736	1575	0.02779949
1736	1064	0.026550366
1736	189	0.025505463
1736	1370	0.025326148
1737	196	0.048196793
1737	189	0.03771968
1737	555	0.032142892
1737	1193	0.029787475
1737	1225	0.026664801
1737	904	0.02405688
1737	973	0.023522653
1737	296	0.02290293
1737	961	0.02168248
1737	1587	0.02161687
1738	408	0.03134108
1738	209	0.02706755
1738	463	0.026006313
1738	88	0.022150282
1738	98	0.02201618
1738	1188	0.019324668
1738	359	0.01918178
1738	314	0.018319143
1738	818	0.017735876
1738	474	0.017608173
1739	763	0.02973563
1739	384	0.029608078
1739	379	0.027691176
1739	625	0.025665725
1739	740	0.02442371
1739	249	0.022942893
1739	1396	0.022613205
1739	505	0.022576854
1739	1381	0.022547787
1739	690	0.021545071
1740	789	0.032905344
1740	151	0.02411264
1740	677	0.024043107
1740	202	0.02224732
1740	614	0.02037195
1740	695	0.019522082
1740	66	0.019312285
1740	1019	0.019102575
1740	1132	0.018923778
1740	157	0.018134303
1741	108	0.027353076
1741	127	0.026404822
1741	115	0.023997009
1741	384	0.023711765
1741	1624	0.02361018
1741	171	0.02231216
1741	806	0.021840068
1741	168	0.021768427
1741	379	0.020389667
1741	717	0.019316852
1742	118	0.033122104
1742	104	0.028481668
1742	21	0.02581239
1742	612	0.025068978
1742	209	0.024246681
1742	408	0.024066716
1742	394	0.023828806
1742	165	0.021816965
1742	859	0.021616314
1742	452	0.021522805
1743	59	0.024700735
1743	175	0.023913478
1743	402	0.02370483
1743	162	0.021738863
1743	95	0.021545192
1743	25	0.020921394
1743	806	0.02041685
1743	0	0.019885916
1743	287	0.019829677
1743	383	0.019103296
1744	402	0.025602138
1744	127	0.023904044
1744	810	0.022119652
1744	802	0.021589499
1744	108	0.021107612
1744	128	0.019279769
1744	35	0.017978454
1744	45	0.016956773
1744	905	0.016568951
1744	94	0.015950289
1745	58	0.020133728
1745	168	0.017992184
1745	464	0.01716536
1745	36	0.016224984
1745	53	0.014947316
1745	106	0.01481912
1745	139	0.01473054
1745	412	0.014200895
1745	61	0.014095065
1745	410	0.012794648
1746	134	0.06501076
1746	783	0.0596879
1746	394	0.049790155
1746	612	0.04946231
1746	398	0.046335083
1746	104	0.04478634
1746	940	0.04396751
1746	865	0.0420371
1746	1532	0.04129828
1746	1312	0.03756141
1747	303	0.02661881
1747	348	0.022754688
1747	1519	0.020348521
1747	340	0.019372677
1747	195	0.017984862
1747	463	0.017187653
1747	34	0.016229799
1747	31	0.016180018
1747	792	0.015652653
1747	335	0.015249411
1748	194	0.02944808
1748	181	0.026463863
1748	141	0.02551199
1748	334	0.023630653
1748	314	0.023441028
1748	317	0.02234611
1748	343	0.021344371
1748	406	0.021122534
1748	482	0.021093825
1748	359	0.021078324
1749	189	0.011905875
1749	1152	0.011719758
1749	573	0.010621105
1749	358	0.010396958
1749	672	0.010300063
1749	267	0.010016253
1749	423	0.010015956
1749	327	0.009583539
1749	1166	0.009456279
1749	765	0.009407815
1750	849	0.029103957
1750	88	0.02867626
1750	325	0.028412571
1750	474	0.028093053
1750	1006	0.026832873
1750	1420	0.026243871
1750	848	0.026035348
1750	1405	0.025598148
1750	1449	0.025082434
1750	556	0.024781933
1751	163	0.023159279
1751	465	0.022995912
1751	166	0.021355517
1751	831	0.020212926
1751	262	0.018710641
1751	108	0.017885549
1751	15	0.017042372
1751	148	0.01662568
1751	750	0.016519846
1751	286	0.01624922
1752	326	0.04115086
1752	142	0.028827224
1752	145	0.026688436
1752	436	0.02630866
1752	1350	0.025059659
1752	1373	0.024379913
1752	1464	0.024035048
1752	229	0.02363323
1752	94	0.023471253
1752	1141	0.023068298
1753	274	0.019790024
1753	175	0.01958635
1753	128	0.017721696
1753	990	0.017642999
1753	91	0.016921526
1753	283	0.016440982
1753	358	0.016401662
1753	704	0.016021805
1753	871	0.015857717
1753	878	0.015178965
1754	381	0.040944792
1754	0	0.03949112
1754	72	0.03692692
1754	719	0.03542583
1754	428	0.03428576
1754	53	0.034245726
1754	491	0.03239411
1754	224	0.032210656
1754	495	0.031493485
1754	487	0.031258956
1755	66	0.027508322
1755	48	0.026076343
1755	157	0.023726823
1755	364	0.018002816
1755	139	0.016035376
1755	1235	0.015222568
1755	103	0.015021087
1755	53	0.014951433
1755	429	0.0149311675
1755	168	0.014044688
1756	466	0.05016615
1756	460	0.04692534
1756	455	0.040473618
1756	461	0.038320147
1756	474	0.023961257
1756	88	0.02205789
1756	463	0.02202096
1756	1578	0.018096972
1756	947	0.018054618
1756	348	0.017224899
1757	498	0.037366286
1757	261	0.023388289
1757	1344	0.022162508
1757	311	0.021313673
1757	62	0.0210431
1757	44	0.019502116
1757	458	0.019448737
1757	98	0.018578662
1757	225	0.018572107
1757	641	0.018260758
1758	11	0.035229385
1758	1193	0.032579046
1758	121	0.0265194
1758	2	0.025560457
1758	12	0.025056098
1758	909	0.023543447
1758	908	0.023525754
1758	905	0.023446016
1758	131	0.02278877
1758	181	0.022667827
1759	344	0.044339392
1759	378	0.03736204
1759	384	0.032239486
1759	970	0.030459227
1759	1492	0.026217856
1759	325	0.024474937
1759	141	0.023431482
1759	403	0.023075275
1759	1404	0.022945777
1759	1437	0.020929283
1760	98	0.027502684
1760	1044	0.024327451
1760	1032	0.02161441
1760	225	0.020935038
1760	1420	0.02038838
1760	1054	0.01983809
1760	896	0.019527672
1760	883	0.018827729
1760	210	0.0177605
1760	774	0.01730518
1761	148	0.045245394
1761	66	0.04235048
1761	68	0.027424976
1761	103	0.026899623
1761	139	0.026456
1761	225	0.023571722
1761	0	0.022799658
1761	273	0.022704095
1761	428	0.022574369
1761	71	0.021816298
1762	59	0.031331465
1762	333	0.021731693
1762	199	0.019538669
1762	291	0.01899952
1762	62	0.018183628
1762	303	0.018143155
1762	185	0.01769755
1762	61	0.01752257
1762	74	0.017323866
1762	43	0.017115517
1763	103	0.038956173
1763	157	0.037144847
1763	151	0.03496395
1763	381	0.027673783
1763	139	0.027334187
1763	48	0.021830918
1763	70	0.021525325
1763	487	0.021362051
1763	25	0.019394426
1763	72	0.019029545
1764	486	0.032662094
1764	984	0.030511089
1764	655	0.028358309
1764	1374	0.028142191
1764	782	0.02800914
1764	1093	0.025792435
1764	239	0.025707046
1764	81	0.025520317
1764	603	0.024258435
1764	77	0.024180379
1765	56	0.022561979
1765	934	0.022024348
1765	1193	0.021059303
1765	1575	0.020593598
1765	74	0.019989373
1765	23	0.01928044
1765	937	0.01902306
1765	477	0.018970747
1765	128	0.018164067
1765	15	0.017993687
1766	36	0.026604898
1766	62	0.02551904
1766	303	0.024239825
1766	402	0.020904787
1766	333	0.020122355
1766	182	0.019847311
1766	271	0.0186786
1766	372	0.018446349
1766	291	0.018207034
1766	33	0.018030073
1767	118	0.04694407
1767	15	0.03724653
1767	1193	0.032235973
1767	915	0.03137929
1767	432	0.028400922
1767	706	0.024543906
1767	125	0.022501435
1767	769	0.022498688
1767	638	0.02217428
1767	908	0.020918334
1768	151	0.028633766
1768	157	0.028229922
1768	103	0.021112971
1768	1083	0.017456371
1768	68	0.015811324
1768	200	0.01438026
1768	129	0.013959538
1768	408	0.013520468
1768	36	0.012894968
1768	410	0.012132738
1769	1276	0.028764952
1769	834	0.026405212
1769	332	0.02564668
1769	1293	0.024629535
1769	19	0.023990208
1769	915	0.022487642
1769	1608	0.022263084
1769	1556	0.022122165
1769	838	0.022073446
1769	1340	0.02207244
1770	286	0.0355058
1770	59	0.028938469
1770	47	0.028797569
1770	66	0.028764343
1770	157	0.028120415
1770	68	0.024736954
1770	48	0.02407866
1770	175	0.02298242
1770	25	0.022370154
1770	142	0.0220117
1771	24	0.026174475
1771	1194	0.021257658
1771	948	0.021047302
1771	453	0.020684108
1771	775	0.019501118
1771	975	0.018362038
1771	339	0.017975802
1771	1018	0.017708756
1771	547	0.017656969
1771	88	0.017520042
1772	68	0.02290045
1772	147	0.02254883
1772	66	0.02228422
1772	36	0.021271776
1772	547	0.021262884
1772	151	0.01943206
1772	139	0.0191786
1772	157	0.019153524
1772	598	0.018195642
1772	53	0.01795772
1773	640	0.03182517
1773	964	0.02917779
1773	1587	0.028652752
1773	891	0.028226027
1773	371	0.025198951
1773	1347	0.02397984
1773	573	0.02334749
1773	928	0.023177795
1773	124	0.022942934
1773	951	0.022518732
1774	49	0.024109716
1774	103	0.021859348
1774	428	0.021000821
1774	148	0.020787839
1774	151	0.01919738
1774	157	0.018973459
1774	71	0.016809532
1774	381	0.015972646
1774	72	0.015113158
1774	225	0.0146945845
1775	463	0.029042913
1775	403	0.024909431
1775	895	0.021080853
1775	555	0.019409688
1775	498	0.019295434
1775	474	0.019043388
1775	823	0.019043103
1775	344	0.018483564
1775	56	0.017090918
1775	97	0.016232254
1776	1352	0.050133497
1776	523	0.030854158
1776	839	0.030694608
1776	868	0.025528884
1776	673	0.025439713
1776	1050	0.023909384
1776	406	0.023475548
1776	1602	0.02233692
1776	1624	0.021966636
1776	665	0.020907281
1777	1193	0.040041655
1777	121	0.031658754
1777	230	0.026323378
1777	962	0.026143963
1777	119	0.0238682
1777	11	0.02368779
1777	410	0.023462702
1777	1400	0.02284877
1777	118	0.022143116
1777	908	0.021869468
1778	72	0.026014347
1778	18	0.02523343
1778	432	0.024401538
1778	46	0.024380095
1778	29	0.02410463
1778	383	0.023539184
1778	331	0.023303892
1778	64	0.022395995
1778	908	0.022389906
1778	176	0.021941354
1779	956	0.023255924
1779	1064	0.021004057
1779	130	0.020556796
1779	1512	0.020290004
1779	555	0.019965164
1779	733	0.019138101
1779	861	0.018673025
1779	329	0.018625177
1779	1082	0.01805295
1779	37	0.017800096
1780	199	0.02139044
1780	86	0.020298215
1780	36	0.020093493
1780	259	0.019363137
1780	59	0.019074798
1780	750	0.018949678
1780	207	0.018205961
1780	463	0.018182
1780	48	0.017951384
1780	164	0.017528035
1781	157	0.032526776
1781	31	0.028146716
1781	68	0.026690478
1781	66	0.025869925
1781	44	0.024891783
1781	48	0.024774352
1781	202	0.024691828
1781	186	0.024336036
1781	579	0.023994427
1781	225	0.023729147
1782	806	0.034500226
1782	108	0.033881173
1782	202	0.031574383
1782	802	0.029086981
1782	185	0.02799195
1782	750	0.025870394
1782	36	0.024701696
1782	810	0.02365753
1782	123	0.021514172
1782	162	0.021116111
1783	134	0.05173704
1783	612	0.04391147
1783	394	0.043898836
1783	769	0.040454097
1783	398	0.039781377
1783	104	0.037992295
1783	940	0.037393615
1783	865	0.036079574
1783	682	0.032679066
1783	1312	0.032295927
1784	970	0.028917618
1784	58	0.025155596
1784	59	0.024086531
1784	339	0.023835486
1784	1624	0.023553275
1784	378	0.022549096
1784	209	0.022485249
1784	676	0.02119593
1784	1530	0.02008138
1784	408	0.019346148
1785	445	0.037541393
1785	31	0.036521725
1785	441	0.036358953
1785	799	0.036167823
1785	440	0.03537746
1785	439	0.03454525
1785	442	0.032253094
1785	446	0.031529352
1785	767	0.03125905
1785	444	0.031183684
1786	148	0.038805906
1786	157	0.03400546
1786	103	0.022808649
1786	68	0.017914748
1786	1395	0.01603
1786	71	0.014667736
1786	48	0.01413368
1786	273	0.013570351
1786	136	0.013440691
1786	44	0.013435613
1787	331	0.024733651
1787	274	0.023566063
1787	91	0.021751704
1787	358	0.021559028
1787	337	0.020989899
1787	61	0.019766789
1787	876	0.0184587
1787	131	0.018222319
1787	627	0.016962817
1787	767	0.016624577
1788	466	0.048254706
1788	456	0.043425094
1788	459	0.041189056
1788	460	0.04018328
1788	461	0.037699375
1788	457	0.035873964
1788	1320	0.022594156
1788	1391	0.021086145
1788	1565	0.020505121
1788	163	0.018154165
1789	433	0.035428997
1789	906	0.021063868
1789	619	0.019425264
1789	195	0.018635845
1789	833	0.018393343
1789	835	0.018016974
1789	778	0.017706068
1789	332	0.016593523
1789	1383	0.015599679
1789	1083	0.015246044
1790	813	0.035214595
1790	1292	0.030315228
1790	236	0.028493831
1790	450	0.0276902
1790	1481	0.02688383
1790	904	0.025605971
1790	288	0.025547056
1790	1303	0.025370117
1790	1633	0.025346957
1790	1492	0.024440892
1791	125	0.03857587
1791	652	0.03514029
1791	961	0.03128372
1791	21	0.028945811
1791	118	0.02830539
1791	962	0.028178224
1791	119	0.027545448
1791	410	0.026610017
1791	2	0.026561216
1791	124	0.025606375
1792	1193	0.027426349
1792	53	0.026453992
1792	61	0.024538247
1792	137	0.0240807
1792	67	0.023351045
1792	22	0.021972343
1792	164	0.021787465
1792	113	0.021662354
1792	74	0.021191934
1792	555	0.020861339
1793	306	0.034517966
1793	970	0.03416319
1793	1189	0.032593783
1793	378	0.03068842
1793	115	0.030321915
1793	1404	0.027184663
1793	831	0.025815621
1793	202	0.025701247
1793	141	0.025216132
1793	127	0.024531055
1794	75	0.031812873
1794	1137	0.029514963
1794	564	0.029369611
1794	391	0.021013603
1794	219	0.019959202
1794	368	0.019511001
1794	67	0.019078966
1794	346	0.0179443
1794	164	0.017562184
1794	185	0.017483179
1795	59	0.02098178
1795	67	0.019996807
1795	360	0.018900843
1795	68	0.018654492
1795	47	0.017979497
1795	680	0.017786711
1795	621	0.016690863
1795	70	0.0164664
1795	216	0.016109563
1795	223	0.015515135
1796	276	0.028775038
1796	433	0.023648921
1796	602	0.022952205
1796	1080	0.022702504
1796	417	0.02147272
1796	693	0.020727022
1796	1384	0.020076336
1796	1450	0.02006672
1796	191	0.020056862
1796	1320	0.019685365
1797	1188	0.057155974
1797	1135	0.05007923
1797	408	0.04680313
1797	398	0.032903988
1797	1533	0.032004517
1797	1636	0.03164529
1797	868	0.031002697
1797	946	0.028005593
1797	1526	0.026855087
1797	1520	0.02673423
1798	286	0.033037264
1798	1265	0.025563858
1798	326	0.025086688
1798	632	0.02504241
1798	334	0.024538781
1798	231	0.024180649
1798	153	0.022898704
1798	59	0.022663102
1798	774	0.02143746
1798	243	0.021275759
1799	1612	0.02564296
1799	418	0.024836736
1799	913	0.02430699
1799	1444	0.024249244
1799	426	0.024081642
1799	179	0.023895709
1799	1580	0.023753699
1799	1347	0.022815831
1799	796	0.022369847
1799	1386	0.022085132
1800	906	0.024733674
1800	1338	0.023001507
1800	1018	0.022423511
1800	1395	0.022363089
1800	1015	0.022052303
1800	1590	0.02107084
1800	1285	0.01967963
1800	19	0.01946542
1800	172	0.019132894
1800	1387	0.017821738
1801	139	0.040218417
1801	719	0.03906966
1801	0	0.03742835
1801	53	0.036848478
1801	66	0.036522843
1801	70	0.035149746
1801	225	0.034259506
1801	383	0.034209013
1801	428	0.03393679
1801	495	0.032797005
1802	1608	0.027073584
1802	945	0.026719607
1802	13	0.024508355
1802	1053	0.02430518
1802	959	0.023719344
1802	904	0.023468602
1802	1340	0.022629824
1802	1305	0.021891344
1802	834	0.021855084
1802	1556	0.020251468
1803	231	0.027070768
1803	256	0.02548449
1803	384	0.024363888
1803	345	0.02265103
1803	153	0.021857273
1803	304	0.021806557
1803	58	0.020578818
1803	286	0.020478921
1803	290	0.020050377
1803	54	0.01963049
1804	970	0.034373924
1804	306	0.0306244
1804	344	0.030213447
1804	130	0.023773275
1804	110	0.023091046
1804	408	0.022799507
1804	56	0.021535898
1804	115	0.02115844
1804	171	0.020518953
1804	74	0.020195924
1805	865	0.03634713
1805	1533	0.035965905
1805	398	0.035243165
1805	783	0.031579584
1805	98	0.031083398
1805	775	0.030866813
1805	422	0.030865362
1805	769	0.030695254
1805	134	0.030215785
1805	859	0.030019559
1806	477	0.03194826
1806	92	0.023330603
1806	343	0.022529444
1806	1286	0.021332921
1806	329	0.01965647
1806	1491	0.019352635
1806	1296	0.019332746
1806	400	0.019207776
1806	355	0.018904671
1806	482	0.01807041
1807	290	0.034191936
1807	286	0.029567197
1807	145	0.026060244
1807	318	0.025783218
1807	142	0.025473682
1807	281	0.025177555
1807	243	0.024824636
1807	352	0.02438713
1807	482	0.023762653
1807	1141	0.022008004
1808	139	0.022488626
1808	106	0.020408204
1808	162	0.020224871
1808	100	0.020044362
1808	140	0.01967648
1808	42	0.017504293
1808	481	0.016056579
1808	1276	0.01575014
1808	69	0.015396122
1808	44	0.0153737
1809	149	0.033888835
1809	94	0.031156348
1809	166	0.028516043
1809	123	0.027369797
1809	1002	0.027043143
1809	47	0.026890315
1809	171	0.02616807
1809	306	0.025930917
1809	58	0.023688978
1809	175	0.022549419
1810	66	0.026883572
1810	157	0.026003875
1810	59	0.024361297
1810	151	0.024060553
1810	256	0.018646082
1810	162	0.017502384
1810	883	0.01655578
1810	225	0.0158983
1810	335	0.015896862
1810	47	0.015483598
1811	364	0.03134482
1811	113	0.023839269
1811	432	0.022985132
1811	705	0.022328492
1811	1305	0.021813938
1811	710	0.020106416
1811	828	0.019730384
1811	909	0.019162735
1811	451	0.017939761
1811	674	0.017899131
1812	470	0.018652575
1812	289	0.018465918
1812	720	0.01740205
1812	756	0.016416479
1812	337	0.015805015
1812	383	0.01563179
1812	227	0.01563056
1812	350	0.015589212
1812	265	0.015106439
1812	299	0.0149699375
1813	71	0.028332137
1813	44	0.025245495
1813	48	0.023778973
1813	719	0.023676286
1813	46	0.022302633
1813	225	0.022181269
1813	139	0.02115899
1813	784	0.020841977
1813	42	0.020280741
1813	103	0.019133223
1814	144	0.033568893
1814	103	0.03252532
1814	139	0.03227946
1814	719	0.031829298
1814	72	0.031556435
1814	381	0.031164356
1814	680	0.030990979
1814	29	0.030518396
1814	225	0.02966701
1814	224	0.029655
1815	201	0.023049325
1815	147	0.02133238
1815	784	0.02122021
1815	37	0.020317623
1815	35	0.020176452
1815	72	0.01982563
1815	662	0.019304708
1815	719	0.019184891
1815	144	0.017783066
1815	110	0.017547628
1816	555	0.055710018
1816	329	0.048549272
1816	189	0.036486235
1816	419	0.035531748
1816	1193	0.030632034
1816	961	0.027512042
1816	1113	0.027455471
1816	656	0.026855495
1816	230	0.024058742
1816	11	0.021220187
1817	775	0.047321174
1817	394	0.04554062
1817	134	0.04345202
1817	422	0.04293395
1817	612	0.041372575
1817	104	0.04120176
1817	865	0.03860531
1817	98	0.034432612
1817	769	0.032900684
1817	940	0.03164461
1818	75	0.020181598
1818	964	0.019938499
1818	785	0.017929224
1818	908	0.01729503
1818	784	0.017150642
1818	18	0.016916666
1818	529	0.01609545
1818	109	0.0155973425
1818	53	0.015248392
1818	74	0.015238527
1819	142	0.032304104
1819	286	0.032229576
1819	98	0.023255456
1819	320	0.020604732
1819	210	0.020191398
1819	352	0.019236792
1819	295	0.018555325
1819	1363	0.018389376
1819	875	0.017821157
1819	281	0.01759121
1820	429	0.059267066
1820	302	0.0529599
1820	264	0.038946036
1820	1048	0.032762483
1820	1359	0.031719886
1820	835	0.03127786
1820	998	0.03105796
1820	833	0.030363321
1820	845	0.030215101
1820	1288	0.030106273
1821	384	0.03205671
1821	437	0.026284873
1821	1492	0.02501857
1821	285	0.024511665
1821	904	0.02402037
1821	23	0.023098055
1821	369	0.022916237
1821	1002	0.022501418
1821	1393	0.022228122
1821	843	0.021793434
1822	48	0.03247304
1822	139	0.030684382
1822	47	0.02981232
1822	44	0.028995944
1822	222	0.027770111
1822	719	0.026983447
1822	383	0.026015462
1822	64	0.025593955
1822	69	0.025541857
1822	29	0.025371851
1823	23	0.027610838
1823	164	0.02626338
1823	908	0.025920533
1823	129	0.023199253
1823	61	0.023087902
1823	773	0.022581454
1823	216	0.022341887
1823	221	0.02103138
1823	75	0.020812366
1823	915	0.020797215
1824	640	0.019998265
1824	177	0.01998636
1824	923	0.019290335
1824	10	0.018251615
1824	899	0.016739964
1824	381	0.016704472
1824	103	0.016353788
1824	1343	0.016112056
1824	116	0.01591774
1824	124	0.015018527
1825	47	0.027860567
1825	10	0.027741395
1825	149	0.027355138
1825	166	0.025969714
1825	140	0.025678247
1825	58	0.025260944
1825	139	0.023877943
1825	226	0.022402951
1825	1113	0.021948881
1825	367	0.020563662
1826	45	0.020464445
1826	44	0.019725878
1826	784	0.019704299
1826	579	0.018645544
1826	225	0.018384025
1826	34	0.018043764
1826	224	0.017756116
1826	1381	0.017552549
1826	42	0.017459651
1826	48	0.016667476
1827	148	0.035360936
1827	157	0.031723056
1827	68	0.024551665
1827	33	0.022599375
1827	103	0.02210393
1827	43	0.019729495
1827	50	0.019082572
1827	48	0.018994683
1827	71	0.018486427
1827	44	0.018399531
1828	1575	0.0469483
1828	1562	0.043374628
1828	889	0.042167865
1828	1638	0.03503255
1828	1069	0.034778822
1828	65	0.034148924
1828	61	0.032481976
1828	752	0.031959914
1828	329	0.03130461
1828	1062	0.031044865
1829	345	0.028525125
1829	123	0.026570613
1829	94	0.024237717
1829	43	0.023638407
1829	243	0.023384374
1829	286	0.023074301
1829	326	0.022554964
1829	47	0.021956988
1829	23	0.021801148
1829	226	0.021684377
1830	164	0.027838636
1830	110	0.024555564
1830	72	0.0240098
1830	25	0.022139685
1830	216	0.020601088
1830	842	0.020454751
1830	50	0.020412128
1830	64	0.02036444
1830	784	0.019943118
1830	67	0.019756481
1831	68	0.024794562
1831	139	0.02355668
1831	66	0.02332156
1831	157	0.022575079
1831	148	0.02127544
1831	53	0.020910218
1831	151	0.020677123
1831	381	0.020645747
1831	175	0.01841674
1831	103	0.017886125
1832	477	0.04066469
1832	1615	0.035040308
1832	394	0.03106897
1832	1491	0.027889038
1832	1533	0.02706862
1832	859	0.024218066
1832	23	0.023741199
1832	866	0.023693074
1832	398	0.0228828
1832	940	0.021520074
1833	141	0.028967518
1833	378	0.027997479
1833	339	0.027429484
1833	325	0.027161501
1833	1225	0.02668584
1833	1624	0.02421069
1833	1598	0.024140535
1833	1405	0.023857448
1833	1577	0.023793932
1833	826	0.023474485
1834	895	0.028695492
1834	58	0.026218118
1834	970	0.025706965
1834	378	0.024795333
1834	345	0.021231053
1834	340	0.020112405
1834	26	0.020024551
1834	62	0.019337475
1834	92	0.019184368
1834	93	0.018818388
1835	24	0.0301881
1835	262	0.029579416
1835	339	0.029379677
1835	1191	0.026809564
1835	826	0.026731014
1835	750	0.025522746
1835	1405	0.025252987
1835	1189	0.023734836
1835	204	0.023537992
1835	115	0.022325855
1836	748	0.033184256
1836	1508	0.031538118
1836	1292	0.02667636
1836	1181	0.02615698
1836	1359	0.02600514
1836	1580	0.025887087
1836	1474	0.024361556
1836	1481	0.024130888
1836	1323	0.023702206
1836	524	0.02282624
1837	143	0.03700277
1837	219	0.036862094
1837	368	0.035107765
1837	365	0.03381375
1837	286	0.029767886
1837	94	0.029398575
1837	326	0.029013999
1837	346	0.02870914
1837	822	0.02807245
1837	1141	0.027371965
1838	360	0.025936527
1838	154	0.024081364
1838	198	0.018648528
1838	547	0.018598823
1838	635	0.018084308
1838	97	0.017357336
1838	152	0.016892558
1838	1348	0.016742863
1838	1444	0.016562764
1838	1404	0.015107344
1839	256	0.023159996
1839	311	0.02274746
1839	463	0.021989193
1839	42	0.021719968
1839	141	0.020953704
1839	44	0.019946722
1839	88	0.01975097
1839	286	0.019079072
1839	202	0.01891145
1839	1023	0.018041033
1840	1340	0.032873113
1840	432	0.032275558
1840	1205	0.030780964
1840	908	0.029120013
1840	904	0.029095724
1840	434	0.02905448
1840	245	0.028170679
1840	19	0.027365344
1840	851	0.026487017
1840	172	0.02639135
1841	1088	0.025351085
1841	426	0.025099533
1841	1159	0.02505083
1841	633	0.02431525
1841	1495	0.023893047
1841	1140	0.02256416
1841	334	0.022442145
1841	1508	0.02241812
1841	1197	0.02221422
1841	1580	0.022182483
1842	371	0.05172806
1842	379	0.04040945
1842	249	0.038210575
1842	1474	0.02812826
1842	237	0.026849354
1842	1178	0.025912886
1842	825	0.02485321
1842	1292	0.024095615
1842	1481	0.023672845
1842	345	0.023669237
1843	625	0.029492782
1843	803	0.027630026
1843	344	0.025224548
1843	58	0.024934204
1843	286	0.024251442
1843	433	0.024132093
1843	10	0.023517676
1843	115	0.021036938
1843	318	0.020601165
1843	379	0.020375423
1844	325	0.03002427
1844	783	0.029601
1844	1129	0.028227286
1844	775	0.0282052
1844	389	0.028006919
1844	422	0.027264597
1844	134	0.026789878
1844	394	0.026296332
1844	868	0.025088735
1844	612	0.024821054
1845	148	0.03129493
1845	151	0.02578536
1845	157	0.025502762
1845	1145	0.024558272
1845	1405	0.024553
1845	154	0.024080234
1845	1284	0.022842424
1845	716	0.022715949
1845	1378	0.022365011
1845	635	0.021933101
1846	216	0.0331985
1846	72	0.030066373
1846	25	0.029014276
1846	103	0.02883186
1846	68	0.026968211
1846	495	0.026397798
1846	53	0.025556605
1846	719	0.025328744
1846	144	0.024947792
1846	784	0.024687318
1847	752	0.03703269
1847	56	0.029082458
1847	981	0.026543606
1847	569	0.026059728
1847	14	0.022641927
1847	414	0.022189457
1847	1598	0.022084003
1847	889	0.020938842
1847	61	0.020854328
1847	257	0.020753095
1848	181	0.037653387
1848	317	0.029392103
1848	359	0.028356614
1848	482	0.027704958
1848	292	0.027196517
1848	406	0.026037892
1848	314	0.02583002
1848	763	0.02465934
1848	384	0.023180122
1848	1557	0.022199908
1849	68	0.032052014
1849	66	0.031405635
1849	151	0.031363208
1849	157	0.03135993
1849	381	0.029744938
1849	72	0.02907516
1849	139	0.028640738
1849	103	0.028056478
1849	48	0.027810635
1849	70	0.026455788
1850	221	0.051071275
1850	204	0.04887341
1850	811	0.042009708
1850	569	0.036372345
1850	1136	0.025927763
1850	260	0.024189243
1850	1386	0.022838825
1850	74	0.02227792
1850	1338	0.019764286
1850	812	0.019573037
1851	209	0.04032178
1851	1188	0.038431183
1851	452	0.037934016
1851	59	0.0347562
1851	1135	0.031923853
1851	769	0.028765118
1851	62	0.026178593
1851	333	0.025586346
1851	407	0.025177693
1851	612	0.0247216
1852	196	0.024231426
1852	314	0.023535507
1852	164	0.022267712
1852	74	0.021313874
1852	648	0.01929811
1852	555	0.017510064
1852	359	0.017451953
1852	123	0.017349103
1852	400	0.017108226
1852	87	0.017017316
1853	256	0.030017832
1853	34	0.024842879
1853	31	0.023911864
1853	67	0.02261907
1853	441	0.022310594
1853	579	0.021558715
1853	72	0.018658282
1853	29	0.018465977
1853	443	0.018076459
1853	40	0.017755982
1854	151	0.037077513
1854	157	0.036407497
1854	66	0.03638545
1854	68	0.032273278
1854	103	0.032251175
1854	381	0.030265857
1854	53	0.026019678
1854	25	0.023756303
1854	48	0.023159994
1854	72	0.020830411
1855	115	0.035111915
1855	306	0.032616492
1855	378	0.027940437
1855	82	0.023662731
1855	1404	0.022285828
1855	970	0.021071818
1855	181	0.020654269
1855	132	0.020652877
1855	482	0.020285917
1855	168	0.020221742
1856	379	0.03440786
1856	132	0.032050405
1856	1002	0.031563595
1856	345	0.0301622
1856	94	0.028909268
1856	123	0.026458487
1856	384	0.025384754
1856	437	0.025003616
1856	149	0.024026137
1856	58	0.023632353
1857	323	0.07254957
1857	365	0.06198921
1857	874	0.054209426
1857	1201	0.047359176
1857	994	0.04553859
1857	700	0.044267256
1857	872	0.04242263
1857	507	0.040358365
1857	996	0.038574874
1857	995	0.037776876
1858	678	0.024130723
1858	79	0.02155048
1858	756	0.019454593
1858	250	0.018914083
1858	198	0.017180828
1858	139	0.01703127
1858	437	0.016280351
1858	81	0.015379636
1858	0	0.0153757
1858	103	0.015049485
1859	216	0.037038986
1859	414	0.031600382
1859	110	0.030558746
1859	477	0.030433014
1859	221	0.029940689
1859	92	0.028520154
1859	200	0.02781769
1859	74	0.026019065
1859	129	0.0257826
1859	164	0.025324106
1860	323	0.026113594
1860	66	0.023746641
1860	139	0.023224825
1860	157	0.02308687
1860	148	0.02249173
1860	219	0.02167831
1860	368	0.02098681
1860	71	0.020317616
1860	151	0.018888151
1860	365	0.018619588
1861	42	0.029732902
1861	97	0.027255414
1861	44	0.027164554
1861	151	0.026186304
1861	458	0.026045987
1861	1358	0.024494607
1861	1320	0.021855457
1861	727	0.020327134
1861	567	0.020159407
1861	157	0.019832755
1862	326	0.029136593
1862	286	0.025890185
1862	152	0.025025267
1862	243	0.023520293
1862	139	0.022120565
1862	175	0.02201858
1862	10	0.02045602
1862	1265	0.02036635
1862	373	0.020306781
1862	774	0.017857568
1863	23	0.02391499
1863	56	0.018216534
1863	965	0.017886592
1863	658	0.01726883
1863	784	0.016924141
1863	50	0.016834695
1863	43	0.016257172
1863	164	0.016180843
1863	72	0.016168678
1863	113	0.015703047
1864	34	0.02001499
1864	163	0.01921743
1864	31	0.017697278
1864	656	0.017546115
1864	313	0.016148144
1864	139	0.014875924
1864	594	0.014519954
1864	91	0.014390008
1864	756	0.014124676
1864	576	0.013966745
1865	1193	0.04172777
1865	15	0.039899375
1865	121	0.039865356
1865	22	0.0357658
1865	119	0.03463219
1865	257	0.034368813
1865	21	0.03309678
1865	113	0.03295586
1865	1343	0.03224147
1865	1390	0.030491449
1866	141	0.031233765
1866	934	0.029973656
1866	981	0.024771795
1866	1525	0.024023158
1866	899	0.021947559
1866	388	0.02153055
1866	1598	0.02130548
1866	1247	0.020442022
1866	763	0.018800445
1866	1028	0.0181548
1867	1352	0.035207987
1867	465	0.02664798
1867	202	0.02582165
1867	750	0.02529428
1867	1105	0.025007332
1867	673	0.024749817
1867	1404	0.024374224
1867	868	0.02350264
1867	839	0.021706128
1867	204	0.021065705
1868	477	0.025147658
1868	1615	0.024971789
1868	52	0.024951534
1868	204	0.024130682
1868	92	0.02334278
1868	1491	0.022869764
1868	948	0.020794062
1868	110	0.01957737
1868	414	0.019565944
1868	569	0.018350309
1869	196	0.028354852
1869	88	0.02437492
1869	129	0.023051925
1869	74	0.022635704
1869	1082	0.02245898
1869	648	0.021065991
1869	68	0.020475062
1869	36	0.020394003
1869	47	0.019784871
1869	1064	0.019133823
1870	139	0.035006862
1870	53	0.034365606
1870	47	0.033384934
1870	25	0.03267498
1870	36	0.03218145
1870	72	0.031837318
1870	719	0.031694453
1870	164	0.031592958
1870	222	0.031127786
1870	247	0.030011375
1871	121	0.02005154
1871	22	0.019856649
1871	17	0.019268962
1871	414	0.017617306
1871	915	0.017185537
1871	652	0.01701201
1871	740	0.016187549
1871	985	0.015960267
1871	432	0.015800739
1871	138	0.015411443
1872	257	0.027646402
1872	9	0.02138248
1872	280	0.020621473
1872	344	0.019033557
1872	387	0.018967235
1872	958	0.018926302
1872	1114	0.018394835
1872	467	0.018355317
1872	194	0.018057613
1872	2	0.017831232
1873	127	0.05178649
1873	45	0.045532692
1873	108	0.043928575
1873	95	0.036365338
1873	1004	0.03375579
1873	802	0.03310426
1873	810	0.030849682
1873	1119	0.02745114
1873	750	0.022745868
1873	109	0.021238605
1874	909	0.02950207
1874	209	0.02670839
1874	1	0.026594609
1874	964	0.02600526
1874	408	0.024358759
1874	181	0.02407713
1874	359	0.023994748
1874	317	0.023323614
1874	914	0.021337109
1874	913	0.02029449
1875	333	0.025845451
1875	269	0.020388566
1875	379	0.020163663
1875	321	0.019839782
1875	256	0.018879902
1875	43	0.018665448
1875	123	0.018152345
1875	287	0.017656079
1875	303	0.01752327
1875	372	0.017472994
1876	1193	0.029547095
1876	126	0.025191847
1876	7	0.025053676
1876	74	0.024836276
1876	15	0.02390839
1876	410	0.023409314
1876	129	0.022637986
1876	121	0.022525487
1876	118	0.022284893
1876	11	0.02188871
1877	114	0.033819873
1877	379	0.031177286
1877	1003	0.028148249
1877	909	0.027795691
1877	177	0.026425328
1877	314	0.025114188
1877	835	0.024717517
1877	194	0.02361887
1877	20	0.022806926
1877	19	0.022280037
1878	612	0.04815269
1878	104	0.047845528
1878	394	0.045782737
1878	769	0.04266851
1878	865	0.042254303
1878	398	0.04070974
1878	98	0.03766638
1878	849	0.035442963
1878	940	0.03201829
1878	1188	0.030761752
1879	648	0.028886877
1879	1517	0.025608938
1879	92	0.025310721
1879	477	0.024296602
1879	269	0.023185223
1879	168	0.020888373
1879	164	0.020657785
1879	204	0.020373037
1879	141	0.020288218
1879	123	0.019164747
1880	8	0.038804345
1880	1205	0.02971969
1880	1209	0.027923463
1880	10	0.02710355
1880	347	0.026952585
1880	350	0.025369193
1880	53	0.024995655
1880	741	0.024591226
1880	785	0.024551954
1880	571	0.024540275
1881	151	0.042252347
1881	103	0.03180636
1881	256	0.021869982
1881	48	0.020498704
1881	71	0.020486774
1881	139	0.018975597
1881	225	0.017587965
1881	381	0.017371759
1881	44	0.016252318
1881	70	0.016047543
1882	389	0.019041691
1882	364	0.018643329
1882	822	0.018612638
1882	225	0.01827598
1882	323	0.016873877
1882	219	0.016867645
1882	340	0.016685007
1882	856	0.016361957
1882	50	0.016045827
1882	58	0.015210931
1883	988	0.031744964
1883	1354	0.026376326
1883	1080	0.024935205
1883	923	0.024248853
1883	602	0.02383041
1883	1320	0.023449907
1883	1266	0.023003621
1883	63	0.02208245
1883	686	0.021528149
1883	1530	0.02136929
1884	862	0.039083548
1884	59	0.031891182
1884	333	0.028996894
1884	202	0.027739901
1884	303	0.025529828
1884	348	0.025408396
1884	463	0.023736194
1884	213	0.023430942
1884	108	0.022819124
1884	1175	0.022466794
1885	283	0.030718537
1885	142	0.029706614
1885	256	0.027345918
1885	363	0.027273053
1885	385	0.025611585
1885	94	0.023967015
1885	318	0.023294881
1885	287	0.022646982
1885	59	0.022145731
1885	345	0.02188808
1886	1193	0.029789774
1886	1064	0.028651701
1886	400	0.026498493
1886	196	0.02629231
1886	1082	0.026227161
1886	406	0.024555774
1886	909	0.022537224
1886	314	0.021751456
1886	181	0.02163198
1886	292	0.020839786
1887	151	0.04199118
1887	103	0.030813582
1887	68	0.02658994
1887	71	0.020329233
1887	48	0.019831926
1887	44	0.01953754
1887	381	0.018349815
1887	42	0.016638307
1887	273	0.015778396
1887	53	0.015706705
1888	19	0.03364442
1888	20	0.03347206
1888	8	0.031327493
1888	885	0.03082227
1888	124	0.028941946
1888	7	0.027220178
1888	1007	0.026950233
1888	177	0.026658125
1888	1204	0.026282778
1888	22	0.025832439
1889	463	0.028930118
1889	256	0.027797349
1889	58	0.023232853
1889	408	0.023193343
1889	774	0.022458661
1889	94	0.022043904
1889	62	0.02143377
1889	142	0.020341605
1889	201	0.01974878
1889	33	0.019650098
1890	286	0.046585914
1890	318	0.029660165
1890	334	0.029213242
1890	88	0.027377727
1890	290	0.026275307
1890	283	0.024975203
1890	162	0.024913486
1890	36	0.024898684
1890	232	0.023093032
1890	243	0.022717603
1891	1197	0.040454876
1891	426	0.0403509
1891	1561	0.0349865
1891	1088	0.03472485
1891	82	0.033321388
1891	560	0.03303758
1891	1577	0.03193479
1891	1508	0.030952016
1891	1114	0.02827775
1891	1267	0.028067596
1892	31	0.03630873
1892	579	0.03602482
1892	441	0.028661104
1892	256	0.025660088
1892	443	0.024394585
1892	445	0.024051812
1892	447	0.022070361
1892	446	0.020826252
1892	799	0.020757753
1892	444	0.02017227
1893	1557	0.04229309
1893	1053	0.03996838
1893	945	0.0344571
1893	1556	0.033537533
1893	342	0.03295458
1893	1345	0.03291064
1893	834	0.032877874
1893	1264	0.032865558
1893	1555	0.031937502
1893	1245	0.031482983
1894	74	0.024709601
1894	769	0.024620261
1894	453	0.023810131
1894	783	0.02252497
1894	1023	0.022000195
1894	394	0.02195427
1894	1003	0.021758718
1894	868	0.020272441
1894	612	0.02004377
1894	209	0.019326536
1895	326	0.04804857
1895	94	0.036390137
1895	290	0.031385146
1895	283	0.026002198
1895	143	0.025319565
1895	232	0.023416506
1895	384	0.023227992
1895	343	0.022845773
1895	281	0.021661215
1895	363	0.02121069
1896	66	0.023644574
1896	547	0.022611983
1896	148	0.021048056
1896	273	0.020344753
1896	359	0.01880067
1896	194	0.018729486
1896	482	0.018099774
1896	139	0.017856084
1896	151	0.017687103
1896	463	0.017574241
1897	334	0.032258105
1897	123	0.031486105
1897	377	0.0228558
1897	339	0.022568094
1897	378	0.02215886
1897	318	0.02150994
1897	379	0.021251455
1897	437	0.019432705
1897	1174	0.019387072
1897	14	0.018557196
1898	55	0.03607668
1898	92	0.032384656
1898	235	0.02930339
1898	1557	0.028045122
1898	1556	0.027778454
1898	1072	0.022430299
1898	386	0.01924183
1898	480	0.018672066
1898	329	0.01807344
1898	431	0.018008197
1899	58	0.034448948
1899	402	0.029641602
1899	127	0.024106592
1899	94	0.02368872
1899	36	0.02278709
1899	59	0.020714818
1899	256	0.020658644
1899	279	0.020129554
1899	89	0.019440472
1899	286	0.019150155
1900	216	0.05250127
1900	221	0.047426306
1900	569	0.03383591
1900	74	0.027514137
1900	1136	0.026570035
1900	259	0.02386793
1900	218	0.023634475
1900	1241	0.02274467
1900	784	0.021481255
1900	121	0.021059021
1901	153	0.02907405
1901	229	0.025466464
1901	376	0.023407353
1901	774	0.023259453
1901	94	0.02281296
1901	318	0.022160333
1901	157	0.021226045
1901	277	0.02056434
1901	232	0.019478459
1901	954	0.018923713
1902	344	0.028073674
1902	68	0.026073042
1902	36	0.022211205
1902	47	0.021106893
1902	74	0.020557387
1902	70	0.020441141
1902	0	0.019474005
1902	48	0.019473346
1902	108	0.018916512
1902	185	0.018912595
1903	29	0.021798031
1903	247	0.020183358
1903	487	0.019424621
1903	25	0.019261401
1903	48	0.019202573
1903	116	0.01863318
1903	66	0.018526163
1903	223	0.018281136
1903	491	0.01800947
1903	1304	0.017819816
1904	785	0.050454244
1904	409	0.046839114
1904	738	0.042634673
1904	1517	0.03278959
1904	432	0.03129659
1904	1117	0.028468307
1904	915	0.027238727
1904	417	0.026997063
1904	350	0.025742441
1904	1064	0.024722813
1905	993	0.020869482
1905	817	0.019956982
1905	1154	0.01995221
1905	250	0.01861131
1905	1157	0.018311877
1905	668	0.017316457
1905	627	0.017268997
1905	793	0.017079124
1905	428	0.016909262
1905	253	0.01578244
1906	88	0.034000345
1906	474	0.03274458
1906	375	0.032607518
1906	1589	0.030850967
1906	1442	0.030752333
1906	400	0.030070007
1906	1178	0.02898487
1906	1260	0.0288896
1906	1177	0.027907414
1906	1481	0.026939776
1907	345	0.02570065
1907	226	0.022187728
1907	58	0.02090542
1907	831	0.020783834
1907	1067	0.018987326
1907	379	0.018131046
1907	982	0.017930787
1907	409	0.017788023
1907	95	0.01764984
1907	800	0.017085293
1908	422	0.05610817
1908	612	0.05453142
1908	104	0.050873324
1908	769	0.050081078
1908	865	0.044614263
1908	884	0.038512193
1908	98	0.037152268
1908	940	0.03595488
1908	1188	0.03567528
1908	452	0.03496876
1909	351	0.01913135
1909	271	0.0190442
1909	132	0.018623654
1909	243	0.018244326
1909	773	0.01764677
1909	1269	0.017624285
1909	128	0.017552039
1909	164	0.017305909
1909	350	0.016928028
1909	908	0.016603937
1910	181	0.068063006
1910	359	0.0648869
1910	909	0.06294917
1910	400	0.05951515
1910	194	0.054498076
1910	1260	0.048060775
1910	209	0.038953453
1910	408	0.032612637
1910	73	0.02816561
1910	910	0.02769235
1911	66	0.03010784
1911	877	0.02768154
1911	157	0.022666063
1911	36	0.021600256
1911	103	0.021238694
1911	151	0.02071928
1911	68	0.020140074
1911	71	0.019973423
1911	139	0.01847445
1911	383	0.017978169
1912	326	0.03326484
1912	142	0.027290411
1912	1032	0.026516609
1912	232	0.023093423
1912	1159	0.022321392
1912	625	0.022236248
1912	735	0.021684347
1912	774	0.020389147
1912	94	0.02026159
1912	677	0.019255035
1913	1209	0.02194287
1913	854	0.021861656
1913	937	0.01851229
1913	385	0.018385923
1913	706	0.018300848
1913	777	0.017763563
1913	1219	0.017310519
1913	56	0.0172947
1913	123	0.017057743
1913	1110	0.016874902
1914	79	0.02922606
1914	945	0.028488552
1914	198	0.0264096
1914	408	0.023767373
1914	81	0.023469293
1914	238	0.021903353
1914	601	0.020925436
1914	2	0.020832539
1914	104	0.020407753
1914	394	0.019791696
1915	306	0.031355213
1915	358	0.02979099
1915	274	0.029471096
1915	970	0.028486582
1915	337	0.026922798
1915	378	0.023587251
1915	330	0.023408506
1915	331	0.022352312
1915	163	0.018051615
1915	318	0.017524261
1916	1219	0.028622324
1916	403	0.027694246
1916	649	0.022473197
1916	662	0.021344582
1916	404	0.020913264
1916	459	0.02005809
1916	460	0.018956728
1916	641	0.018388422
1916	1244	0.01799673
1916	1437	0.017974779
1917	164	0.024440937
1917	344	0.023852693
1917	306	0.023059048
1917	379	0.022571733
1917	166	0.022454878
1917	58	0.021652674
1917	437	0.02130428
1917	141	0.020945
1917	329	0.02070436
1917	54	0.020139445
1918	37	0.02090006
1918	163	0.018406613
1918	464	0.017562337
1918	35	0.016657796
1918	883	0.01567648
1918	750	0.014549519
1918	162	0.014349906
1918	1517	0.014041392
1918	269	0.013613953
1918	256	0.0135643715
1919	1175	0.018434575
1919	768	0.018409139
1919	1028	0.018131886
1919	1156	0.01811395
1919	1098	0.017762495
1919	806	0.017723328
1919	451	0.017135644
1919	956	0.016432203
1919	905	0.016234996
1919	800	0.016211476
1920	103	0.039178547
1920	48	0.038903195
1920	139	0.03583496
1920	381	0.035715643
1920	0	0.035436817
1920	719	0.03411672
1920	59	0.032770693
1920	71	0.0323376
1920	680	0.0319366
1920	72	0.0317516
1921	200	0.02851524
1921	221	0.025756575
1921	216	0.025492586
1921	1136	0.018757867
1921	569	0.016624596
1921	204	0.016277311
1921	598	0.01607057
1921	811	0.015685814
1921	756	0.015630472
1921	259	0.015522796
1922	482	0.040950835
1922	359	0.040726483
1922	406	0.040482394
1922	909	0.037157774
1922	194	0.03525989
1922	400	0.03472109
1922	317	0.03248076
1922	292	0.03123783
1922	209	0.029434215
1922	1260	0.028038792
1923	66	0.019183384
1923	148	0.017953852
1923	226	0.016242594
1923	151	0.015280647
1923	648	0.015150702
1923	53	0.015012869
1923	175	0.014724251
1923	36	0.014695183
1923	252	0.014553875
1923	2	0.014318164
1924	442	0.035703383
1924	446	0.03286734
1924	799	0.032309946
1924	447	0.030661715
1924	444	0.030005427
1924	440	0.029583745
1924	445	0.029124668
1924	494	0.029124493
1924	438	0.027033174
1924	767	0.02651265
1925	258	0.027574088
1925	257	0.027032528
1925	75	0.020940473
1925	329	0.020253843
1925	401	0.02016601
1925	1348	0.019829623
1925	564	0.019499905
1925	37	0.018921325
1925	993	0.018793477
1925	387	0.017715443
1926	1120	0.023589455
1926	408	0.023452222
1926	152	0.023068817
1926	322	0.022981806
1926	81	0.022885267
1926	562	0.022500327
1926	637	0.022180336
1926	465	0.021762688
1926	987	0.021755125
1926	107	0.021454608
1927	162	0.018520588
1927	807	0.017844817
1927	1052	0.017428653
1927	815	0.01726825
1927	329	0.01721237
1927	735	0.016617088
1927	1163	0.016057601
1927	266	0.0159662
1927	481	0.015532815
1927	506	0.01529984
1928	243	0.025703326
1928	359	0.025157653
1928	622	0.024450544
1928	343	0.023380978
1928	1381	0.023182757
1928	294	0.023108708
1928	314	0.022987043
1928	317	0.02287236
1928	400	0.022688268
1928	373	0.022499304
1929	121	0.03825246
1929	811	0.03178661
1929	74	0.030199531
1929	2	0.029307103
1929	432	0.027938263
1929	137	0.027564602
1929	113	0.026027387
1929	414	0.025935985
1929	362	0.024891667
1929	7	0.024744092
1930	465	0.03273895
1930	853	0.031107564
1930	324	0.025307126
1930	78	0.02496734
1930	1210	0.024678819
1930	831	0.02454811
1930	1433	0.022644872
1930	238	0.022237936
1930	12	0.022030087
1930	154	0.021080093
1931	1193	0.027733512
1931	641	0.021993464
1931	962	0.020008087
1931	201	0.019939674
1931	885	0.019224392
1931	118	0.019008206
1931	199	0.018154906
1931	1188	0.017917788
1931	21	0.01786213
1931	410	0.017109307
1932	209	0.04386473
1932	408	0.04071707
1932	453	0.03954327
1932	884	0.035575185
1932	859	0.035043348
1932	612	0.034611866
1932	398	0.033067793
1932	865	0.03281317
1932	104	0.032383822
1932	394	0.032039527
1933	775	0.040996403
1933	865	0.039985735
1933	398	0.038785864
1933	134	0.038378283
1933	1188	0.035291683
1933	452	0.03500956
1933	98	0.034465194
1933	209	0.031083707
1933	453	0.03026256
1933	1135	0.030034984
1934	363	0.022585163
1934	352	0.021755189
1934	989	0.020211978
1934	279	0.020075066
1934	94	0.019441538
1934	1113	0.017980376
1934	58	0.017970704
1934	75	0.01772917
1934	64	0.017552402
1934	111	0.017336342
1935	72	0.03783414
1935	105	0.035618767
1935	25	0.035590947
1935	53	0.035518188
1935	139	0.035291314
1935	103	0.034064624
1935	29	0.033638567
1935	221	0.032963775
1935	164	0.03235145
1935	48	0.03160797
1936	372	0.019179953
1936	385	0.018886473
1936	1137	0.018202102
1936	329	0.017788958
1936	195	0.01754943
1936	269	0.017487645
1936	267	0.0168454
1936	271	0.016660443
1936	62	0.015365106
1936	51	0.015307516
1937	982	0.023887241
1937	231	0.023206525
1937	132	0.022295812
1937	1347	0.02050015
1937	102	0.020313403
1937	570	0.02011014
1937	801	0.018872226
1937	1359	0.018798325
1937	774	0.018798258
1937	229	0.018758474
1938	394	0.029768353
1938	612	0.028722737
1938	503	0.026655706
1938	1419	0.025802622
1938	865	0.025780002
1938	775	0.024792647
1938	783	0.024592694
1938	377	0.023005372
1938	945	0.021752035
1938	422	0.02158601
1939	105	0.027511755
1939	56	0.026746526
1939	72	0.024936553
1939	18	0.023612453
1939	144	0.023262644
1939	889	0.02241698
1939	719	0.02229563
1939	221	0.021952312
1939	381	0.020540124
1939	247	0.020374333
1940	147	0.03844634
1940	414	0.027464978
1940	216	0.026236149
1940	204	0.023923727
1940	108	0.023430636
1940	878	0.019426024
1940	569	0.019425482
1940	802	0.01894569
1940	269	0.017116018
1940	201	0.016830407
1941	983	0.03178553
1941	835	0.03162631
1941	124	0.030289086
1941	487	0.029100312
1941	53	0.028522685
1941	833	0.027294744
1941	964	0.026237804
1941	1358	0.026040828
1941	18	0.024560658
1941	1303	0.023300787
1942	88	0.027517626
1942	334	0.026267009
1942	286	0.025373645
1942	48	0.024010183
1942	474	0.022061365
1942	256	0.021307182
1942	132	0.020643972
1942	153	0.02028988
1942	36	0.019923832
1942	1420	0.019521838
1943	68	0.039934
1943	42	0.037424006
1943	103	0.03684641
1943	222	0.03652626
1943	66	0.036070745
1943	719	0.035334013
1943	487	0.034023017
1943	72	0.033888448
1943	25	0.03385586
1943	225	0.03358703
1944	286	0.04582618
1944	142	0.034691628
1944	10	0.02698711
1944	232	0.025839737
1944	283	0.025558053
1944	1002	0.023314158
1944	356	0.022890382
1944	841	0.022746671
1944	290	0.022120332
1944	85	0.020193309
1945	36	0.02828423
1945	151	0.026213873
1945	256	0.025700528
1945	91	0.023766542
1945	67	0.02242085
1945	68	0.022039114
1945	72	0.021889478
1945	48	0.02171569
1945	139	0.02154995
1945	44	0.021354174
1946	937	0.03664199
1946	259	0.03440028
1946	55	0.03399237
1946	1055	0.033632405
1946	58	0.03248139
1946	477	0.03208734
1946	23	0.029595615
1946	1364	0.029339584
1946	285	0.028631683
1946	123	0.028525833
1947	806	0.025239158
1947	402	0.021970414
1947	127	0.02180484
1947	692	0.021311585
1947	52	0.018538233
1947	1004	0.018379595
1947	387	0.017919274
1947	198	0.01758719
1947	100	0.01747704
1947	778	0.017362569
1948	45	0.029997624
1948	256	0.029161943
1948	201	0.02429244
1948	62	0.023960926
1948	40	0.023536963
1948	109	0.022807227
1948	287	0.02272012
1948	784	0.022597468
1948	127	0.022225445
1948	402	0.02171458
1949	68	0.031554874
1949	784	0.030901693
1949	71	0.029659487
1949	144	0.029628003
1949	381	0.028386187
1949	0	0.028363874
1949	25	0.027339933
1949	70	0.027066259
1949	547	0.026627822
1949	59	0.026594833
1950	88	0.038101725
1950	62	0.02551951
1950	98	0.02268703
1950	311	0.021540422
1950	287	0.02152433
1950	277	0.020041844
1950	1163	0.019716486
1950	844	0.019203369
1950	542	0.017575074
1950	1129	0.017509598
1951	23	0.0624719
1951	1491	0.057661835
1951	1435	0.0469205
1951	117	0.044048086
1951	28	0.040134348
1951	1371	0.030188877
1951	1557	0.026444897
1951	1000	0.025707508
1951	616	0.023219036
1951	19	0.023085296
1952	296	0.03394413
1952	132	0.022427872
1952	886	0.022172876
1952	1054	0.02022931
1952	10	0.019405322
1952	175	0.018281255
1952	97	0.017867908
1952	1505	0.017829048
1952	888	0.017794687
1952	470	0.017373571
1953	243	0.024472596
1953	773	0.022864906
1953	111	0.022837872
1953	1266	0.02283166
1953	1472	0.022454249
1953	424	0.02241203
1953	10	0.02175413
1953	9	0.020956218
1953	117	0.019748267
1953	318	0.019232564
1954	956	0.02662002
1954	37	0.025566414
1954	91	0.025210992
1954	821	0.020990402
1954	464	0.020778453
1954	358	0.020439334
1954	337	0.020265881
1954	72	0.020256031
1954	40	0.020186568
1954	1512	0.019526681
1955	317	0.04278397
1955	314	0.042092588
1955	181	0.039055333
1955	298	0.038629036
1955	343	0.03772107
1955	143	0.033691622
1955	406	0.03331095
1955	909	0.03190719
1955	400	0.031081045
1955	326	0.030882621
1956	306	0.039445437
1956	333	0.02792963
1956	895	0.02501624
1956	58	0.024782721
1956	339	0.022985576
1956	379	0.02242939
1956	280	0.022379547
1956	287	0.02129224
1956	377	0.02089188
1956	1002	0.020638684
1957	151	0.0290824
1957	157	0.028289797
1957	48	0.02740797
1957	44	0.026634878
1957	88	0.026327433
1957	68	0.024508541
1957	36	0.02433773
1957	59	0.024282703
1957	71	0.02184564
1957	273	0.021245975
1958	1191	0.027470618
1958	115	0.021879543
1958	465	0.020235129
1958	344	0.019418135
1958	378	0.01865047
1958	503	0.018358257
1958	1023	0.018353092
1958	1437	0.017490586
1958	810	0.016626505
1958	325	0.016410291
1959	477	0.03548654
1959	92	0.033305362
1959	10	0.032466833
1959	1435	0.024011606
1959	345	0.021293767
1959	1082	0.019505559
1959	126	0.019492062
1959	123	0.018266032
1959	555	0.01806242
1959	888	0.017556671
1960	463	0.029589403
1960	648	0.028927075
1960	474	0.028280068
1960	36	0.026353927
1960	498	0.022847515
1960	72	0.020054746
1960	68	0.01974625
1960	464	0.018873874
1960	67	0.018836016
1960	148	0.018465795
1961	56	0.032787196
1961	92	0.025390929
1961	889	0.024203077
1961	1079	0.024115825
1961	235	0.0236429
1961	1562	0.02208278
1961	763	0.021835571
1961	1585	0.021404928
1961	1055	0.021368258
1961	477	0.021249887
1962	254	0.030046625
1962	1018	0.02813909
1962	8	0.02671118
1962	52	0.026265478
1962	186	0.025542367
1962	657	0.024804208
1962	983	0.024158487
1962	207	0.023562863
1962	419	0.021545578
1962	529	0.02020436
1963	381	0.029505497
1963	71	0.025350297
1963	103	0.024520004
1963	225	0.024487812
1963	0	0.024128705
1963	68	0.023728773
1963	144	0.022574097
1963	139	0.020194601
1963	70	0.020152926
1963	59	0.019961301
1964	81	0.038556334
1964	97	0.029489694
1964	168	0.027958933
1964	78	0.027027052
1964	470	0.025981892
1964	84	0.022880908
1964	625	0.022492165
1964	79	0.021492392
1964	1094	0.021242337
1964	226	0.01997377
1965	1449	0.03013179
1965	39	0.029146014
1965	556	0.029129216
1965	325	0.027659293
1965	666	0.02585572
1965	1612	0.024778752
1965	418	0.024383444
1965	1426	0.024149353
1965	396	0.023698637
1965	422	0.023619553
1966	148	0.04062251
1966	157	0.0392338
1966	48	0.029466433
1966	68	0.028064828
1966	44	0.02708211
1966	103	0.027080445
1966	202	0.02531552
1966	42	0.023396334
1966	139	0.023393495
1966	381	0.022253254
1967	110	0.022401439
1967	637	0.02069294
1967	66	0.01910093
1967	129	0.018253785
1967	1342	0.017318584
1967	136	0.016520523
1967	26	0.015421399
1967	1621	0.01541764
1967	1438	0.015233333
1967	19	0.015050593
1968	72	0.03434615
1968	25	0.03361243
1968	144	0.033052932
1968	71	0.033000473
1968	273	0.032999504
1968	29	0.03294206
1968	70	0.032495182
1968	139	0.032446705
1968	381	0.032337997
1968	719	0.032202125
1969	148	0.022530463
1969	157	0.02234105
1969	151	0.021296917
1969	389	0.019691287
1969	103	0.017802214
1969	868	0.017237952
1969	453	0.017090332
1969	68	0.017090308
1969	1309	0.016598258
1969	628	0.016205452
1970	888	0.024123684
1970	243	0.023539528
1970	379	0.023244653
1970	226	0.022822553
1970	94	0.02232378
1970	58	0.02227305
1970	895	0.02109482
1970	345	0.02082904
1970	330	0.020517709
1970	286	0.020345325
1971	21	0.044457186
1971	1193	0.03763563
1971	11	0.03154446
1971	410	0.023364216
1971	1130	0.02263398
1971	885	0.022184394
1971	1231	0.021492489
1971	125	0.02145857
1971	652	0.02119675
1971	769	0.02107405
1972	1450	0.024848912
1972	1145	0.024646593
1972	991	0.022380382
1972	250	0.019987494
1972	203	0.016972877
1972	1321	0.015496833
1972	81	0.0154877
1972	1391	0.015145513
1972	168	0.015066836
1972	151	0.015050412
1973	795	0.06660216
1973	1032	0.06446982
1973	1045	0.056724347
1973	1040	0.05603654
1973	514	0.053925335
1973	1379	0.0536856
1973	633	0.05363299
1973	1291	0.0507257
1973	1036	0.050613645
1973	549	0.049996514
1974	303	0.031235848
1974	291	0.030873626
1974	256	0.028589366
1974	59	0.027838558
1974	333	0.02386394
1974	372	0.022191342
1974	340	0.020923182
1974	348	0.016614627
1974	1519	0.016285084
1974	35	0.015411176
1975	273	0.035439134
1975	256	0.0287451
1975	175	0.028386984
1975	139	0.024970239
1975	47	0.024810994
1975	64	0.02441976
1975	68	0.024200054
1975	842	0.024116319
1975	79	0.024089549
1975	53	0.023804512
1976	66	0.037869923
1976	151	0.03331713
1976	148	0.032980632
1976	68	0.031835623
1976	59	0.030689191
1976	46	0.029582419
1976	273	0.0289323
1976	48	0.028882684
1976	53	0.028263286
1976	175	0.027991168
1977	1060	0.029029286
1977	269	0.026349189
1977	1518	0.021086983
1977	468	0.020401098
1977	33	0.019066842
1977	390	0.018562969
1977	123	0.017990498
1977	51	0.01725959
1977	271	0.01690128
1977	1133	0.015655687
1978	221	0.027910298
1978	179	0.021008717
1978	1132	0.020596411
1978	202	0.020499682
1978	381	0.01994483
1978	144	0.019906817
1978	3	0.01925726
1978	215	0.019228617
1978	495	0.018366212
1978	631	0.018245762
1979	151	0.034096427
1979	157	0.033708103
1979	139	0.031268127
1979	53	0.029294252
1979	70	0.025598587
1979	72	0.025156945
1979	225	0.02447672
1979	44	0.022936342
1979	47	0.022823775
1979	0	0.022005642
1980	676	0.03460713
1980	256	0.030192642
1980	59	0.029267674
1980	62	0.024097659
1980	108	0.022495393
1980	464	0.02202336
1980	381	0.021833181
1980	640	0.020609155
1980	129	0.020011317
1980	71	0.018849833
1981	152	0.030591112
1981	198	0.030290307
1981	180	0.029206557
1981	987	0.029086947
1981	264	0.026757076
1981	993	0.026267957
1981	425	0.025892831
1981	435	0.024099074
1981	1271	0.023390342
1981	975	0.023052702
1982	391	0.03401235
1982	397	0.026475567
1982	91	0.025714358
1982	274	0.025460796
1982	394	0.024673551
1982	730	0.022649208
1982	775	0.022546671
1982	783	0.021662446
1982	310	0.02090701
1982	422	0.019323222
1983	783	0.034696847
1983	422	0.029479856
1983	104	0.029097673
1983	108	0.025829459
1983	769	0.025767403
1983	784	0.025214525
1983	134	0.02436847
1983	127	0.023896547
1983	129	0.0230331
1983	806	0.022899207
1984	23	0.03091838
1984	92	0.02763254
1984	117	0.024040164
1984	1110	0.020376902
1984	59	0.020364366
1984	1435	0.019440854
1984	105	0.018181993
1984	33	0.017947732
1984	46	0.01788436
1984	379	0.01610156
1985	714	0.03836571
1985	1392	0.03425719
1985	1547	0.03189761
1985	429	0.028048623
1985	117	0.027977837
1985	982	0.025734494
1985	226	0.02393464
1985	302	0.022046488
1985	1339	0.021618657
1985	326	0.02139719
1986	303	0.028103549
1986	822	0.023561062
1986	681	0.022233425
1986	219	0.022085425
1986	323	0.021572987
1986	201	0.019987727
1986	88	0.019869799
1986	268	0.019705348
1986	1201	0.019703407
1986	476	0.01901925
1987	46	0.02198296
1987	47	0.02192782
1987	163	0.021777162
1987	175	0.020879095
1987	144	0.020195995
1987	139	0.019986937
1987	540	0.01967047
1987	621	0.019345395
1987	105	0.019154042
1987	491	0.018398851
1988	118	0.030685274
1988	225	0.027864335
1988	129	0.02081716
1988	769	0.020321501
1988	650	0.019982342
1988	612	0.019516699
1988	463	0.019224728
1988	75	0.018937044
1988	783	0.018532269
1988	256	0.01804907
1989	216	0.048129033
1989	200	0.044526633
1989	23	0.03716329
1989	92	0.029693382
1989	569	0.02953657
1989	1136	0.028414313
1989	117	0.02402669
1989	121	0.022855965
1989	1615	0.021938384
1989	1435	0.021402853
1990	495	0.022871735
1990	221	0.022597207
1990	1512	0.022501724
1990	172	0.020258449
1990	1510	0.019152233
1990	860	0.018911585
1990	183	0.018800935
1990	1132	0.018798731
1990	105	0.01873712
1990	144	0.018457867
1991	267	0.021579374
1991	35	0.020376932
1991	464	0.020110026
1991	274	0.019736199
1991	1325	0.019685619
1991	992	0.019270197
1991	67	0.019194655
1991	614	0.018624855
1991	821	0.017082954
1991	432	0.01645476
1992	221	0.017117636
1992	48	0.016549043
1992	72	0.015620378
1992	40	0.0143360365
1992	105	0.014295157
1992	139	0.014165606
1992	594	0.014139007
1992	147	0.01393211
1992	414	0.013681601
1992	788	0.013205155
1993	769	0.03991415
1993	104	0.039806873
1993	783	0.03896838
1993	394	0.03747839
1993	775	0.03701885
1993	422	0.036051042
1993	612	0.034313936
1993	865	0.03341813
1993	398	0.030841414
1993	1188	0.029807419
1994	379	0.03371011
1994	345	0.030942833
1994	54	0.021732433
1994	58	0.020752529
1994	132	0.020581836
1994	1002	0.02029606
1994	450	0.020038921
1994	334	0.018910278
1994	484	0.01885799
1994	117	0.01850917
1995	66	0.035131007
1995	326	0.031521432
1995	373	0.030474897
1995	151	0.029386146
1995	1265	0.024907408
1995	103	0.022565292
1995	139	0.022285126
1995	48	0.020962756
1995	142	0.020906603
1995	232	0.020188402
1996	432	0.04279643
1996	177	0.033919867
1996	773	0.030594224
1996	245	0.029611781
1996	409	0.02915406
1996	993	0.025041405
1996	111	0.023437057
1996	924	0.022792378
1996	230	0.022621946
1996	1340	0.022101248
1997	130	0.027163995
1997	167	0.025683949
1997	1495	0.024814581
1997	371	0.024311287
1997	359	0.020369818
1997	379	0.01990332
1997	36	0.019706266
1997	145	0.019043557
1997	194	0.018919809
1997	626	0.018882778
1998	385	0.021317188
1998	62	0.020477109
1998	372	0.018287912
1998	303	0.017102547
1998	348	0.016531704
1998	937	0.01611559
1998	274	0.015886443
1998	1167	0.015254482
1998	155	0.014932916
1998	792	0.014924648
1999	447	0.03173138
1999	445	0.030762423
1999	441	0.027486358
1999	443	0.025204042
1999	67	0.022494463
1999	446	0.02234823
1999	151	0.021991896
1999	444	0.021771988
1999	440	0.0215791
1999	439	0.02149983
2000	1079	0.051316533
2000	1563	0.048415456
2000	1620	0.045079093
2000	1225	0.044800024
2000	913	0.044521622
2000	1585	0.043319393
2000	746	0.04285578
2000	355	0.041620653
2000	1575	0.03881308
2000	426	0.03687897
2001	62	0.033302754
2001	333	0.029193636
2001	822	0.025566809
2001	368	0.024752675
2001	201	0.02461707
2001	195	0.022758257
2001	878	0.022193586
2001	271	0.021132866
2001	1086	0.020193744
2001	1201	0.019994479
2002	97	0.031464603
2002	1023	0.026061075
2002	42	0.024748113
2002	1145	0.021001946
2002	73	0.020278536
2002	325	0.020223163
2002	1348	0.020093981
2002	463	0.0199825
2002	311	0.019086458
2002	1447	0.018785527
2003	849	0.034712877
2003	311	0.032337002
2003	775	0.030973379
2003	876	0.030911546
2003	498	0.030589616
2003	104	0.030160489
2003	610	0.030013267
2003	844	0.030000102
2003	699	0.029525794
2003	422	0.029202979
2004	36	0.034816332
2004	72	0.034369696
2004	144	0.032066874
2004	381	0.03154736
2004	273	0.031236451
2004	25	0.030569246
2004	842	0.029275797
2004	175	0.029244812
2004	784	0.028895099
2004	103	0.028095918
2005	103	0.024220774
2005	71	0.023877008
2005	139	0.023309482
2005	164	0.021845732
2005	381	0.021142999
2005	223	0.019340564
2005	68	0.019020988
2005	72	0.01818779
2005	175	0.018027522
2005	487	0.017752392
2006	422	0.047401093
2006	398	0.03956269
2006	612	0.03940068
2006	104	0.036254294
2006	940	0.03439095
2006	865	0.03366386
2006	884	0.033455607
2006	453	0.032240316
2006	682	0.02999464
2006	1188	0.029872946
2007	334	0.034959923
2007	377	0.029577773
2007	123	0.026956113
2007	339	0.024837427
2007	325	0.024484485
2007	1495	0.023611492
2007	167	0.023209477
2007	567	0.023181714
2007	1492	0.02219798
2007	89	0.020896373
2008	136	0.023893839
2008	983	0.023696195
2008	95	0.022792416
2008	108	0.022193687
2008	810	0.02094474
2008	632	0.01997314
2008	802	0.019440252
2008	1609	0.018764598
2008	615	0.017026229
2008	1004	0.016482126
2009	547	0.04876107
2009	948	0.04049966
2009	878	0.022792734
2009	786	0.020105356
2009	641	0.01968507
2009	66	0.019411562
2009	62	0.019176977
2009	72	0.018755054
2009	719	0.018633112
2009	194	0.018530825
2010	72	0.035267953
2010	25	0.034562446
2010	680	0.033382848
2010	53	0.032855853
2010	0	0.032644495
2010	221	0.032167044
2010	103	0.031835526
2010	29	0.031622466
2010	222	0.030734904
2010	383	0.030696006
2011	463	0.02242076
2011	59	0.022128692
2011	474	0.021437177
2011	88	0.02111054
2011	1032	0.019944545
2011	58	0.019506477
2011	69	0.019497992
2011	286	0.018622871
2011	6	0.018565686
2011	222	0.017806374
2012	612	0.044938296
2012	422	0.043717403
2012	394	0.043028854
2012	1188	0.04059673
2012	452	0.039941136
2012	884	0.039184388
2012	398	0.03840706
2012	134	0.0377189
2012	885	0.03761958
2012	1135	0.0364138
2013	261	0.025908876
2013	753	0.024803858
2013	81	0.02360765
2013	1591	0.02352392
2013	240	0.022911508
2013	693	0.02279937
2013	196	0.022318212
2013	1001	0.022206038
2013	835	0.02205771
2013	619	0.021942755
2014	1517	0.036607966
2014	177	0.035610396
2014	924	0.03487876
2014	409	0.033877682
2014	432	0.03354183
2014	993	0.03247321
2014	429	0.03180908
2014	681	0.028653912
2014	933	0.028211731
2014	481	0.028053056
2015	482	0.0197497
2015	181	0.017581426
2015	910	0.017457562
2015	487	0.016747372
2015	964	0.016683586
2015	1260	0.016448762
2015	359	0.01601366
2015	909	0.015191566
2015	491	0.015099625
2015	601	0.015070434
2016	127	0.036197256
2016	783	0.027206574
2016	108	0.026922246
2016	806	0.022897825
2016	45	0.022719704
2016	775	0.022696085
2016	394	0.021464972
2016	422	0.020949673
2016	612	0.020656759
2016	1054	0.02004589
2017	181	0.035642084
2017	909	0.03399038
2017	359	0.031976208
2017	482	0.031877443
2017	314	0.031386867
2017	343	0.03126682
2017	292	0.03020632
2017	406	0.027447723
2017	298	0.024773529
2017	400	0.024769375
2018	141	0.024233691
2018	625	0.024194803
2018	426	0.0233169
2018	1577	0.022259926
2018	306	0.02154349
2018	1080	0.021401443
2018	167	0.021186715
2018	1561	0.020651313
2018	468	0.020377908
2018	430	0.019725906
2019	452	0.025070708
2019	66	0.023462601
2019	381	0.021533063
2019	1188	0.020725051
2019	477	0.020476643
2019	973	0.019880252
2019	1368	0.01889129
2019	71	0.018748349
2019	40	0.018548911
2019	1135	0.018006163
2020	33	0.026019597
2020	216	0.025511049
2020	651	0.021433119
2020	195	0.021062812
2020	414	0.020871213
2020	784	0.020706367
2020	164	0.019090397
2020	50	0.01869159
2020	221	0.018680453
2020	72	0.01857584
2021	1348	0.07241312
2021	764	0.040396046
2021	75	0.037313372
2021	1137	0.037222475
2021	1381	0.03717611
2021	406	0.030460415
2021	581	0.028070161
2021	962	0.025551504
2021	1283	0.024537448
2021	713	0.023788475
2022	394	0.035731178
2022	1135	0.032622185
2022	865	0.030520828
2022	422	0.02626431
2022	783	0.026078442
2022	398	0.025794197
2022	775	0.025242077
2022	402	0.024820955
2022	885	0.024542768
2022	209	0.023983104
2023	258	0.029840443
2023	416	0.02863815
2023	1348	0.026223013
2023	1598	0.02556139
2023	257	0.025231984
2023	1132	0.025138786
2023	191	0.02433702
2023	390	0.024203908
2023	11	0.023869773
2023	119	0.023751974
2024	164	0.02505868
2024	842	0.02184948
2024	734	0.02144505
2024	10	0.021040468
2024	123	0.020336844
2024	74	0.019792896
2024	141	0.019606803
2024	290	0.017729592
2024	257	0.01726797
2024	132	0.017178912
2025	323	0.022600863
2025	292	0.021789575
2025	1495	0.01899756
2025	384	0.01867303
2025	1151	0.017964397
2025	343	0.015116212
2025	290	0.015100821
2025	286	0.0150511665
2025	359	0.014976515
2025	492	0.014943396
2026	129	0.02879677
2026	1193	0.027575197
2026	417	0.027419198
2026	75	0.025047863
2026	1082	0.024426885
2026	1064	0.024420718
2026	1429	0.024165852
2026	257	0.023716401
2026	137	0.023381647
2026	785	0.023332134
2027	384	0.025972579
2027	314	0.022738395
2027	763	0.020158963
2027	344	0.01965759
2027	470	0.019543715
2027	247	0.019269435
2027	378	0.018859277
2027	437	0.017742751
2027	89	0.01695355
2027	1002	0.016906232
2028	56	0.03366185
2028	648	0.030876582
2028	981	0.02199493
2028	269	0.020821296
2028	71	0.02071125
2028	67	0.020591276
2028	74	0.019985836
2028	267	0.018581932
2028	70	0.017763516
2028	40	0.017560245
2029	331	0.018825324
2029	51	0.017379088
2029	23	0.017044578
2029	432	0.016341094
2029	162	0.01571858
2029	176	0.015547247
2029	648	0.015315708
2029	74	0.015303179
2029	87	0.015110856
2029	25	0.014846743
2030	1431	0.04281616
2030	40	0.036752712
2030	752	0.03404974
2030	1241	0.030956239
2030	1399	0.030560018
2030	821	0.029994188
2030	91	0.029662292
2030	401	0.028500242
2030	337	0.028267972
2030	1525	0.027351456
2031	326	0.035830658
2031	969	0.0306042
2031	283	0.02931133
2031	318	0.028888175
2031	143	0.025803808
2031	376	0.025701402
2031	363	0.025348853
2031	142	0.024907628
2031	292	0.024146482
2031	803	0.024093144
2032	379	0.02174706
2032	249	0.02151603
2032	95	0.020978361
2032	367	0.020520043
2032	247	0.020415924
2032	883	0.020172233
2032	383	0.019177655
2032	64	0.01847495
2032	740	0.018380621
2032	345	0.017876916
2033	58	0.034925744
2033	10	0.02908395
2033	345	0.028598359
2033	36	0.026347946
2033	334	0.02520687
2033	286	0.02240195
2033	437	0.021586215
2033	326	0.02100726
2033	474	0.020796908
2033	774	0.020619316
2034	1002	0.026570072
2034	58	0.02589586
2034	693	0.024720201
2034	149	0.022606483
2034	318	0.022271184
2034	111	0.022181055
2034	243	0.02045504
2034	1174	0.019994935
2034	369	0.019744786
2034	128	0.019219227
2035	103	0.041984547
2035	148	0.039672203
2035	71	0.038534127
2035	719	0.03343066
2035	44	0.029838623
2035	495	0.029488523
2035	70	0.029430375
2035	42	0.028840046
2035	784	0.02873399
2035	680	0.028222114
2036	1517	0.033139065
2036	127	0.027208967
2036	648	0.026019415
2036	73	0.022927482
2036	417	0.021581408
2036	989	0.021163331
2036	108	0.020018686
2036	802	0.019399876
2036	334	0.01912716
2036	1054	0.018037405
2037	44	0.03183681
2037	42	0.031199167
2037	59	0.02978557
2037	139	0.028321723
2037	69	0.026026364
2037	164	0.025936825
2037	71	0.02520109
2037	25	0.023643149
2037	36	0.023070447
2037	151	0.022889154
2038	98	0.029366199
2038	970	0.026476594
2038	394	0.025920173
2038	453	0.025888925
2038	612	0.024961665
2038	452	0.02315464
2038	142	0.023152895
2038	1188	0.023023782
2038	865	0.022819202
2038	334	0.022631845
2039	1404	0.02846308
2039	123	0.028158244
2039	171	0.025813226
2039	468	0.024426948
2039	1386	0.023789829
2039	423	0.021458916
2039	757	0.021329092
2039	1433	0.02008134
2039	213	0.019635053
2039	734	0.018450495
2040	298	0.024545476
2040	142	0.023946127
2040	286	0.023649534
2040	290	0.023359869
2040	321	0.022595175
2040	326	0.022565095
2040	175	0.022139678
2040	32	0.022138357
2040	62	0.020590868
2040	94	0.020403035
2041	1343	0.03459958
2041	432	0.03385761
2041	8	0.030543575
2041	915	0.030216033
2041	1018	0.029886134
2041	738	0.029066177
2041	409	0.02897408
2041	136	0.027507707
2041	975	0.026925743
2041	1205	0.026223667
2042	445	0.09448473
2042	799	0.09252968
2042	439	0.092355534
2042	446	0.084719606
2042	31	0.075759985
2042	438	0.075679705
2042	579	0.06788252
2042	34	0.06534175
2042	1618	0.05012385
2042	792	0.04069598
2043	157	0.026182294
2043	151	0.024494106
2043	37	0.022924623
2043	103	0.018536258
2043	494	0.01810508
2043	373	0.016885431
2043	1326	0.015662588
2043	53	0.015345161
2043	118	0.014558065
2043	381	0.014025014
2044	1188	0.063487284
2044	612	0.05212716
2044	104	0.04874107
2044	394	0.048433125
2044	453	0.04813297
2044	134	0.046850156
2044	783	0.044490404
2044	775	0.04164664
2044	940	0.035958417
2044	769	0.03524189
2045	74	0.019374618
2045	287	0.01902608
2045	345	0.01774151
2045	385	0.017115802
2045	706	0.017109625
2045	648	0.01695782
2045	36	0.016422262
2045	51	0.016253702
2045	94	0.016147641
2045	43	0.0160832
2046	439	0.05238992
2046	447	0.05060097
2046	799	0.047702137
2046	440	0.047674928
2046	444	0.046178147
2046	445	0.046001498
2046	441	0.04458671
2046	446	0.044418257
2046	438	0.040732015
2046	31	0.040125523
2047	584	0.036625285
2047	541	0.035886727
2047	1154	0.031397685
2047	1144	0.030462613
2047	1157	0.028635954
2047	1417	0.025889684
2047	623	0.025866767
2047	63	0.025275435
2047	250	0.022520343
2047	84	0.022026937
2048	854	0.026407208
2048	993	0.020054193
2048	497	0.019465305
2048	653	0.018765062
2048	150	0.017395278
2048	1052	0.017345866
2048	1581	0.017092975
2048	41	0.015829016
2048	370	0.015513807
2048	1194	0.015447997
2049	306	0.02875611
2049	334	0.026478676
2049	378	0.025925135
2049	970	0.025592256
2049	58	0.024270767
2049	384	0.023170497
2049	97	0.021595929
2049	886	0.019475836
2049	82	0.018017096
2049	853	0.017996872
2050	151	0.029520394
2050	157	0.029207073
2050	66	0.028439179
2050	103	0.027496954
2050	68	0.022345047
2050	381	0.02089396
2050	71	0.019675244
2050	48	0.016107693
2050	373	0.015831102
2050	635	0.015244595
2051	908	0.026895316
2051	22	0.023048423
2051	1269	0.022266341
2051	785	0.020453475
2051	177	0.019723581
2051	53	0.01931546
2051	1007	0.01800993
2051	1305	0.017543303
2051	1360	0.01666437
2051	1556	0.016537758
2052	216	0.027110826
2052	402	0.025292506
2052	2	0.023490397
2052	119	0.022675136
2052	200	0.021758385
2052	5	0.020639062
2052	652	0.02021693
2052	221	0.020030636
2052	127	0.019591706
2052	1136	0.019536948
2053	82	0.020739581
2053	506	0.020711306
2053	77	0.01870456
2053	250	0.018096728
2053	1157	0.016342923
2053	793	0.016279133
2053	1141	0.015605368
2053	720	0.014831412
2053	444	0.014763063
2053	318	0.014646115
2054	426	0.03453321
2054	1495	0.031552028
2054	1197	0.031294193
2054	560	0.029558456
2054	626	0.02854497
2054	958	0.025873078
2054	1441	0.025152506
2054	1096	0.025138985
2054	1088	0.023370776
2054	1474	0.022550512
2055	373	0.025170099
2055	175	0.023667077
2055	139	0.022421572
2055	10	0.02166466
2055	433	0.020514872
2055	261	0.018932905
2055	259	0.01844017
2055	318	0.018227596
2055	374	0.017871862
2055	424	0.016826702
2056	727	0.028114209
2056	912	0.026521338
2056	835	0.026299363
2056	80	0.025558537
2056	753	0.025525337
2056	983	0.024680333
2056	9	0.024241589
2056	1407	0.024076644
2056	434	0.024072567
2056	902	0.024053352
2057	334	0.03031687
2057	123	0.027839385
2057	345	0.024988007
2057	285	0.023939734
2057	92	0.021940157
2057	89	0.021543961
2057	171	0.021224892
2057	1085	0.020832745
2057	1002	0.020797994
2057	243	0.02070396
2058	1352	0.031248942
2058	1386	0.028579535
2058	1612	0.026574207
2058	1249	0.026489086
2058	1219	0.026103782
2058	1010	0.026101112
2058	974	0.025023289
2058	416	0.024614878
2058	413	0.024522968
2058	867	0.024285942
2059	142	0.041173402
2059	94	0.025744855
2059	232	0.025694031
2059	318	0.025273459
2059	290	0.02468199
2059	774	0.022178816
2059	1141	0.021506594
2059	145	0.021004617
2059	58	0.020014532
2059	334	0.019527381
2060	223	0.026770856
2060	151	0.026649816
2060	139	0.026386691
2060	103	0.026048167
2060	18	0.026036546
2060	144	0.024807945
2060	157	0.024583008
2060	381	0.024398651
2060	29	0.02423682
2060	225	0.023949109
2061	88	0.05660199
2061	474	0.043176804
2061	277	0.03229138
2061	1041	0.027742201
2061	340	0.025129022
2061	1420	0.02427272
2061	62	0.022220092
2061	498	0.021762555
2061	1322	0.021546554
2061	1316	0.021499077
2062	148	0.03946519
2062	157	0.03284417
2062	151	0.031372298
2062	139	0.022701917
2062	71	0.021995513
2062	53	0.02148838
2062	334	0.019329095
2062	70	0.018939719
2062	48	0.01847177
2062	225	0.018442513
2063	377	0.032865603
2063	94	0.025883418
2063	171	0.0247672
2063	325	0.023850193
2063	166	0.023444567
2063	339	0.022088058
2063	285	0.021196509
2063	379	0.02038861
2063	970	0.020018136
2063	378	0.019084042
2064	625	0.028685248
2064	53	0.026218455
2064	373	0.023147175
2064	232	0.020111129
2064	433	0.020021603
2064	286	0.01983
2064	801	0.01972648
2064	954	0.019441765
2064	1032	0.019030472
2064	153	0.018370379
2065	377	0.024630895
2065	334	0.02284395
2065	379	0.02198117
2065	131	0.02085318
2065	886	0.02029945
2065	1177	0.020217605
2065	57	0.020097861
2065	257	0.019659529
2065	1277	0.018728731
2065	1474	0.018430727
2066	641	0.034525998
2066	783	0.033607185
2066	394	0.03137869
2066	789	0.030668227
2066	786	0.029634768
2066	775	0.029602747
2066	422	0.02899624
2066	1420	0.028842146
2066	104	0.028310873
2066	612	0.02798173
2067	331	0.02187413
2067	303	0.021789528
2067	216	0.021485737
2067	414	0.020455722
2067	62	0.019352697
2067	822	0.018811299
2067	198	0.018317496
2067	74	0.018299248
2067	650	0.017712804
2067	53	0.017393777
2068	323	0.023790626
2068	142	0.022521174
2068	1201	0.02169322
2068	143	0.021194078
2068	290	0.020751443
2068	94	0.019307686
2068	872	0.01914472
2068	889	0.01908582
2068	318	0.018705912
2068	283	0.018452726
2069	452	0.058628924
2069	1135	0.052209835
2069	398	0.036573324
2069	1533	0.032750916
2069	612	0.032697733
2069	946	0.031067705
2069	1532	0.0304686
2069	885	0.03010569
2069	865	0.029783778
2069	394	0.02919131
2070	129	0.034157414
2070	22	0.027352955
2070	119	0.026702182
2070	221	0.026693044
2070	204	0.025717868
2070	915	0.025118345
2070	908	0.024794832
2070	137	0.023923367
2070	218	0.02203653
2070	8	0.021708367
2071	1265	0.030437205
2071	132	0.028327558
2071	1036	0.026567409
2071	374	0.025278859
2071	232	0.024502799
2071	286	0.02364235
2071	1572	0.023480784
2071	727	0.022779485
2071	1401	0.022641094
2071	801	0.022200063
2072	194	0.032275416
2072	480	0.02764007
2072	58	0.024718527
2072	989	0.021974437
2072	283	0.020304538
2072	49	0.019679928
2072	1387	0.019547436
2072	1241	0.019401196
2072	969	0.018743465
2072	1390	0.018458778
2073	1067	0.072154686
2073	1547	0.061535988
2073	1626	0.054163735
2073	982	0.05178673
2073	429	0.048377506
2073	1339	0.045063075
2073	836	0.044192843
2073	302	0.043197062
2073	264	0.039403312
2073	1291	0.038528487
2074	286	0.033216707
2074	283	0.029158778
2074	43	0.028346185
2074	326	0.027550906
2074	363	0.026470767
2074	142	0.025946718
2074	352	0.023898691
2074	667	0.022392383
2074	92	0.022227455
2074	989	0.021569442
2075	59	0.039625596
2075	273	0.02903814
2075	547	0.028283203
2075	68	0.026467806
2075	62	0.025363954
2075	67	0.02410691
2075	383	0.023371201
2075	0	0.022943258
2075	72	0.02288035
2075	225	0.022877192
2076	344	0.031665485
2076	306	0.03129601
2076	378	0.031287715
2076	78	0.024574144
2076	987	0.022078007
2076	465	0.020108333
2076	97	0.01984535
2076	79	0.019595152
2076	826	0.018224558
2076	310	0.018195238
2077	465	0.025300711
2077	803	0.023858204
2077	1321	0.023017684
2077	625	0.022040792
2077	801	0.022005865
2077	609	0.021768868
2077	756	0.02040441
2077	322	0.019656584
2077	78	0.01953441
2077	373	0.019159919
2078	256	0.0322525
2078	345	0.022841366
2078	287	0.021744383
2078	58	0.019359939
2078	87	0.018526345
2078	340	0.018122124
2078	385	0.018080728
2078	291	0.01796257
2078	273	0.016936753
2078	44	0.016679775
2079	23	0.030362904
2079	33	0.02751717
2079	36	0.025169138
2079	51	0.023994453
2079	271	0.023501223
2079	47	0.022978703
2079	71	0.021986226
2079	259	0.02112177
2079	61	0.019593671
2079	267	0.019576075
2080	1282	0.0397254
2080	1360	0.03350104
2080	318	0.0263409
2080	290	0.024924766
2080	1379	0.023963293
2080	286	0.02362331
2080	803	0.023408897
2080	94	0.023116816
2080	12	0.022920586
2080	1343	0.020469803
2081	36	0.032328915
2081	43	0.028793078
2081	33	0.025802618
2081	164	0.025562797
2081	195	0.02526663
2081	372	0.024182511
2081	303	0.023975292
2081	463	0.023688639
2081	648	0.022977768
2081	175	0.022673465
2082	778	0.029668601
2082	756	0.029254187
2082	793	0.023414217
2082	253	0.023389282
2082	331	0.02210439
2082	18	0.021728544
2082	1094	0.021165919
2082	52	0.020863451
2082	1384	0.020653352
2082	727	0.019899482
2083	53	0.032344148
2083	362	0.030453995
2083	151	0.027246276
2083	651	0.026706945
2083	44	0.026353657
2083	42	0.025910778
2083	148	0.025872707
2083	139	0.025079114
2083	385	0.02457017
2083	195	0.023842925
2084	123	0.034685273
2084	58	0.02745353
2084	371	0.027135523
2084	387	0.022986114
2084	763	0.022770882
2084	141	0.022551285
2084	127	0.020697897
2084	205	0.020021629
2084	402	0.019413909
2084	98	0.019172175
2085	103	0.040179513
2085	157	0.038929515
2085	66	0.038611677
2085	48	0.033711918
2085	72	0.031908967
2085	719	0.028449252
2085	225	0.027741717
2085	70	0.027264623
2085	42	0.027121099
2085	0	0.026576685
2086	139	0.027355758
2086	64	0.026854962
2086	69	0.026084384
2086	53	0.025094742
2086	70	0.025028791
2086	29	0.024419446
2086	164	0.024263484
2086	46	0.023797734
2086	256	0.02339597
2086	163	0.023172602
2087	377	0.030009488
2087	426	0.027579572
2087	1451	0.02637177
2087	518	0.025271809
2087	384	0.024204595
2087	194	0.022976784
2087	941	0.021990553
2087	1468	0.021813674
2087	1327	0.02149687
2087	967	0.0202294
2088	579	0.031352714
2088	767	0.024245476
2088	447	0.024177423
2088	441	0.02404621
2088	445	0.022628028
2088	443	0.021420725
2088	1569	0.020722924
2088	1399	0.019974349
2088	37	0.019469198
2088	442	0.01878596
2089	64	0.031687334
2089	175	0.031110426
2089	142	0.030624878
2089	53	0.030611183
2089	0	0.030390343
2089	59	0.029389998
2089	94	0.029239276
2089	247	0.02725953
2089	44	0.026949707
2089	42	0.02623164
2090	889	0.05927334
2090	752	0.044582415
2090	1563	0.04270225
2090	1575	0.04231772
2090	934	0.040176995
2090	1069	0.0377146
2090	1525	0.036753148
2090	1627	0.035443224
2090	1562	0.034059
2090	1079	0.033297654
2091	909	0.036105234
2091	194	0.0303039
2091	149	0.028538022
2091	198	0.027720926
2091	359	0.026584918
2091	406	0.025903912
2091	317	0.025097582
2091	400	0.023835124
2091	347	0.023237849
2091	306	0.022872426
2092	447	0.03912782
2092	799	0.037083108
2092	440	0.037019126
2092	439	0.03570422
2092	445	0.03466883
2092	441	0.031325936
2092	446	0.030526428
2092	442	0.030012691
2092	1366	0.026818542
2092	438	0.026609814
2093	662	0.04611535
2093	460	0.039391637
2093	459	0.035235688
2093	457	0.03371354
2093	455	0.031463776
2093	461	0.03136316
2093	148	0.01777905
2093	157	0.017679011
2093	35	0.01736886
2093	151	0.016693117
2094	402	0.023363303
2094	394	0.022974087
2094	1636	0.022941098
2094	1474	0.021972502
2094	1197	0.02026532
2094	408	0.020262795
2094	292	0.020041721
2094	127	0.019579781
2094	194	0.019301545
2094	400	0.019166058
2095	151	0.038387857
2095	139	0.032284252
2095	381	0.030624706
2095	48	0.023802534
2095	175	0.023678638
2095	70	0.02204959
2095	223	0.021759262
2095	719	0.021341426
2095	67	0.02120898
2095	0	0.021178843
2096	23	0.030928163
2096	477	0.026314039
2096	1615	0.024596378
2096	1399	0.02146537
2096	1491	0.019642606
2096	752	0.019636942
2096	1017	0.01932998
2096	658	0.018080132
2096	1581	0.01718343
2096	29	0.017097132
2097	381	0.030855026
2097	71	0.029404929
2097	70	0.02927583
2097	66	0.029154044
2097	547	0.029149165
2097	225	0.028964292
2097	719	0.027653461
2097	784	0.027074017
2097	59	0.026032865
2097	29	0.025923649
2098	123	0.029594807
2098	226	0.021119775
2098	163	0.019985389
2098	379	0.019963887
2098	10	0.01914448
2098	345	0.018928459
2098	23	0.017257884
2098	741	0.017173607
2098	89	0.016972367
2098	450	0.016720112
2099	288	0.025308238
2099	123	0.02363372
2099	379	0.021342667
2099	437	0.02096454
2099	345	0.020790566
2099	334	0.019817214
2099	153	0.018716525
2099	54	0.018679174
2099	915	0.018076573
2099	10	0.017808754
2100	325	0.02974759
2100	1530	0.0255971
2100	141	0.025308471
2100	98	0.02493047
2100	166	0.024345024
2100	353	0.024178982
2100	1023	0.023635287
2100	1145	0.023058178
2100	1080	0.021881446
2100	1228	0.021670235
2101	189	0.02316442
2101	1108	0.022989482
2101	22	0.022884468
2101	565	0.022407426
2101	1064	0.022099895
2101	121	0.021729065
2101	144	0.018684283
2101	740	0.017597154
2101	778	0.016981049
2101	1192	0.016819373
2102	323	0.023757562
2102	445	0.022609716
2102	31	0.022367284
2102	579	0.021402707
2102	259	0.020773008
2102	365	0.020499928
2102	216	0.020328023
2102	447	0.019999616
2102	439	0.019649725
2102	43	0.019593047
2103	740	0.04050006
2103	426	0.038292546
2103	367	0.036639877
2103	237	0.0346966
2103	1178	0.033217832
2103	560	0.032524485
2103	1488	0.03201195
2103	972	0.031804092
2103	1292	0.031441346
2103	763	0.030802084
2104	75	0.027832177
2104	1517	0.023070186
2104	410	0.022051308
2104	12	0.020580728
2104	2	0.019890979
2104	129	0.018422058
2104	1429	0.018381352
2104	130	0.017932301
2104	61	0.017625632
2104	1343	0.017518792
2105	48	0.029622357
2105	151	0.02836349
2105	139	0.0278717
2105	66	0.027718151
2105	44	0.025889246
2105	47	0.024913026
2105	53	0.024261052
2105	68	0.023259375
2105	166	0.022330768
2105	175	0.022316476
2106	1319	0.04007948
2106	827	0.033327963
2106	632	0.030270938
2106	241	0.026725978
2106	625	0.026287826
2106	430	0.025176859
2106	264	0.024413958
2106	952	0.024079736
2106	224	0.022425607
2106	1340	0.022233345
2107	477	0.07544602
2107	23	0.062715486
2107	117	0.03861331
2107	171	0.02210012
2107	91	0.02079171
2107	676	0.020675795
2107	1486	0.019757818
2107	358	0.019187126
2107	493	0.019095164
2107	472	0.018916864
2108	834	0.023067197
2108	256	0.020867404
2108	1533	0.01992677
2108	53	0.01924475
2108	833	0.016464585
2108	835	0.016263958
2108	246	0.0155175915
2108	171	0.015350882
2108	29	0.0148696555
2108	1140	0.014739653
2109	58	0.024757741
2109	123	0.022334995
2109	43	0.019876907
2109	23	0.019639054
2109	33	0.019524574
2109	92	0.019474674
2109	308	0.018866764
2109	449	0.018815218
2109	312	0.018555896
2109	616	0.018076997
2110	1032	0.03681698
2110	625	0.034438837
2110	231	0.0338983
2110	1359	0.031200023
2110	1288	0.030462652
2110	376	0.030340254
2110	1282	0.029962596
2110	1051	0.028643308
2110	1067	0.02861174
2110	229	0.028606746
2111	381	0.032520995
2111	70	0.030733088
2111	0	0.029467849
2111	71	0.028935282
2111	72	0.028904932
2111	680	0.027476644
2111	144	0.027402628
2111	103	0.027380235
2111	719	0.027299741
2111	139	0.026279075
2112	286	0.031624172
2112	58	0.026665404
2112	379	0.025080018
2112	43	0.023589393
2112	326	0.023140743
2112	33	0.022700137
2112	166	0.022662882
2112	377	0.022446254
2112	989	0.02178303
2112	318	0.02157983
2113	151	0.034483414
2113	157	0.03184363
2113	48	0.031745255
2113	66	0.031214545
2113	68	0.030941045
2113	273	0.03081704
2113	44	0.028728813
2113	547	0.026341831
2113	103	0.026247596
2113	381	0.025868509
2114	157	0.038044177
2114	48	0.03357666
2114	44	0.031166133
2114	103	0.027976569
2114	68	0.026187884
2114	256	0.024753772
2114	67	0.023437498
2114	71	0.023173759
2114	381	0.021971036
2114	36	0.021577945
2115	164	0.02339664
2115	69	0.022220995
2115	45	0.020609027
2115	842	0.020481406
2115	784	0.020306023
2115	150	0.01995148
2115	72	0.019589588
2115	2	0.018285772
2115	109	0.017285548
2115	144	0.017198017
2116	1561	0.06301144
2116	560	0.060845796
2116	1096	0.059313137
2116	1088	0.058793332
2116	1577	0.039150205
2116	1479	0.037134625
2116	1441	0.033520255
2116	1612	0.031389717
2116	1550	0.030148756
2116	958	0.029761523
2117	8	0.020097185
2117	117	0.01989531
2117	158	0.019459954
2117	960	0.019343844
2117	196	0.018595178
2117	164	0.01838413
2117	807	0.01823036
2117	1007	0.017988544
2117	1064	0.017791506
2117	1286	0.017426118
2118	88	0.037788637
2118	775	0.03525674
2118	422	0.033543292
2118	98	0.03250344
2118	134	0.031509284
2118	398	0.031018332
2118	463	0.030085767
2118	394	0.029541075
2118	865	0.027626896
2118	256	0.026360977
2119	1513	0.073544644
2119	1361	0.072346315
2119	1323	0.06895211
2119	1478	0.067876205
2119	972	0.06665082
2119	1182	0.06391886
2119	1181	0.06369145
2119	1392	0.054800484
2119	264	0.05392511
2119	237	0.053868845
2120	62	0.018454561
2120	947	0.017316388
2120	256	0.016196102
2120	621	0.015083454
2120	166	0.014387443
2120	162	0.014361243
2120	53	0.01428572
2120	139	0.0142308315
2120	259	0.013868957
2120	187	0.013797564
2121	345	0.029148063
2121	773	0.02519995
2121	46	0.024856115
2121	842	0.0244741
2121	64	0.024307825
2121	72	0.022755144
2121	163	0.022114629
2121	347	0.021060193
2121	706	0.020446274
2121	784	0.020375844
2122	75	0.023907738
2122	109	0.023344088
2122	45	0.022670815
2122	218	0.02266913
2122	555	0.022658497
2122	121	0.022622041
2122	221	0.021896133
2122	257	0.021637367
2122	216	0.021003285
2122	144	0.019660432
2123	1266	0.031867813
2123	888	0.030924657
2123	240	0.02873259
2123	1385	0.028359756
2123	1002	0.02786915
2123	374	0.027760772
2123	637	0.02667002
2123	715	0.026528183
2123	117	0.026435839
2123	773	0.025840659
2124	117	0.039905503
2124	1491	0.03860292
2124	1615	0.037648268
2124	1435	0.033266358
2124	92	0.032631576
2124	1260	0.031741656
2124	482	0.028398467
2124	181	0.028333351
2124	1557	0.02815135
2124	1319	0.027292399
2125	422	0.04234464
2125	104	0.038725384
2125	134	0.038073055
2125	1023	0.037863478
2125	394	0.03560957
2125	769	0.034304798
2125	612	0.034092754
2125	98	0.0330986
2125	286	0.03213679
2125	142	0.03023223
2126	1322	0.019744987
2126	1188	0.019094473
2126	647	0.018561425
2126	595	0.017764324
2126	70	0.015760515
2126	849	0.014939898
2126	389	0.014724483
2126	923	0.0143754445
2126	1265	0.014319634
2126	68	0.014159343
2127	66	0.033956267
2127	157	0.03123967
2127	151	0.028986044
2127	68	0.027675217
2127	103	0.025160085
2127	381	0.02431787
2127	72	0.023449704
2127	53	0.023361323
2127	139	0.022587502
2127	48	0.02197851
2128	66	0.041872937
2128	103	0.041592047
2128	151	0.03910985
2128	381	0.0387451
2128	53	0.033240326
2128	72	0.032632936
2128	221	0.028033426
2128	70	0.027632406
2128	144	0.02707035
2128	719	0.026765859
2129	66	0.025134575
2129	48	0.024957493
2129	29	0.024176462
2129	157	0.023788232
2129	42	0.023203138
2129	44	0.023135986
2129	147	0.02272553
2129	148	0.021535538
2129	463	0.0204513
2129	46	0.020436171
2130	66	0.036638893
2130	157	0.035091072
2130	151	0.03460844
2130	103	0.03329245
2130	139	0.03223577
2130	68	0.031062353
2130	72	0.027649786
2130	25	0.023491133
2130	53	0.02313763
2130	495	0.022065727
2131	71	0.03623007
2131	53	0.027825773
2131	72	0.026476352
2131	164	0.025730086
2131	47	0.024223125
2131	43	0.02411946
2131	269	0.023393964
2131	381	0.022632109
2131	25	0.021738468
2131	272	0.021645047
2132	151	0.039866533
2132	157	0.039375383
2132	72	0.032512896
2132	139	0.032109525
2132	0	0.029301975
2132	53	0.027774945
2132	495	0.02763908
2132	44	0.027459884
2132	42	0.026999528
2132	25	0.026636252
2133	186	0.035349928
2133	207	0.03278177
2133	202	0.029199824
2133	185	0.027477177
2133	86	0.02721096
2133	324	0.024702579
2133	831	0.023604415
2133	39	0.022645773
2133	1443	0.022152526
2133	1612	0.021139316
2134	216	0.03705396
2134	221	0.034797844
2134	811	0.029461676
2134	115	0.027895328
2134	1023	0.024215484
2134	812	0.023436403
2134	1060	0.022906456
2134	260	0.022659099
2134	108	0.022097088
2134	594	0.021681828
2135	23	0.027118325
2135	33	0.02268329
2135	257	0.019578552
2135	87	0.019270789
2135	15	0.01760469
2135	287	0.01705222
2135	480	0.016947879
2135	43	0.016912235
2135	283	0.016076319
2135	308	0.01589711
2136	58	0.03401739
2136	895	0.026983475
2136	306	0.025950031
2136	384	0.024450444
2136	377	0.0227396
2136	344	0.022478756
2136	115	0.022381654
2136	286	0.022085259
2136	325	0.019818615
2136	94	0.019801125
2137	195	0.038206697
2137	377	0.03758971
2137	334	0.03459966
2137	651	0.03280838
2137	171	0.023085821
2137	854	0.022996055
2137	128	0.022108883
2137	1174	0.02206434
2137	33	0.021596832
2137	87	0.021559559
2138	1358	0.027910108
2138	224	0.02601067
2138	487	0.02099865
2138	139	0.020537416
2138	735	0.020241274
2138	59	0.020223718
2138	1230	0.020012379
2138	669	0.019412378
2138	48	0.019218722
2138	1265	0.0187036
2139	1191	0.037338667
2139	37	0.03521137
2139	108	0.028672192
2139	45	0.024343476
2139	127	0.023953887
2139	110	0.022132574
2139	402	0.02168304
2139	401	0.020727586
2139	1567	0.020708328
2139	739	0.020689392
2140	223	0.025904646
2140	74	0.024401395
2140	784	0.024278574
2140	53	0.023957124
2140	181	0.023751486
2140	164	0.02350233
2140	915	0.022570813
2140	314	0.022507371
2140	109	0.022081126
2140	209	0.021538192
2141	123	0.027376276
2141	379	0.02294019
2141	149	0.020150289
2141	47	0.019323567
2141	168	0.018898327
2141	162	0.01856176
2141	216	0.017261172
2141	450	0.016856978
2141	221	0.016785465
2141	351	0.016696746
2142	274	0.01918214
2142	64	0.018970516
2142	216	0.018864078
2142	110	0.018800115
2142	189	0.018154657
2142	36	0.018142154
2142	221	0.017805772
2142	200	0.017048247
2142	31	0.016749717
2142	934	0.016589563
2143	56	0.02442382
2143	854	0.021960901
2143	934	0.021111228
2143	793	0.02056432
2143	15	0.019320788
2143	380	0.019289283
2143	468	0.01847442
2143	306	0.01823067
2143	385	0.017450843
2143	483	0.017314507
2144	286	0.031012945
2144	326	0.027021894
2144	318	0.025651354
2144	283	0.023775147
2144	175	0.023463571
2144	226	0.021713553
2144	44	0.021301828
2144	58	0.021273287
2144	64	0.020604208
2144	67	0.019415151
2145	121	0.022961043
2145	118	0.021480404
2145	408	0.020559406
2145	172	0.020229079
2145	75	0.020131458
2145	769	0.020014662
2145	909	0.01999474
2145	61	0.019928979
2145	22	0.019884106
2145	555	0.019692179
2146	287	0.026859727
2146	303	0.024544042
2146	256	0.023837008
2146	372	0.021763543
2146	340	0.021532478
2146	348	0.0213938
2146	651	0.021037973
2146	219	0.020428522
2146	333	0.020222718
2146	360	0.02003805
2147	612	0.049167644
2147	134	0.044545844
2147	422	0.044086974
2147	1135	0.040751122
2147	453	0.040577024
2147	209	0.037225246
2147	940	0.03648812
2147	98	0.034380082
2147	786	0.031872146
2147	884	0.028619595
2148	139	0.03309954
2148	47	0.03249885
2148	42	0.03026612
2148	44	0.028376777
2148	70	0.026931332
2148	247	0.02641819
2148	151	0.02634897
2148	175	0.026307378
2148	0	0.0262214
2148	157	0.025650358
2149	750	0.02497
2149	339	0.024841554
2149	465	0.023191642
2149	322	0.02121535
2149	1450	0.021112863
2149	1514	0.020132106
2149	262	0.01836088
2149	717	0.018095223
2149	97	0.017939903
2149	1399	0.017474448
2150	118	0.045752384
2150	15	0.036400355
2150	125	0.036103677
2150	1064	0.03333211
2150	196	0.03194427
2150	1082	0.030512523
2150	11	0.027876953
2150	257	0.027667582
2150	129	0.027248938
2150	769	0.027162086
2151	1007	0.025513243
2151	1354	0.024347
2151	118	0.02418274
2151	1281	0.023853678
2151	152	0.023242911
2151	666	0.022780089
2151	1131	0.022537302
2151	172	0.021753184
2151	827	0.02024962
2151	614	0.019862587
2152	108	0.030124031
2152	402	0.028512653
2152	202	0.025627384
2152	0	0.024926819
2152	36	0.023621429
2152	45	0.022976505
2152	109	0.022387624
2152	44	0.02203233
2152	59	0.021761207
2152	129	0.021741597
2153	119	0.031652894
2153	915	0.025857469
2153	432	0.02525111
2153	257	0.0238957
2153	173	0.022894964
2153	121	0.022765728
2153	773	0.02240069
2153	53	0.02059031
2153	126	0.020580662
2153	75	0.020485947
2154	474	0.039643582
2154	311	0.03163191
2154	339	0.028422806
2154	62	0.027785042
2154	895	0.027556522
2154	98	0.026718408
2154	73	0.026579736
2154	58	0.026368732
2154	256	0.025399094
2154	325	0.024766624
2155	384	0.030409819
2155	625	0.02865463
2155	795	0.024025034
2155	1397	0.023604745
2155	669	0.022350917
2155	693	0.022259448
2155	1450	0.0217353
2155	1396	0.020868773
2155	379	0.020651972
2155	171	0.01940712
2156	151	0.026403943
2156	66	0.025391392
2156	157	0.02287763
2156	225	0.022651216
2156	48	0.02170315
2156	68	0.021498846
2156	53	0.021128414
2156	25	0.018912463
2156	381	0.018172821
2156	384	0.017304542
2157	673	0.024604922
2157	132	0.022782534
2157	168	0.022734318
2157	1080	0.02225884
2157	367	0.021974351
2157	458	0.02185154
2157	1320	0.021137042
2157	1397	0.020914523
2157	1492	0.02080881
2157	384	0.020664088
2158	334	0.026020315
2158	345	0.023876235
2158	378	0.021615813
2158	14	0.019265238
2158	123	0.019165829
2158	318	0.018868925
2158	279	0.018373063
2158	377	0.017881945
2158	175	0.017815698
2158	344	0.017188814
2159	662	0.033066593
2159	466	0.03197203
2159	456	0.02880525
2159	459	0.026486117
2159	59	0.02382948
2159	461	0.022426702
2159	457	0.022142608
2159	42	0.021184042
2159	157	0.02088206
2159	256	0.02071795
2160	58	0.027558068
2160	345	0.02571945
2160	123	0.025417306
2160	379	0.023804048
2160	47	0.02215942
2160	33	0.021489965
2160	132	0.021021495
2160	92	0.020964064
2160	167	0.019485652
2160	128	0.019396221
2161	414	0.033985503
2161	216	0.03252266
2161	121	0.029380271
2161	181	0.027729481
2161	204	0.025470842
2161	221	0.02435038
2161	194	0.024063746
2161	257	0.023058018
2161	75	0.02299323
2161	113	0.021903507
2162	271	0.02048831
2162	752	0.019282773
2162	265	0.018323218
2162	163	0.017098285
2162	47	0.016219292
2162	706	0.015723241
2162	350	0.01502101
2162	43	0.015008881
2162	303	0.0144217955
2162	227	0.013591281
2163	384	0.030722138
2163	36	0.025268175
2163	166	0.024270423
2163	47	0.023008605
2163	347	0.02292537
2163	149	0.02292324
2163	58	0.022376075
2163	470	0.021992018
2163	132	0.021595266
2163	345	0.021577338
2164	94	0.026347553
2164	1	0.025120448
2164	142	0.023728684
2164	290	0.02315645
2164	359	0.02249088
2164	194	0.02238469
2164	326	0.021981688
2164	58	0.021861404
2164	989	0.021125864
2164	89	0.020206576
2165	1365	0.017107753
2165	851	0.017041124
2165	265	0.016787585
2165	955	0.01674719
2165	895	0.016061312
2165	356	0.01533307
2165	1491	0.015303909
2165	278	0.015288031
2165	1371	0.014942733
2165	649	0.014822211
2166	66	0.03833258
2166	157	0.036529873
2166	139	0.036077105
2166	151	0.03400344
2166	72	0.024216423
2166	225	0.02143767
2166	70	0.020099845
2166	224	0.019946564
2166	495	0.018000064
2166	48	0.017996075
2167	394	0.039363462
2167	104	0.039050076
2167	403	0.038973853
2167	612	0.038015004
2167	783	0.036655817
2167	398	0.03637599
2167	134	0.03546434
2167	422	0.0349606
2167	1188	0.03363747
2167	775	0.033252575
2168	181	0.049542557
2168	909	0.04903409
2168	359	0.04889843
2168	400	0.048516594
2168	406	0.046635415
2168	482	0.045120478
2168	314	0.042626455
2168	317	0.042200603
2168	209	0.03839405
2168	1260	0.03478206
2169	48	0.030283492
2169	42	0.028520102
2169	68	0.024374923
2169	71	0.021112569
2169	139	0.020760987
2169	103	0.020533584
2169	50	0.019756494
2169	381	0.018469932
2169	273	0.016137239
2169	175	0.015692905
2170	1053	0.032868795
2170	436	0.030434398
2170	959	0.026779234
2170	1157	0.024064057
2170	506	0.022303961
2170	815	0.022302939
2170	342	0.021666346
2170	334	0.02139539
2170	83	0.021355359
2170	1608	0.02109305
2171	334	0.023394443
2171	58	0.019434838
2171	232	0.01811455
2171	132	0.017482238
2171	294	0.016905462
2171	231	0.015858948
2171	377	0.01577395
2171	163	0.015413349
2171	673	0.015037243
2171	886	0.014943506
2172	417	0.03632882
2172	359	0.03150715
2172	194	0.030387556
2172	1460	0.029862165
2172	36	0.024453575
2172	181	0.024108255
2172	406	0.024008332
2172	738	0.022312632
2172	343	0.022139741
2172	314	0.02099174
2173	1516	0.02239676
2173	148	0.020127587
2173	151	0.019062841
2173	93	0.018619176
2173	103	0.017996926
2173	334	0.017749663
2173	157	0.01760243
2173	68	0.0158455
2173	53	0.015665352
2173	87	0.015408835
2174	969	0.03052098
2174	143	0.029779002
2174	58	0.025035577
2174	376	0.02400216
2174	334	0.02361344
2174	318	0.022759765
2174	286	0.021902978
2174	363	0.021569166
2174	1356	0.01995523
2174	326	0.019909328
2175	64	0.026713885
2175	10	0.026586177
2175	47	0.025029523
2175	94	0.023965618
2175	123	0.023753878
2175	139	0.023690037
2175	36	0.02331292
2175	247	0.02293992
2175	53	0.022070667
2175	842	0.021325234
2176	103	0.030058581
2176	148	0.029190913
2176	383	0.027763033
2176	151	0.026177365
2176	157	0.02446069
2176	48	0.02413689
2176	139	0.023963014
2176	0	0.023635482
2176	59	0.023555206
2176	540	0.021444548
2177	62	0.033124447
2177	333	0.028904248
2177	287	0.02567105
2177	163	0.025599482
2177	372	0.024295492
2177	303	0.023884434
2177	67	0.020132402
2177	348	0.018904615
2177	36	0.017664453
2177	291	0.017352322
2178	148	0.029649165
2178	66	0.029145805
2178	498	0.021665292
2178	48	0.020599823
2178	103	0.019706376
2178	68	0.018793924
2178	225	0.018655403
2178	876	0.018502427
2178	261	0.01807767
2178	311	0.016603695
2179	175	0.025533523
2179	139	0.023764696
2179	162	0.023660492
2179	164	0.018830534
2179	259	0.018477676
2179	756	0.018343989
2179	91	0.017884318
2179	69	0.017434759
2179	358	0.017344171
2179	327	0.016905399
2180	13	0.029459622
2180	344	0.02928217
2180	306	0.023919899
2180	993	0.022901855
2180	904	0.02234988
2180	23	0.021993166
2180	164	0.020151135
2180	149	0.019986995
2180	123	0.01978511
2180	477	0.019440366
2181	53	0.029421134
2181	46	0.028378168
2181	18	0.027984558
2181	227	0.024823762
2181	25	0.024226712
2181	547	0.023518873
2181	222	0.02310007
2181	69	0.02288176
2181	491	0.022645073
2181	842	0.02245992
2182	360	0.033595763
2182	273	0.030321114
2182	314	0.029024417
2182	948	0.026115024
2182	428	0.025277428
2182	317	0.024546912
2182	482	0.023555418
2182	73	0.022516558
2182	201	0.022064077
2182	909	0.021582423
2183	286	0.03298525
2183	142	0.0251257
2183	318	0.024112724
2183	94	0.022760527
2183	148	0.0225068
2183	281	0.022178998
2183	343	0.02176067
2183	290	0.021204881
2183	491	0.020118851
2183	85	0.019918544
2184	783	0.039556894
2184	422	0.039349314
2184	134	0.036199573
2184	769	0.03266749
2184	612	0.027240366
2184	394	0.026629532
2184	865	0.025965882
2184	104	0.023879314
2184	398	0.022087952
2184	940	0.021960396
2185	381	0.035692643
2185	144	0.035437427
2185	72	0.03530319
2185	71	0.034840625
2185	103	0.03268639
2185	139	0.03252988
2185	719	0.032481022
2185	29	0.032102726
2185	221	0.031278133
2185	67	0.030614655
2186	151	0.034393243
2186	139	0.033599555
2186	103	0.032618385
2186	487	0.032101642
2186	491	0.03204646
2186	66	0.031280678
2186	222	0.029700711
2186	47	0.029459123
2186	70	0.028709557
2186	719	0.028626988
2187	473	0.025445975
2187	1373	0.025127117
2187	236	0.024933666
2187	243	0.020815752
2187	1633	0.02005393
2187	379	0.01879931
2187	625	0.018332787
2187	888	0.017907258
2187	1508	0.017528325
2187	1303	0.016887382
2188	303	0.02216325
2188	43	0.022080315
2188	62	0.021024449
2188	200	0.02093638
2188	171	0.02085468
2188	33	0.020666657
2188	269	0.020325862
2188	547	0.020036168
2188	331	0.019727245
2188	287	0.019325864
2189	142	0.033988
2189	232	0.025095519
2189	123	0.024973026
2189	58	0.024798019
2189	226	0.024146138
2189	290	0.023501808
2189	283	0.022840908
2189	10	0.02179003
2189	94	0.02143577
2189	334	0.02108659
2190	148	0.03013706
2190	71	0.029216116
2190	70	0.028692309
2190	157	0.028473614
2190	36	0.027211936
2190	66	0.026961382
2190	103	0.026433768
2190	139	0.026153667
2190	151	0.026006144
2190	72	0.024066241
2191	66	0.036210433
2191	151	0.030395925
2191	68	0.027651127
2191	157	0.027339425
2191	129	0.02723224
2191	110	0.025851548
2191	72	0.025610281
2191	381	0.024606401
2191	225	0.022176191
2191	71	0.021635748
2192	157	0.04207239
2192	68	0.041719493
2192	72	0.033476736
2192	70	0.031582225
2192	59	0.031048335
2192	53	0.029915405
2192	144	0.02950406
2192	25	0.02865003
2192	495	0.027833974
2192	491	0.02686835
2193	895	0.01989051
2193	886	0.01974074
2193	110	0.019672643
2193	384	0.017311329
2193	94	0.017142715
2193	893	0.01693016
2193	841	0.016700532
2193	810	0.016224548
2193	168	0.016192077
2193	468	0.015973685
2194	231	0.047678225
2194	153	0.040522303
2194	232	0.037046317
2194	1408	0.02836375
2194	1159	0.026970398
2194	1047	0.025804685
2194	318	0.025408518
2194	1398	0.024015069
2194	334	0.023156855
2194	677	0.023043636
2195	132	0.029159231
2195	153	0.028531596
2195	384	0.027589906
2195	146	0.024985185
2195	246	0.024434177
2195	123	0.023464119
2195	334	0.02191767
2195	10	0.02187591
2195	166	0.021070791
2195	290	0.021039082
2196	404	0.04068095
2196	1437	0.030924914
2196	156	0.028504195
2196	339	0.024434011
2196	824	0.024248518
2196	1006	0.02137564
2196	1354	0.020701628
2196	27	0.0203532
2196	1211	0.020019269
2196	647	0.019473577
2197	915	0.02779201
2197	8	0.02357279
2197	851	0.02105261
2197	257	0.020658158
2197	245	0.020226689
2197	993	0.019165115
2197	1426	0.018757602
2197	172	0.01865283
2197	904	0.018567484
2197	2	0.018419016
2198	344	0.025837041
2198	414	0.025079075
2198	216	0.024798552
2198	306	0.02325345
2198	811	0.022543903
2198	378	0.022534095
2198	1002	0.022056222
2198	58	0.02173049
2198	970	0.020716187
2198	106	0.020148601
2199	94	0.0321882
2199	318	0.028087039
2199	58	0.027921831
2199	283	0.026817452
2199	343	0.025382895
2199	290	0.024945615
2199	123	0.02438061
2199	352	0.022354444
2199	306	0.02121298
2199	252	0.021086786
2200	364	0.02968459
2200	18	0.027967196
2200	53	0.027506799
2200	432	0.026882727
2200	680	0.026145823
2200	495	0.023743453
2200	222	0.023236945
2200	487	0.02297272
2200	381	0.022335561
2200	177	0.022300167
2201	118	0.06099234
2201	1193	0.03754131
2201	408	0.032087225
2201	125	0.026974466
2201	134	0.025400683
2201	783	0.02442222
2201	775	0.02282046
2201	410	0.022223035
2201	422	0.022220472
2201	612	0.021975625
2202	72	0.028311687
2202	547	0.027492179
2202	383	0.027411573
2202	46	0.026972404
2202	381	0.025709875
2202	221	0.025106005
2202	25	0.024924126
2202	144	0.02443728
2202	222	0.023632156
2202	69	0.023605585
2203	68	0.042877764
2203	151	0.03852042
2203	71	0.03805768
2203	157	0.03669701
2203	48	0.035167485
2203	144	0.033807565
2203	784	0.0315604
2203	487	0.031530067
2203	428	0.030061573
2203	495	0.029792048
2204	257	0.027246306
2204	74	0.024486452
2204	773	0.024245696
2204	18	0.022023303
2204	53	0.021801785
2204	15	0.020420413
2204	915	0.020301877
2204	129	0.020256763
2204	362	0.019780518
2204	283	0.01959633
2205	477	0.034676243
2205	92	0.033419903
2205	1491	0.03026524
2205	1615	0.02945967
2205	391	0.025722109
2205	1338	0.022386046
2205	393	0.022056557
2205	202	0.021656465
2205	1435	0.02147878
2205	796	0.020748658
2206	286	0.034847446
2206	148	0.027524907
2206	142	0.025638292
2206	54	0.024256157
2206	36	0.022115825
2206	139	0.021861851
2206	283	0.021538636
2206	226	0.021292968
2206	53	0.0209324
2206	132	0.020922873
2207	62	0.026084695
2207	402	0.024281073
2207	44	0.023305008
2207	108	0.021953076
2207	127	0.020664275
2207	47	0.020650368
2207	334	0.019746048
2207	463	0.019230267
2207	768	0.019157354
2207	48	0.019151295
2208	48	0.034212034
2208	72	0.0319526
2208	103	0.031695317
2208	719	0.03143186
2208	151	0.031427637
2208	144	0.03103297
2208	225	0.030947993
2208	105	0.029835854
2208	70	0.029632965
2208	44	0.0296106
2209	157	0.02713378
2209	48	0.027086252
2209	175	0.022628013
2209	103	0.022434607
2209	69	0.02058545
2209	66	0.019450136
2209	71	0.018600062
2209	44	0.017861757
2209	164	0.017211396
2209	70	0.017172288
2210	402	0.029088397
2210	127	0.024211256
2210	806	0.023533026
2210	262	0.021828765
2210	802	0.01986864
2210	1004	0.01978146
2210	883	0.019581044
2210	202	0.01895773
2210	232	0.018650705
2210	324	0.018233463
2211	104	0.027206393
2211	59	0.02653453
2211	58	0.024259025
2211	256	0.023081597
2211	47	0.021818196
2211	463	0.021265285
2211	148	0.020468758
2211	408	0.020321077
2211	70	0.019929295
2211	769	0.019377664
2212	139	0.03779835
2212	103	0.03734577
2212	25	0.036889814
2212	0	0.036778823
2212	53	0.03574248
2212	222	0.0354853
2212	719	0.035298176
2212	48	0.03396203
2212	151	0.033782385
2212	495	0.03353019
2213	326	0.030305313
2213	256	0.028347244
2213	142	0.02724878
2213	53	0.027172184
2213	385	0.026869293
2213	25	0.023964776
2213	651	0.023842959
2213	47	0.023442112
2213	283	0.02208014
2213	64	0.02095292
2214	1130	0.02854269
2214	1492	0.027271995
2214	230	0.022961536
2214	1132	0.020946912
2214	257	0.020945264
2214	1305	0.019689176
2214	1007	0.019611606
2214	329	0.019397317
2214	915	0.018413708
2214	843	0.017568195
2215	1082	0.061670046
2215	329	0.0507444
2215	419	0.037011396
2215	1193	0.026660254
2215	656	0.025692105
2215	657	0.024853555
2215	961	0.022026941
2215	1113	0.020603528
2215	924	0.020390991
2215	1166	0.020104384
2216	36	0.020988971
2216	123	0.020761918
2216	119	0.02005291
2216	171	0.019449562
2216	10	0.01934791
2216	390	0.01914334
2216	61	0.018924825
2216	43	0.018317498
2216	249	0.01751597
2216	345	0.016652515
2217	306	0.029592283
2217	378	0.02469211
2217	333	0.021724451
2217	14	0.021542214
2217	256	0.020470308
2217	61	0.020131888
2217	269	0.0197365
2217	164	0.019087873
2217	58	0.019064013
2217	87	0.019033799
2218	453	0.046341807
2218	98	0.042306457
2218	1188	0.036427733
2218	940	0.035645377
2218	1520	0.03370244
2218	452	0.033149637
2218	394	0.031771105
2218	398	0.031555384
2218	1387	0.031381864
2218	209	0.030985408
2219	1191	0.030399024
2219	907	0.025345895
2219	802	0.024987245
2219	899	0.0230921
2219	699	0.022450611
2219	402	0.021397734
2219	806	0.021372918
2219	1255	0.021036131
2219	518	0.020889638
2219	1145	0.020838007
2220	59	0.02928317
2220	221	0.02781587
2220	303	0.025583599
2220	291	0.025109041
2220	256	0.024594756
2220	414	0.02396727
2220	74	0.022382556
2220	333	0.021492466
2220	64	0.020799417
2220	29	0.020525327
2221	326	0.022382211
2221	139	0.021463815
2221	283	0.021125188
2221	36	0.019988203
2221	142	0.018220104
2221	803	0.017626245
2221	58	0.016337063
2221	48	0.016236622
2221	153	0.016188197
2221	94	0.016142568
2222	1188	0.044806246
2222	452	0.043414626
2222	394	0.038066678
2222	612	0.035484128
2222	865	0.03430579
2222	453	0.033807233
2222	134	0.032710325
2222	783	0.0325105
2222	422	0.032236382
2222	1135	0.031409543
2223	802	0.031765666
2223	806	0.026490223
2223	171	0.025717845
2223	45	0.024994936
2223	95	0.023432262
2223	401	0.02261715
2223	37	0.02207534
2223	185	0.02095188
2223	739	0.019745043
2223	377	0.019723166
2224	482	0.04710664
2224	181	0.043595534
2224	909	0.04047399
2224	406	0.03609002
2224	359	0.035492487
2224	292	0.033556417
2224	194	0.03291039
2224	400	0.031459227
2224	910	0.028147519
2224	1260	0.02670806
2225	571	0.021126533
2225	580	0.020601584
2225	556	0.01989537
2225	893	0.01882654
2225	380	0.01875005
2225	937	0.017929146
2225	1450	0.017613381
2225	796	0.017287744
2225	296	0.017188417
2225	815	0.017070746
2226	68	0.031156156
2226	157	0.028589122
2226	59	0.026681166
2226	53	0.022589196
2226	109	0.022469621
2226	44	0.022377154
2226	103	0.02234509
2226	273	0.020799074
2226	216	0.02061878
2226	129	0.020450782
2227	29	0.031994075
2227	383	0.029674035
2227	222	0.029103238
2227	42	0.028544558
2227	247	0.028281178
2227	491	0.027836034
2227	719	0.027642407
2227	47	0.027386546
2227	48	0.027197825
2227	0	0.027075892
2228	323	0.036448415
2228	1201	0.035362236
2228	219	0.033289842
2228	368	0.032989863
2228	596	0.03215693
2228	346	0.028089289
2228	700	0.027639369
2228	365	0.02555993
2228	874	0.025209809
2228	774	0.025022155
2229	94	0.029166872
2229	290	0.029067678
2229	142	0.02852248
2229	318	0.02716826
2229	384	0.025764626
2229	232	0.025409967
2229	58	0.02513837
2229	283	0.024279593
2229	143	0.02427234
2229	321	0.024253855
2230	157	0.024783496
2230	0	0.02113206
2230	204	0.018348237
2230	103	0.018218365
2230	1399	0.018084148
2230	216	0.017116506
2230	1241	0.016626697
2230	110	0.016593762
2230	690	0.016331105
2230	221	0.01623796
2231	151	0.041455686
2231	48	0.040504277
2231	68	0.039459687
2231	157	0.038737457
2231	381	0.03571162
2231	72	0.032424204
2231	222	0.03168301
2231	175	0.031485163
2231	70	0.03119933
2231	144	0.03100877
2232	66	0.038412757
2232	151	0.03692264
2232	157	0.0359974
2232	103	0.034609735
2232	71	0.024656402
2232	381	0.02297952
2232	48	0.021804206
2232	53	0.021631217
2232	225	0.018235411
2232	70	0.017410144
2233	109	0.021534428
2233	272	0.01801022
2233	267	0.017697515
2233	171	0.01714926
2233	378	0.017054718
2233	905	0.016891921
2233	1191	0.01681907
2233	129	0.016702102
2233	847	0.016295454
2233	518	0.015980572
2234	66	0.034701187
2234	381	0.03432158
2234	103	0.032544974
2234	151	0.032117482
2234	72	0.02966207
2234	68	0.029501494
2234	216	0.02659275
2234	144	0.023100223
2234	495	0.022815496
2234	784	0.022670576
2235	179	0.03375845
2235	183	0.029371327
2235	186	0.027927153
2235	733	0.025276689
2235	1421	0.02454035
2235	38	0.023089947
2235	39	0.022697175
2235	1607	0.0219629
2235	37	0.021748595
2235	180	0.01989959
2236	71	0.024362888
2236	66	0.023834193
2236	68	0.0229451
2236	53	0.020682992
2236	67	0.0193643
2236	72	0.019311382
2236	103	0.018627286
2236	123	0.01720036
2236	59	0.016763445
2236	25	0.016552694
2237	377	0.03151874
2237	123	0.024290426
2237	450	0.02021761
2237	385	0.020213678
2237	89	0.01979885
2237	854	0.018833585
2237	424	0.01881393
2237	814	0.018638324
2237	137	0.01822892
2237	345	0.018024167
2238	854	0.026808515
2238	497	0.021113224
2238	993	0.020212399
2238	1052	0.018939951
2238	653	0.018626302
2238	150	0.018550778
2238	1581	0.017873872
2238	41	0.016785929
2238	1194	0.016629407
2238	146	0.016419295
2239	303	0.021379748
2239	72	0.018502941
2239	372	0.018118273
2239	0	0.018017637
2239	287	0.017497579
2239	360	0.01690157
2239	397	0.015951313
2239	46	0.015777774
2239	222	0.015773555
2239	274	0.01567536
2240	37	0.030734714
2240	1400	0.0204827
2240	121	0.02002592
2240	61	0.019939959
2240	1064	0.019776935
2240	614	0.019588107
2240	1343	0.019142088
2240	906	0.01874493
2240	216	0.017969972
2240	267	0.017686099
2241	356	0.022289047
2241	352	0.022247598
2241	54	0.020999778
2241	142	0.020763924
2241	116	0.018931014
2241	564	0.017732069
2241	281	0.01724827
2241	706	0.0163542
2241	145	0.01617622
2241	982	0.01616284
2242	373	0.024235845
2242	47	0.023420768
2242	94	0.022397159
2242	132	0.022180852
2242	139	0.02188242
2242	58	0.021433461
2242	232	0.021188045
2242	243	0.021098534
2242	318	0.020991808
2242	1002	0.020430965
2243	79	0.031447586
2243	1082	0.027064495
2243	1204	0.02600568
2243	359	0.023032645
2243	565	0.022166781
2243	121	0.021815863
2243	740	0.020217037
2243	911	0.019705722
2243	961	0.019683635
2243	406	0.018736348
2244	66	0.040627982
2244	157	0.03806379
2244	151	0.03604204
2244	71	0.028551865
2244	53	0.026386356
2244	381	0.026353395
2244	70	0.022938365
2244	48	0.022211643
2244	225	0.021717936
2244	25	0.019389667
2245	1325	0.023132553
2245	8	0.020725986
2245	915	0.02059745
2245	432	0.020141413
2245	381	0.019321721
2245	18	0.018798085
2245	72	0.017648673
2245	118	0.017473267
2245	230	0.01548537
2245	429	0.0151317045
2246	463	0.040428013
2246	88	0.031188847
2246	474	0.026165742
2246	277	0.024870016
2246	445	0.023608131
2246	1496	0.022207774
2246	1158	0.020956066
2246	441	0.020946356
2246	1420	0.020642236
2246	48	0.01991469
2247	256	0.029150944
2247	62	0.027894882
2247	774	0.026675237
2247	225	0.024860572
2247	408	0.022701643
2247	677	0.022186397
2247	1188	0.021715432
2247	98	0.021207165
2247	612	0.019954901
2247	323	0.01956448
2248	103	0.036474902
2248	495	0.03502379
2248	66	0.034630578
2248	222	0.033695415
2248	487	0.03357595
2248	53	0.0332604
2248	25	0.033112563
2248	46	0.03294771
2248	44	0.032815978
2248	147	0.032183412
2249	474	0.0410783
2249	62	0.040785905
2249	333	0.02769835
2249	340	0.0273949
2249	498	0.027259141
2249	372	0.026378453
2249	311	0.02436815
2249	303	0.023188883
2249	287	0.022971893
2249	1519	0.02158717
2250	164	0.027096713
2250	67	0.024434175
2250	200	0.023828719
2250	72	0.02335157
2250	56	0.023103528
2250	414	0.022565303
2250	71	0.022346215
2250	259	0.021516645
2250	784	0.021400174
2250	204	0.021204092
2251	426	0.0442617
2251	1495	0.043685704
2251	167	0.034924544
2251	693	0.025038539
2251	902	0.02333605
2251	1447	0.022057736
2251	8	0.02091932
2251	773	0.01902359
2251	915	0.018918842
2251	785	0.018818527
2252	105	0.026738599
2252	487	0.022976724
2252	1322	0.022475766
2252	703	0.021541797
2252	81	0.021429937
2252	69	0.02060862
2252	1045	0.02030591
2252	1051	0.020152895
2252	222	0.019098435
2252	491	0.018733542
2253	337	0.018585788
2253	200	0.017926985
2253	768	0.017731639
2253	195	0.017274553
2253	287	0.01646252
2253	493	0.016327545
2253	327	0.015710495
2253	72	0.015196447
2253	1059	0.015073377
2253	43	0.015037255
2254	104	0.035775676
2254	394	0.034662146
2254	256	0.03374086
2254	118	0.033704795
2254	783	0.03286503
2254	1188	0.03044833
2254	15	0.030053904
2254	865	0.029587122
2254	769	0.029335184
2254	422	0.028811881
2255	148	0.04310169
2255	103	0.039371833
2255	381	0.033147827
2255	48	0.032077402
2255	225	0.026421562
2255	70	0.023843389
2255	42	0.023652483
2255	44	0.023520743
2255	25	0.022093313
2255	719	0.021804433
2256	175	0.028244384
2256	345	0.0264497
2256	10	0.026188519
2256	314	0.024326324
2256	344	0.023771768
2256	318	0.023689413
2256	181	0.023564318
2256	58	0.023410853
2256	47	0.021753417
2256	286	0.02118525
2257	103	0.025889145
2257	1615	0.023410782
2257	477	0.02325922
2257	148	0.02295211
2257	23	0.022383291
2257	92	0.021443535
2257	157	0.01955286
2257	151	0.018100245
2257	224	0.01807621
2257	1435	0.018021524
2258	404	0.02970704
2258	1451	0.025202835
2258	895	0.024075197
2258	153	0.022872087
2258	1158	0.022668835
2258	1523	0.022365795
2258	231	0.021633985
2258	288	0.021603484
2258	509	0.020968748
2258	88	0.018909467
2259	427	0.028208664
2259	425	0.02646258
2259	429	0.023440689
2259	1551	0.022214053
2259	1094	0.021870516
2259	435	0.02177275
2259	79	0.019602742
2259	433	0.019526666
2259	993	0.01923546
2259	20	0.018068094
2260	104	0.030486282
2260	394	0.028246881
2260	79	0.02759418
2260	1129	0.023763387
2260	408	0.023716545
2260	98	0.02366642
2260	612	0.022640802
2260	769	0.02214433
2260	783	0.02156322
2260	452	0.020991152
2261	68	0.022976032
2261	48	0.020522254
2261	334	0.019496633
2261	103	0.019182416
2261	139	0.018490963
2261	341	0.018080179
2261	803	0.017077388
2261	146	0.017071674
2261	377	0.0169795
2261	153	0.01686124
2262	987	0.027410842
2262	103	0.022820637
2262	1204	0.020021463
2262	621	0.019325497
2262	210	0.018899262
2262	434	0.018195353
2262	381	0.01780533
2262	81	0.01731246
2262	1312	0.016718417
2262	68	0.016590802
2263	783	0.05219213
2263	422	0.0515484
2263	612	0.038927004
2263	394	0.03876984
2263	398	0.037376113
2263	104	0.035938796
2263	865	0.033244018
2263	940	0.032820724
2263	682	0.032447983
2263	1529	0.030887268
2264	88	0.031065995
2264	288	0.027435992
2264	334	0.023592515
2264	463	0.02251828
2264	900	0.022504255
2264	827	0.02223115
2264	167	0.022082843
2264	153	0.020486683
2264	345	0.020092258
2264	102	0.01824786
2265	381	0.044516474
2265	784	0.04139885
2265	71	0.04104805
2265	68	0.040899757
2265	103	0.038965143
2265	487	0.03789871
2265	383	0.03677242
2265	151	0.036381308
2265	70	0.036331035
2265	48	0.035905402
2266	185	0.026972594
2266	402	0.025753686
2266	108	0.024535771
2266	151	0.024210695
2266	127	0.023949767
2266	36	0.022977276
2266	44	0.022467973
2266	1023	0.0217662
2266	157	0.020567201
2266	115	0.018339228
2267	50	0.027516665
2267	71	0.027245915
2267	383	0.026857479
2267	719	0.026408687
2267	29	0.026061904
2267	381	0.024794746
2267	47	0.024753366
2267	784	0.024679797
2267	72	0.024628751
2267	144	0.02346553
2268	71	0.036801815
2268	719	0.03633208
2268	139	0.035120837
2268	144	0.033961043
2268	47	0.033271898
2268	103	0.032661058
2268	48	0.03264611
2268	70	0.032311622
2268	29	0.03205935
2268	495	0.031506088
2269	29	0.03409381
2269	719	0.03235432
2269	25	0.0318952
2269	784	0.0309229
2269	0	0.030713664
2269	53	0.030513959
2269	72	0.029992975
2269	383	0.029915689
2269	381	0.029709673
2269	68	0.029370598
2270	53	0.032817513
2270	381	0.032799173
2270	103	0.029654348
2270	25	0.029511238
2270	72	0.028311322
2270	216	0.028199034
2270	68	0.02792434
2270	144	0.027761059
2270	224	0.027237315
2270	0	0.026114536
2271	42	0.024014585
2271	44	0.022780787
2271	31	0.022724867
2271	447	0.022500617
2271	1189	0.022348382
2271	695	0.021243848
2271	955	0.021166032
2271	690	0.020404352
2271	186	0.020149773
2271	34	0.02013327
2272	336	0.029513853
2272	163	0.028566819
2272	219	0.02820458
2272	368	0.027968245
2272	327	0.027805716
2272	822	0.027621794
2272	346	0.02585492
2272	365	0.025682302
2272	651	0.02521005
2272	493	0.024556171
2273	68	0.042483732
2273	139	0.04035574
2273	72	0.039648686
2273	103	0.03899979
2273	53	0.036659367
2273	48	0.03656831
2273	225	0.035376105
2273	784	0.03518983
2273	383	0.035025503
2273	148	0.034991037
2274	181	0.044286247
2274	1260	0.040865358
2274	482	0.038462125
2274	1404	0.031844426
2274	913	0.031838596
2274	292	0.0316725
2274	406	0.031335335
2274	317	0.029496621
2274	1605	0.027594144
2274	194	0.026495151
2275	387	0.024665145
2275	345	0.022863524
2275	23	0.020921968
2275	92	0.02009902
2275	616	0.019777242
2275	162	0.019494629
2275	47	0.019456621
2275	173	0.019188233
2275	196	0.01881401
2275	175	0.018487416
2276	625	0.03856063
2276	795	0.03310949
2276	445	0.028707858
2276	447	0.028519234
2276	1051	0.02769627
2276	1548	0.026769128
2276	1045	0.026557516
2276	632	0.026463106
2276	232	0.026351612
2276	1282	0.02553205
2277	22	0.021954633
2277	402	0.021471012
2277	488	0.019739833
2277	1276	0.019732824
2277	37	0.01952189
2277	719	0.0191739
2277	1269	0.018552953
2277	53	0.017750477
2277	411	0.017706966
2277	332	0.017628618
2278	432	0.028193586
2278	908	0.027589321
2278	22	0.025817867
2278	915	0.025663715
2278	18	0.024600489
2278	126	0.022628859
2278	119	0.022211064
2278	773	0.02205336
2278	75	0.022049427
2278	12	0.021391656
2279	74	0.02753474
2279	216	0.02490993
2279	164	0.024497617
2279	306	0.02155161
2279	842	0.019956147
2279	175	0.01920283
2279	61	0.01904527
2279	424	0.018696476
2279	271	0.018298779
2279	345	0.017723322
2280	71	0.034877747
2280	144	0.033804517
2280	273	0.032753836
2280	719	0.03272402
2280	103	0.032391604
2280	68	0.032254588
2280	64	0.03164652
2280	151	0.030119114
2280	157	0.02975312
2280	495	0.029446349
2281	123	0.021782732
2281	71	0.020730402
2281	87	0.020329531
2281	139	0.019500416
2281	47	0.019323463
2281	74	0.019266767
2281	53	0.01848335
2281	61	0.018192986
2281	164	0.017659126
2281	43	0.017582642
2282	181	0.08032911
2282	909	0.07594175
2282	314	0.075656146
2282	292	0.07416205
2282	317	0.061654184
2282	1281	0.031230295
2282	910	0.030230787
2282	913	0.028567985
2282	1050	0.027670585
2282	73	0.026856441
2283	286	0.03791798
2283	231	0.03578556
2283	1032	0.032525446
2283	801	0.030015651
2283	153	0.02834779
2283	58	0.027914882
2283	625	0.02732916
2283	229	0.025955714
2283	326	0.024460977
2283	373	0.024122823
2284	2	0.023515802
2284	778	0.021852471
2284	911	0.020650847
2284	22	0.020631688
2284	53	0.019619733
2284	79	0.018695582
2284	8	0.017910698
2284	103	0.017750574
2284	1343	0.01683908
2284	464	0.016741702
2285	344	0.042044092
2285	378	0.036487646
2285	123	0.036315598
2285	970	0.033598457
2285	141	0.031403158
2285	13	0.029508583
2285	249	0.02909544
2285	1113	0.026904607
2285	384	0.026888797
2285	166	0.026034718
2286	12	0.02709998
2286	1587	0.022903794
2286	402	0.021794088
2286	570	0.020448254
2286	52	0.019099485
2286	488	0.019003687
2286	1269	0.018921353
2286	851	0.018705476
2286	1354	0.018444512
2286	1119	0.01774951
2287	325	0.03414111
2287	416	0.03347709
2287	1399	0.03214006
2287	1211	0.030454798
2287	1228	0.029405449
2287	1145	0.029402778
2287	1120	0.029393125
2287	1405	0.029290857
2287	1274	0.029235927
2287	1402	0.028055308
2288	261	0.023215264
2288	374	0.02201295
2288	66	0.02189581
2288	157	0.019734254
2288	48	0.019307088
2288	741	0.01837595
2288	151	0.01812281
2288	727	0.017974174
2288	149	0.017467035
2288	979	0.017131414
2289	1072	0.027488591
2289	1018	0.026612004
2289	1062	0.025724052
2289	1065	0.024102865
2289	1070	0.02406304
2289	1563	0.024002902
2289	1043	0.02398801
2289	477	0.022942463
2289	1068	0.022832585
2289	1064	0.021736575
2290	157	0.033432893
2290	66	0.028841194
2290	44	0.024961451
2290	225	0.02451421
2290	463	0.024338976
2290	72	0.023939304
2290	31	0.023337077
2290	447	0.022829376
2290	445	0.022799095
2290	42	0.022270016
2291	342	0.030436486
2291	1581	0.023257593
2291	109	0.022799933
2291	6	0.022538079
2291	716	0.02120976
2291	1286	0.020456929
2291	732	0.01919293
2291	431	0.019126134
2291	1287	0.01902232
2291	647	0.018902825
2292	103	0.03908118
2292	42	0.03706014
2292	381	0.030995786
2292	0	0.030992853
2292	71	0.030817969
2292	53	0.030474473
2292	428	0.028738046
2292	70	0.028146904
2292	222	0.026655933
2292	383	0.02644172
2293	452	0.032940395
2293	209	0.03224347
2293	453	0.030826103
2293	1188	0.030640105
2293	115	0.028682029
2293	198	0.028436916
2293	1135	0.02790363
2293	769	0.025203496
2293	79	0.025028076
2293	104	0.024621774
2294	495	0.0214346
2294	8	0.01984328
2294	17	0.018790323
2294	360	0.018608622
2294	216	0.01859921
2294	224	0.018355865
2294	419	0.01790967
2294	193	0.017311031
2294	362	0.01719819
2294	86	0.016823418
2295	148	0.029990273
2295	157	0.028319824
2295	42	0.027104437
2295	139	0.026791953
2295	103	0.02098476
2295	50	0.019023143
2295	294	0.018456407
2295	491	0.01826524
2295	273	0.018262088
2295	0	0.017960228
2296	432	0.025832724
2296	429	0.022707434
2296	992	0.021608109
2296	488	0.021425804
2296	1276	0.019763846
2296	146	0.019743344
2296	53	0.019730395
2296	405	0.019466026
2296	642	0.019154627
2296	9	0.018935192
2297	164	0.027399486
2297	74	0.025279403
2297	53	0.023811994
2297	257	0.023691192
2297	125	0.021598695
2297	648	0.021488987
2297	1083	0.020958353
2297	25	0.020143868
2297	61	0.01987745
2297	47	0.01984273
2298	181	0.05846351
2298	406	0.05575731
2298	400	0.05252035
2298	482	0.05251293
2298	359	0.051567044
2298	909	0.050233528
2298	317	0.04714544
2298	1260	0.042819344
2298	343	0.040444117
2298	298	0.03770108
2299	126	0.027338425
2299	911	0.025649853
2299	124	0.024929974
2299	2	0.023725202
2299	12	0.022565156
2299	137	0.022545084
2299	22	0.022229336
2299	121	0.02221468
2299	414	0.021639701
2299	119	0.021307996
2300	286	0.028535195
2300	139	0.02673328
2300	148	0.02629414
2300	42	0.024801264
2300	326	0.023834324
2300	283	0.022884527
2300	157	0.022171747
2300	53	0.022032874
2300	66	0.021940617
2300	151	0.021869859
2301	306	0.038258888
2301	344	0.036930066
2301	325	0.030229233
2301	1624	0.02975399
2301	88	0.029205281
2301	408	0.023728255
2301	209	0.023317946
2301	58	0.02273141
2301	339	0.022641575
2301	463	0.021311784
2302	175	0.02055159
2302	58	0.019268816
2302	371	0.017646978
2302	149	0.0168575
2302	318	0.016624933
2302	334	0.016552519
2302	326	0.016487204
2302	1420	0.016022457
2302	75	0.015930086
2302	17	0.015644263
2303	58	0.027138807
2303	123	0.025118932
2303	290	0.024926037
2303	94	0.023307921
2303	318	0.023109503
2303	377	0.022858996
2303	334	0.022857567
2303	345	0.02263579
2303	437	0.021825938
2303	149	0.021654032
2304	348	0.025335252
2304	333	0.023237664
2304	256	0.022821138
2304	1180	0.021522844
2304	287	0.021502767
2304	291	0.02103005
2304	632	0.020689491
2304	372	0.02008153
2304	730	0.019634424
2304	340	0.01905068
2305	651	0.0362103
2305	91	0.026372576
2305	337	0.024389088
2305	364	0.02294565
2305	274	0.022000713
2305	177	0.019523626
2305	173	0.018539904
2305	993	0.018125914
2305	87	0.01802016
2305	163	0.01798937
2306	68	0.033556033
2306	139	0.03118923
2306	44	0.029525345
2306	48	0.029144166
2306	103	0.027868817
2306	72	0.027194588
2306	36	0.027106175
2306	59	0.025800133
2306	70	0.02544328
2306	719	0.024815287
2307	13	0.026851187
2307	408	0.025150735
2307	280	0.021852104
2307	194	0.021397172
2307	400	0.020626158
2307	609	0.019493176
2307	811	0.019377043
2307	14	0.019361265
2307	1152	0.019196313
2307	180	0.018992072
2308	257	0.034444567
2308	59	0.025059244
2308	1533	0.021716049
2308	329	0.020935938
2308	287	0.020441605
2308	11	0.0193487
2308	1193	0.018968536
2308	2	0.018441828
2308	21	0.017999096
2308	61	0.017917661
2309	10	0.03797697
2309	374	0.029576115
2309	163	0.027442785
2309	345	0.02639051
2309	1002	0.025300078
2309	54	0.024704732
2309	111	0.02428056
2309	246	0.023187399
2309	132	0.02297831
2309	384	0.022970483
2310	789	0.051241063
2310	677	0.03908017
2310	1367	0.030642666
2310	1518	0.02820308
2310	1019	0.024960306
2310	147	0.023962108
2310	676	0.023872372
2310	360	0.023445759
2310	1460	0.022533579
2310	1244	0.02149624
2311	123	0.028905096
2311	379	0.023525856
2311	334	0.02136191
2311	175	0.01994433
2311	296	0.01960409
2311	345	0.019115852
2311	10	0.018926784
2311	450	0.01739416
2311	54	0.016941322
2311	470	0.01690326
2312	151	0.044887036
2312	103	0.043995727
2312	381	0.043884084
2312	48	0.03969511
2312	0	0.03617319
2312	42	0.036076665
2312	144	0.03533902
2312	25	0.03469618
2312	147	0.03462586
2312	47	0.032937016
2313	37	0.02275353
2313	194	0.020563567
2313	123	0.019512733
2313	73	0.018213686
2313	706	0.017666059
2313	370	0.01703556
2313	934	0.015870694
2313	1399	0.01564651
2313	127	0.015611332
2313	905	0.015466037
2314	139	0.04369938
2314	71	0.042154368
2314	428	0.04200065
2314	487	0.041841615
2314	70	0.040638454
2314	222	0.040493634
2314	53	0.03876597
2314	29	0.038153213
2314	273	0.03808155
2314	224	0.03755593
2315	1343	0.031279102
2315	1130	0.026652565
2315	22	0.025622403
2315	135	0.02522068
2315	17	0.024769424
2315	257	0.024642184
2315	14	0.024520334
2315	1256	0.024331376
2315	124	0.023900993
2315	306	0.023491314
2316	428	0.027775904
2316	719	0.027589
2316	381	0.026456084
2316	47	0.02599567
2316	69	0.025058888
2316	487	0.02485002
2316	103	0.024591818
2316	71	0.024439832
2316	151	0.024326075
2316	383	0.023962267
2317	359	0.021128267
2317	377	0.020458266
2317	88	0.020311784
2317	123	0.019531127
2317	841	0.01933741
2317	296	0.01910528
2317	1002	0.01906974
2317	290	0.018521372
2317	706	0.01845321
2317	283	0.018278727
2318	123	0.028497282
2318	58	0.025884135
2318	226	0.023343788
2318	47	0.02271449
2318	175	0.022444148
2318	10	0.021939408
2318	437	0.020519493
2318	54	0.020404754
2318	164	0.019760152
2318	87	0.019185662
2319	139	0.031870212
2319	36	0.026860474
2319	175	0.02502187
2319	719	0.0241274
2319	163	0.023641478
2319	64	0.023089398
2319	68	0.023015847
2319	72	0.022450468
2319	162	0.021947602
2319	50	0.021894125
2320	148	0.049833383
2320	157	0.046880595
2320	68	0.03990032
2320	71	0.036244795
2320	381	0.031959128
2320	139	0.031130914
2320	44	0.030270467
2320	42	0.029963998
2320	225	0.029872783
2320	53	0.02807272
2321	290	0.026842993
2321	286	0.023960631
2321	345	0.022617409
2321	363	0.022358963
2321	321	0.02232614
2321	334	0.021098265
2321	760	0.019897318
2321	247	0.019730281
2321	383	0.019445144
2321	376	0.019316642
2322	164	0.024613949
2322	163	0.023466786
2322	67	0.020350393
2322	175	0.020307032
2322	35	0.020230094
2322	464	0.019564167
2322	149	0.019470546
2322	129	0.018511651
2322	53	0.018434424
2322	139	0.018072437
2323	148	0.033946455
2323	66	0.0320533
2323	48	0.029368725
2323	42	0.024074262
2323	68	0.022255987
2323	44	0.021835638
2323	625	0.02096677
2323	1145	0.020363864
2323	429	0.019809553
2323	81	0.018025944
2324	331	0.019533565
2324	221	0.019513236
2324	75	0.01727968
2324	260	0.016173704
2324	414	0.01593868
2324	175	0.015933976
2324	200	0.014206865
2324	35	0.014074418
2324	144	0.013941507
2324	105	0.0133247515
2325	719	0.029305581
2325	105	0.028900564
2325	0	0.02855197
2325	29	0.027848804
2325	129	0.027667351
2325	109	0.027041439
2325	383	0.027004346
2325	221	0.026828302
2325	680	0.026755076
2325	495	0.02669484
2326	414	0.027220227
2326	221	0.026644403
2326	204	0.025668632
2326	200	0.021867182
2326	811	0.02185634
2326	64	0.02109182
2326	67	0.01974066
2326	72	0.018586624
2326	569	0.017715443
2326	25	0.017669536
2327	216	0.037794646
2327	221	0.0368073
2327	200	0.031627666
2327	204	0.030077988
2327	811	0.02620736
2327	144	0.024132581
2327	45	0.023731118
2327	164	0.022930786
2327	569	0.022453502
2327	64	0.022197468
2328	333	0.020177487
2328	1489	0.019705152
2328	1002	0.01957739
2328	1328	0.019014053
2328	753	0.018370027
2328	305	0.0181387
2328	1519	0.017817358
2328	833	0.017669175
2328	532	0.01760193
2328	1329	0.01748212
2329	414	0.033554107
2329	216	0.03200682
2329	200	0.026890196
2329	221	0.023313358
2329	22	0.023003165
2329	53	0.022855997
2329	842	0.02224605
2329	64	0.02129613
2329	18	0.021151697
2329	103	0.021025775
2330	441	0.031128127
2330	385	0.030937215
2330	440	0.026794372
2330	444	0.026569346
2330	364	0.025964625
2330	31	0.025550095
2330	799	0.023707585
2330	447	0.022812592
2330	443	0.021762757
2330	442	0.021359935
2331	286	0.027735883
2331	73	0.027416388
2331	201	0.02248351
2331	326	0.018784113
2331	142	0.01862215
2331	1141	0.016954022
2331	989	0.01590027
2331	47	0.014189531
2331	290	0.01377541
2331	59	0.013739373
2332	116	0.02937057
2332	835	0.025400465
2332	833	0.025080962
2332	482	0.022019936
2332	424	0.021690102
2332	964	0.021598246
2332	146	0.02123992
2332	2	0.020841872
2332	181	0.02079159
2332	20	0.020584056
2333	66	0.03039387
2333	151	0.030264672
2333	71	0.030126287
2333	47	0.028083362
2333	46	0.027945366
2333	72	0.0276594
2333	48	0.027641654
2333	222	0.0272372
2333	247	0.027221972
2333	487	0.027015176
2334	378	0.035808988
2334	344	0.032399237
2334	306	0.032118022
2334	166	0.02693713
2334	345	0.026731405
2334	886	0.02559833
2334	379	0.0241297
2334	384	0.02387566
2334	763	0.022436772
2334	547	0.021784611
2335	25	0.019555485
2335	280	0.019111784
2335	362	0.018352797
2335	1266	0.018201472
2335	71	0.017930452
2335	139	0.017022561
2335	495	0.016957665
2335	942	0.016951296
2335	53	0.016430004
2335	17	0.015870433
2336	314	0.028018212
2336	10	0.026768653
2336	374	0.02459897
2336	373	0.023783706
2336	693	0.023622198
2336	149	0.022831725
2336	470	0.022659808
2336	741	0.02214568
2336	345	0.022122847
2336	318	0.021582145
2337	482	0.061512236
2337	406	0.06017235
2337	359	0.056350682
2337	400	0.05623107
2337	292	0.054297816
2337	317	0.053497978
2337	1260	0.043234486
2337	298	0.037372973
2337	209	0.03631402
2337	408	0.028950213
2338	1292	0.0371547
2338	1178	0.031162636
2338	1177	0.02975057
2338	1181	0.028938042
2338	1589	0.028498331
2338	740	0.027551433
2338	734	0.027535193
2338	430	0.02575389
2338	1494	0.023173034
2338	435	0.02296883
2339	219	0.033412926
2339	59	0.031469807
2339	323	0.030954672
2339	822	0.028714128
2339	365	0.028013822
2339	346	0.025889542
2339	123	0.025343925
2339	62	0.02359905
2339	303	0.022385133
2339	195	0.02184114
2340	88	0.030297363
2340	463	0.023682494
2340	736	0.022157313
2340	876	0.021534018
2340	970	0.018816238
2340	58	0.018767707
2340	900	0.01824759
2340	168	0.01798576
2340	379	0.017748194
2340	325	0.016832097
2341	269	0.023038534
2341	72	0.022639327
2341	25	0.018549562
2341	773	0.018347437
2341	18	0.018165577
2341	164	0.01800168
2341	8	0.01693799
2341	67	0.016866257
2341	259	0.01668527
2341	495	0.016571455
2342	444	0.0313481
2342	447	0.029931163
2342	31	0.028613646
2342	446	0.025819303
2342	553	0.021455493
2342	88	0.021112438
2342	767	0.02110198
2342	44	0.020748038
2342	1032	0.018896097
2342	42	0.017064603
2343	384	0.026759606
2343	118	0.025463143
2343	168	0.025241278
2343	141	0.021848734
2343	1130	0.020807425
2343	763	0.020669471
2343	1001	0.020062853
2343	825	0.019770449
2343	345	0.01846671
2343	21	0.01814488
2344	915	0.018455144
2344	475	0.016862402
2344	483	0.016274577
2344	773	0.016196325
2344	112	0.01602445
2344	700	0.01546063
2344	1209	0.014392411
2344	471	0.014093669
2344	18	0.013763136
2344	571	0.013661215
2345	79	0.02826137
2345	332	0.021839412
2345	78	0.020748697
2345	192	0.019745866
2345	629	0.01953252
2345	276	0.019393735
2345	81	0.018276596
2345	987	0.018194536
2345	883	0.018152574
2345	432	0.018144403
2346	148	0.027766697
2346	151	0.023231331
2346	157	0.021547843
2346	37	0.021248883
2346	67	0.019157846
2346	381	0.018197073
2346	464	0.01818266
2346	72	0.018154072
2346	784	0.017617144
2346	109	0.017324965
2347	571	0.019976912
2347	652	0.019182177
2347	715	0.018684285
2347	14	0.018059112
2347	377	0.017780045
2347	638	0.016514583
2347	117	0.016271615
2347	616	0.01579539
2347	555	0.0154484045
2347	196	0.015348485
2348	157	0.037755996
2348	68	0.037683874
2348	53	0.037552726
2348	103	0.03747588
2348	44	0.037404995
2348	139	0.035084352
2348	680	0.03454634
2348	70	0.034215346
2348	381	0.03391271
2348	273	0.033658165
2349	948	0.043472096
2349	789	0.04235345
2349	677	0.032608975
2349	687	0.024623187
2349	210	0.02255507
2349	66	0.022275073
2349	474	0.02078814
2349	62	0.020703953
2349	156	0.019605726
2349	595	0.019472914
2350	326	0.021324405
2350	286	0.021038512
2350	142	0.01829768
2350	343	0.016695974
2350	115	0.014287313
2350	333	0.013986505
2350	470	0.013962725
2350	155	0.0138791045
2350	10	0.013798427
2350	58	0.013706992
2351	635	0.025504345
2351	437	0.024660869
2351	139	0.02142783
2351	678	0.017919216
2351	1292	0.017496368
2351	1265	0.016956078
2351	384	0.016861796
2351	1336	0.01683325
2351	1356	0.015928902
2351	945	0.01577492
2352	66	0.04344293
2352	157	0.04130208
2352	103	0.03167483
2352	68	0.028142342
2352	48	0.027294882
2352	381	0.022887692
2352	71	0.022285348
2352	44	0.0184662
2352	42	0.018369017
2352	225	0.0174451
2353	249	0.021926401
2353	345	0.020878324
2353	43	0.020605423
2353	162	0.01985012
2353	470	0.018124009
2353	69	0.018066503
2353	166	0.016971946
2353	348	0.01688748
2353	175	0.016784482
2353	227	0.016772183
2354	66	0.04011956
2354	139	0.039307628
2354	48	0.038299486
2354	381	0.037193842
2354	71	0.036166728
2354	53	0.03547979
2354	70	0.034099903
2354	44	0.03388828
2354	273	0.032206032
2354	222	0.031044748
2355	204	0.028630883
2355	11	0.025533153
2355	811	0.020131204
2355	74	0.018995358
2355	1193	0.018332304
2355	198	0.018005434
2355	715	0.0178851
2355	490	0.017519437
2355	1070	0.017415646
2355	987	0.016870288
2356	463	0.035756618
2356	474	0.032696597
2356	195	0.024394698
2356	345	0.021770397
2356	385	0.020849477
2356	334	0.02046838
2356	498	0.018532306
2356	123	0.018079543
2356	256	0.01759601
2356	175	0.017494362
2357	202	0.027289452
2357	185	0.023524959
2357	381	0.021047648
2357	680	0.020044643
2357	224	0.019562116
2357	495	0.019138379
2357	719	0.019113975
2357	144	0.01906898
2357	68	0.018890126
2357	48	0.01885845
2358	157	0.028962579
2358	151	0.026905484
2358	48	0.023361335
2358	283	0.023354817
2358	103	0.02259565
2358	68	0.021658048
2358	94	0.021033077
2358	139	0.020672685
2358	290	0.02048187
2358	232	0.020434948
2359	340	0.025371976
2359	958	0.023310406
2359	236	0.022658365
2359	88	0.022624357
2359	348	0.022061111
2359	325	0.020867327
2359	333	0.019721655
2359	141	0.018767396
2359	372	0.018443443
2359	574	0.018199837
2360	474	0.039217964
2360	612	0.02788822
2360	1188	0.027840074
2360	859	0.027405594
2360	403	0.026792558
2360	398	0.025692707
2360	1064	0.025439277
2360	104	0.025112184
2360	311	0.024592722
2360	783	0.023469355
2361	139	0.026264846
2361	68	0.025256492
2361	25	0.024623709
2361	47	0.02457834
2361	72	0.0238788
2361	216	0.022947147
2361	71	0.02260948
2361	53	0.02253498
2361	103	0.021835629
2361	66	0.021637306
2362	1193	0.027423324
2362	119	0.025366308
2362	12	0.023047056
2362	22	0.022583652
2362	2	0.022488084
2362	125	0.022058027
2362	223	0.020854846
2362	129	0.020788016
2362	652	0.020363465
2362	11	0.019890169
2363	194	0.03986163
2363	406	0.03762302
2363	482	0.036374602
2363	314	0.035571847
2363	317	0.03225368
2363	359	0.03147158
2363	292	0.029982828
2363	414	0.029339653
2363	400	0.027947297
2363	343	0.027784493
2364	148	0.03471717
2364	68	0.029017799
2364	48	0.026086293
2364	103	0.023809198
2364	71	0.021498207
2364	53	0.021239026
2364	47	0.019440737
2364	44	0.018935313
2364	42	0.018734794
2364	381	0.018493148
2365	94	0.024206318
2365	47	0.021339647
2365	286	0.021217668
2365	326	0.019926293
2365	334	0.019812996
2365	318	0.019421948
2365	330	0.019083241
2365	166	0.019077487
2365	149	0.01868384
2365	58	0.01716808
2366	221	0.022612141
2366	432	0.021702563
2366	200	0.02072866
2366	419	0.020164294
2366	72	0.019688632
2366	495	0.019577362
2366	364	0.01956755
2366	38	0.019346101
2366	0	0.01906535
2366	915	0.018809143
2367	127	0.025680706
2367	402	0.024114083
2367	108	0.022652855
2367	750	0.022080317
2367	15	0.021927696
2367	221	0.021721648
2367	806	0.020723563
2367	414	0.02015949
2367	811	0.020073209
2367	95	0.018552743
2368	783	0.032068577
2368	612	0.025626434
2368	394	0.023354232
2368	775	0.022778746
2368	98	0.021593282
2368	24	0.020776255
2368	147	0.01963984
2368	333	0.0194298
2368	547	0.019121159
2368	389	0.018933602
2369	256	0.028355448
2369	1433	0.026197653
2369	152	0.02448661
2369	262	0.023941388
2369	465	0.022879718
2369	84	0.022628663
2369	310	0.021744277
2369	324	0.020822583
2369	652	0.01916742
2369	82	0.019164162
2370	909	0.035853367
2370	884	0.0312366
2370	1260	0.031001735
2370	859	0.029682966
2370	913	0.02884379
2370	209	0.02814815
2370	114	0.0275163
2370	406	0.02498126
2370	194	0.024527505
2370	885	0.024408277
2371	326	0.052515533
2371	1057	0.047727574
2371	281	0.044827938
2371	356	0.037268605
2371	283	0.034976665
2371	667	0.034741778
2371	85	0.03425568
2371	1141	0.033793252
2371	363	0.029447434
2371	1049	0.029081587
2372	1429	0.025039848
2372	1612	0.022348048
2372	1518	0.02137412
2372	687	0.02028307
2372	333	0.020193929
2372	1054	0.020042216
2372	1517	0.019715188
2372	549	0.018608091
2372	1565	0.017917978
2372	372	0.017846586
2373	381	0.047925048
2373	0	0.04378214
2373	48	0.04323622
2373	719	0.04295197
2373	157	0.042127375
2373	72	0.041875012
2373	105	0.041108392
2373	139	0.040025525
2373	247	0.03721147
2373	223	0.0357084
2374	21	0.037938528
2374	1130	0.026393468
2374	1193	0.025045007
2374	19	0.022366796
2374	885	0.022181483
2374	914	0.020211516
2374	880	0.020179983
2374	884	0.0199352
2374	7	0.019912262
2374	453	0.019793332
2375	151	0.044040747
2375	103	0.04113347
2375	68	0.039388012
2375	48	0.027610434
2375	225	0.026873183
2375	25	0.025954016
2375	147	0.024292191
2375	495	0.023408648
2375	0	0.023135478
2375	44	0.02275509
2376	452	0.030641729
2376	1188	0.028156944
2376	1135	0.02466065
2376	1533	0.024385754
2376	1563	0.024188673
2376	1562	0.023772644
2376	961	0.022310287
2376	79	0.021970335
2376	410	0.021786053
2376	1620	0.021298025
2377	769	0.03785481
2377	104	0.03321353
2377	775	0.032675494
2377	62	0.031782575
2377	303	0.03056529
2377	199	0.029143693
2377	337	0.027734172
2377	865	0.026853137
2377	21	0.026840951
2377	333	0.024765493
2378	103	0.04602485
2378	225	0.03789207
2378	53	0.036690272
2378	487	0.035818655
2378	491	0.03486047
2378	383	0.034203447
2378	224	0.034158166
2378	105	0.033897158
2378	729	0.032399338
2378	784	0.032081734
2379	377	0.024605256
2379	290	0.023004783
2379	94	0.022197003
2379	1086	0.021877252
2379	376	0.021309203
2379	948	0.02099008
2379	171	0.019566173
2379	147	0.018767057
2379	284	0.01844618
2379	437	0.017774023
2380	123	0.021838851
2380	895	0.021613048
2380	437	0.021300683
2380	306	0.01993741
2380	339	0.017954845
2380	292	0.017655298
2380	482	0.017338613
2380	378	0.017135635
2380	36	0.01680497
2380	734	0.016311724
2381	453	0.031114098
2381	256	0.028715277
2381	36	0.02293354
2381	452	0.021026945
2381	680	0.020640895
2381	223	0.019923741
2381	408	0.019558556
2381	70	0.019130154
2381	1188	0.019085474
2381	68	0.018562183
2382	463	0.040486515
2382	1082	0.031710006
2382	311	0.029687533
2382	196	0.02880213
2382	844	0.0227259
2382	1193	0.022178072
2382	595	0.021481983
2382	225	0.021183634
2382	818	0.019835053
2382	647	0.018924527
2383	148	0.03290774
2383	103	0.032387838
2383	157	0.029399289
2383	151	0.026761742
2383	139	0.019023767
2383	71	0.017473886
2383	70	0.016535655
2383	381	0.014761557
2383	373	0.011400524
2383	223	0.011356339
2384	1105	0.03939856
2384	940	0.029132366
2384	453	0.028008204
2384	1271	0.027713243
2384	922	0.027624033
2384	209	0.026788684
2384	1188	0.02640724
2384	408	0.026289651
2384	452	0.02539408
2384	866	0.025027733
2385	452	0.04644466
2385	453	0.033130314
2385	398	0.03167268
2385	885	0.030971043
2385	612	0.030331057
2385	783	0.029393638
2385	940	0.029311089
2385	394	0.028935574
2385	422	0.027357643
2385	865	0.026656747
2386	414	0.030299608
2386	193	0.025634531
2386	204	0.023093011
2386	200	0.022165906
2386	221	0.02070956
2386	105	0.020404385
2386	260	0.019858668
2386	569	0.019400649
2386	274	0.018504214
2386	594	0.016214004
2387	44	0.03745071
2387	381	0.037029542
2387	273	0.036099583
2387	719	0.03575168
2387	139	0.03531239
2387	70	0.035172053
2387	222	0.034409415
2387	144	0.033195578
2387	428	0.032838598
2387	59	0.0324312
2388	1560	0.03848623
2388	1570	0.037240617
2388	517	0.037190843
2388	1397	0.036442343
2388	264	0.035849493
2388	505	0.03554665
2388	426	0.035523057
2388	1051	0.034498826
2388	1626	0.034384184
2388	913	0.033303972
2389	164	0.030044083
2389	53	0.02739815
2389	47	0.026540836
2389	71	0.024371954
2389	68	0.02410072
2389	72	0.023145983
2389	719	0.022925902
2389	67	0.022336174
2389	109	0.021529578
2389	381	0.021376804
2390	377	0.03329539
2390	334	0.029153746
2390	235	0.024272572
2390	285	0.023627426
2390	931	0.023111634
2390	1419	0.022817194
2390	132	0.021930996
2390	1085	0.020601075
2390	826	0.020161793
2390	939	0.019446732
2391	34	0.034568135
2391	444	0.029128471
2391	439	0.026490511
2391	799	0.023472581
2391	642	0.01791279
2391	43	0.016407484
2391	576	0.016136907
2391	358	0.016057318
2391	46	0.015851164
2391	51	0.0155379195
2392	466	0.033020876
2392	456	0.032672264
2392	68	0.028273495
2392	103	0.027450137
2392	71	0.027188217
2392	139	0.026423607
2392	719	0.024598321
2392	72	0.02339363
2392	70	0.022336619
2392	273	0.021757044
2393	216	0.027794236
2393	61	0.026320836
2393	56	0.026092011
2393	752	0.025880627
2393	74	0.025672741
2393	414	0.02158517
2393	204	0.020490276
2393	889	0.020210894
2393	271	0.020090733
2393	221	0.01988231
2394	8	0.023643848
2394	126	0.02140619
2394	18	0.019983735
2394	638	0.018558793
2394	785	0.01795038
2394	1064	0.017245496
2394	1343	0.016760303
2394	164	0.016621169
2394	149	0.016561935
2394	429	0.01623729
2395	378	0.06611905
2395	895	0.027611647
2395	120	0.025968373
2395	1598	0.025637634
2395	1624	0.02506949
2395	1271	0.024748785
2395	1255	0.023797221
2395	1114	0.023025608
2395	465	0.022459667
2395	238	0.022370122
2396	10	0.024058586
2396	325	0.024003858
2396	1420	0.021177411
2396	141	0.019719856
2396	424	0.019095346
2396	826	0.018800315
2396	970	0.018334169
2396	249	0.017717104
2396	23	0.017566878
2396	1520	0.017536648
2397	21	0.042469677
2397	769	0.036936224
2397	1193	0.031083168
2397	453	0.03067718
2397	209	0.028313344
2397	452	0.026459707
2397	885	0.025611907
2397	1188	0.025558634
2397	612	0.024956092
2397	398	0.024857715
2398	381	0.024099173
2398	71	0.022099521
2398	70	0.018224236
2398	61	0.017980587
2398	495	0.017826704
2398	784	0.017446913
2398	147	0.017067583
2398	109	0.016929727
2398	144	0.01658973
2398	164	0.016507024
2399	555	0.036206387
2399	1082	0.03399147
2399	196	0.031803794
2399	849	0.029861495
2399	15	0.029456764
2399	129	0.0277233
2399	21	0.026522653
2399	1193	0.026113126
2399	844	0.02508709
2399	769	0.024628598
2400	1064	0.02605567
2400	196	0.024343573
2400	189	0.02293976
2400	329	0.02180749
2400	74	0.020420345
2400	251	0.020104747
2400	1082	0.019921446
2400	495	0.019514097
2400	555	0.01931602
2400	216	0.01916491
2401	662	0.05909633
2401	466	0.051679693
2401	151	0.028754342
2401	148	0.028114371
2401	641	0.02208666
2401	676	0.021522976
2401	1604	0.021015415
2401	59	0.02088358
2401	97	0.019978788
2401	862	0.019516025
2402	105	0.02495693
2402	139	0.023133546
2402	222	0.020313067
2402	175	0.020275444
2402	381	0.02012612
2402	53	0.019953018
2402	491	0.018907625
2402	69	0.017962413
2402	1032	0.017644113
2402	164	0.017562479
2403	381	0.029288221
2403	103	0.026689535
2403	25	0.025256839
2403	68	0.025141688
2403	148	0.022948854
2403	157	0.022909503
2403	151	0.02174853
2403	72	0.019530816
2403	47	0.019333664
2403	66	0.017580522
2404	66	0.03533836
2404	157	0.03429746
2404	71	0.032238487
2404	139	0.032040372
2404	103	0.031116575
2404	381	0.027213726
2404	59	0.024634864
2404	36	0.023629656
2404	719	0.023557588
2404	44	0.023182383
2405	88	0.035153307
2405	256	0.031676155
2405	62	0.030521436
2405	474	0.02754617
2405	498	0.02098746
2405	47	0.020303046
2405	36	0.018535784
2405	163	0.018178808
2405	164	0.018100966
2405	287	0.017473523
2406	487	0.023713928
2406	75	0.020051043
2406	785	0.020009007
2406	908	0.019697841
2406	381	0.01951455
2406	126	0.019157017
2406	773	0.01855915
2406	144	0.018453198
2406	194	0.018120652
2406	64	0.017825732
2407	164	0.024090009
2407	175	0.022436786
2407	40	0.021670908
2407	53	0.021374555
2407	74	0.021201285
2407	216	0.020364229
2407	75	0.020231944
2407	129	0.01986653
2407	105	0.019597806
2407	483	0.01877887
2408	1403	0.019428913
2408	567	0.018430533
2408	97	0.018197995
2408	1447	0.018007858
2408	1405	0.017636048
2408	1358	0.016847203
2408	338	0.01578447
2408	244	0.015182593
2408	588	0.015178174
2408	48	0.014418917
2409	66	0.04337611
2409	151	0.037647724
2409	139	0.029961685
2409	381	0.027206196
2409	48	0.019735076
2409	70	0.019559978
2409	72	0.01952433
2409	25	0.018252932
2409	225	0.017539
2409	224	0.016035134
2410	406	0.066918634
2410	359	0.06044923
2410	400	0.057365466
2410	317	0.055899896
2410	194	0.046450775
2410	343	0.04354979
2410	298	0.040000327
2410	209	0.03979285
2410	910	0.034506075
2410	913	0.030881451
2411	68	0.04186373
2411	103	0.03992782
2411	381	0.03890374
2411	71	0.037270017
2411	148	0.035378125
2411	680	0.035114698
2411	70	0.03508404
2411	42	0.03492761
2411	44	0.034338623
2411	53	0.033879597
2412	750	0.027833652
2412	109	0.026889218
2412	784	0.019416135
2412	72	0.019163644
2412	45	0.018861596
2412	184	0.018209264
2412	221	0.017713448
2412	339	0.016667595
2412	200	0.01573388
2412	806	0.01488527
2413	283	0.020393515
2413	323	0.019119766
2413	203	0.015329014
2413	873	0.01509937
2413	130	0.015057455
2413	368	0.01464845
2413	219	0.014497131
2413	1158	0.0143323075
2413	584	0.013948431
2413	365	0.013595231
2414	1483	0.033673804
2414	404	0.03297441
2414	403	0.032223716
2414	885	0.027737183
2414	746	0.025635531
2414	1612	0.025506835
2414	1079	0.024520991
2414	1562	0.02287285
2414	948	0.021543795
2414	258	0.021521112
2415	175	0.029931022
2415	47	0.028101014
2415	68	0.025878895
2415	164	0.023800941
2415	36	0.0229531
2415	148	0.022753436
2415	157	0.022449682
2415	381	0.021358985
2415	33	0.021166958
2415	331	0.020646466
2416	453	0.03607552
2416	452	0.035565495
2416	104	0.028351804
2416	865	0.028149756
2416	394	0.027697496
2416	612	0.02550023
2416	398	0.025323223
2416	185	0.025137667
2416	783	0.021408936
2416	579	0.020990051
2417	1067	0.027577298
2417	1392	0.023421397
2417	1143	0.018547766
2417	915	0.018346895
2417	571	0.017721303
2417	1547	0.017437594
2417	982	0.017078
2417	112	0.016965143
2417	164	0.016697522
2417	8	0.01637732
2418	113	0.049415283
2418	135	0.030715125
2418	7	0.025062658
2418	1360	0.02465895
2418	137	0.024080401
2418	2	0.023729546
2418	257	0.021459008
2418	22	0.021165129
2418	188	0.02115569
2418	131	0.020261891
2419	256	0.021591917
2419	452	0.021563888
2419	463	0.019285029
2419	865	0.018450752
2419	862	0.018319942
2419	676	0.01808787
2419	394	0.018039022
2419	408	0.017744554
2419	88	0.017394781
2419	404	0.017212097
2420	326	0.050952055
2420	283	0.029878918
2420	232	0.02483835
2420	343	0.02479727
2420	145	0.022935724
2420	94	0.021965371
2420	352	0.021531418
2420	281	0.021376899
2420	667	0.02019722
2420	318	0.019746898
2421	477	0.0447902
2421	117	0.030676685
2421	1615	0.027953453
2421	257	0.02744867
2421	61	0.025346117
2421	259	0.025205558
2421	75	0.024378907
2421	36	0.024057895
2421	204	0.0231702
2421	1491	0.023069542
2422	192	0.026472624
2422	77	0.026379123
2422	250	0.025171421
2422	1185	0.024705773
2422	777	0.022914063
2422	582	0.021520749
2422	1259	0.021209627
2422	83	0.020991946
2422	281	0.02091791
2422	707	0.020795833
2423	94	0.023041816
2423	286	0.020579513
2423	318	0.020365916
2423	163	0.019944174
2423	252	0.018684871
2423	232	0.018668454
2423	806	0.018453635
2423	1357	0.018346326
2423	934	0.018262606
2423	162	0.018261923
2424	287	0.023061166
2424	123	0.021291893
2424	35	0.020297796
2424	43	0.020028297
2424	33	0.019883808
2424	648	0.019414647
2424	432	0.019403815
2424	335	0.019394265
2424	87	0.01912341
2424	475	0.01904738
2425	33	0.021219831
2425	259	0.020364288
2425	123	0.020142116
2425	981	0.019044213
2425	141	0.018707778
2425	201	0.018494124
2425	854	0.018097466
2425	58	0.017694088
2425	61	0.017392857
2425	802	0.016939478
2426	344	0.024491165
2426	86	0.020052753
2426	173	0.019986508
2426	1163	0.018811487
2426	378	0.017638033
2426	163	0.017493857
2426	186	0.016842036
2426	67	0.016608907
2426	10	0.015781974
2426	306	0.015562291
2427	1023	0.030699871
2427	185	0.025313232
2427	36	0.023974648
2427	42	0.023566209
2427	108	0.020807575
2427	148	0.020617303
2427	0	0.020565026
2427	151	0.020476146
2427	168	0.018035438
2427	402	0.01756969
2428	151	0.035786305
2428	68	0.034495242
2428	48	0.03403841
2428	466	0.033163667
2428	456	0.030734433
2428	273	0.030319048
2428	72	0.0295749
2428	103	0.029538043
2428	495	0.028879361
2428	70	0.027786337
2429	256	0.03694434
2429	59	0.031121846
2429	453	0.023873001
2429	372	0.022369888
2429	333	0.02136799
2429	769	0.018670684
2429	407	0.018540949
2429	287	0.018123316
2429	348	0.017321503
2429	303	0.017318409
2430	149	0.02380826
2430	378	0.02282708
2430	1399	0.021046668
2430	970	0.02064171
2430	750	0.019383404
2430	1191	0.019045813
2430	1438	0.018729651
2430	826	0.018281737
2430	1202	0.017114723
2430	1266	0.016877228
2431	68	0.03613289
2431	225	0.030155621
2431	42	0.02820609
2431	44	0.02789742
2431	491	0.026983386
2431	381	0.026384514
2431	222	0.02587043
2431	224	0.025686873
2431	273	0.025027288
2431	175	0.024969475
2432	1193	0.045811202
2432	11	0.025904486
2432	118	0.025764752
2432	20	0.022756236
2432	908	0.022306446
2432	21	0.02228559
2432	915	0.02187603
2432	773	0.021487772
2432	15	0.021104079
2432	961	0.02089086
2433	15	0.03329735
2433	118	0.032199975
2433	129	0.028042369
2433	463	0.02777217
2433	125	0.023277031
2433	108	0.02306022
2433	784	0.021781685
2433	769	0.02160451
2433	119	0.021455217
2433	750	0.02090686
2434	118	0.03477336
2434	408	0.030580522
2434	21	0.030453937
2434	769	0.029371582
2434	518	0.025992248
2434	198	0.024645673
2434	104	0.024172753
2434	79	0.022780854
2434	119	0.02209203
2434	257	0.021535883
2435	317	0.03822273
2435	181	0.03585246
2435	406	0.035357103
2435	909	0.034954492
2435	518	0.030914474
2435	292	0.030252423
2435	359	0.03013203
2435	1450	0.028314143
2435	400	0.026580436
2435	910	0.026405301
2436	103	0.048262227
2436	151	0.04359389
2436	139	0.03633766
2436	72	0.02845664
2436	48	0.024641173
2436	70	0.022627775
2436	495	0.020171387
2436	224	0.018717008
2436	0	0.01853184
2436	182	0.018264163
2437	68	0.03140075
2437	71	0.031225767
2437	66	0.029611629
2437	157	0.02946493
2437	151	0.028559987
2437	175	0.028366024
2437	225	0.027782949
2437	719	0.027668491
2437	148	0.027373046
2437	46	0.026658006
2438	440	0.061261475
2438	447	0.05918104
2438	442	0.05456016
2438	579	0.054083034
2438	767	0.048866905
2438	443	0.047353446
2438	792	0.028283333
2438	321	0.02274184
2438	1618	0.021510692
2438	651	0.020622306
2439	219	0.0532441
2439	752	0.029124996
2439	822	0.028468164
2439	874	0.02538549
2439	56	0.02433005
2439	468	0.02407139
2439	467	0.023127427
2439	252	0.022510745
2439	596	0.0218843
2439	995	0.021875061
2440	941	0.024666678
2440	200	0.02334105
2440	164	0.023335198
2440	194	0.02312975
2440	173	0.022398744
2440	176	0.021377712
2440	73	0.021200432
2440	110	0.02062329
2440	162	0.020530928
2440	216	0.020244366
2441	186	0.040247023
2441	207	0.035755906
2441	390	0.03325592
2441	202	0.02722065
2441	768	0.024823677
2441	421	0.024703346
2441	39	0.022924233
2441	956	0.020806625
2441	1189	0.020310467
2441	769	0.020279625
2442	139	0.026457371
2442	151	0.025708279
2442	163	0.025188634
2442	66	0.024911182
2442	47	0.024530256
2442	200	0.02345643
2442	68	0.02298529
2442	202	0.022274612
2442	48	0.022183787
2442	199	0.022115676
2443	437	0.02602944
2443	10	0.022847824
2443	54	0.02241025
2443	345	0.021685865
2443	81	0.021389445
2443	252	0.021171281
2443	332	0.020972783
2443	853	0.020525921
2443	80	0.020470912
2443	609	0.020246778
2444	286	0.031441823
2444	283	0.029871522
2444	506	0.026337259
2444	33	0.024876373
2444	475	0.024693208
2444	145	0.023972575
2444	356	0.023838162
2444	363	0.023609638
2444	326	0.022494074
2444	94	0.022460956
2445	257	0.048957538
2445	306	0.032108434
2445	378	0.030435331
2445	5	0.026881471
2445	125	0.02584475
2445	20	0.025447339
2445	74	0.02532239
2445	1007	0.025319574
2445	119	0.02531832
2445	120	0.02498103
2446	132	0.02558675
2446	231	0.024114024
2446	625	0.020938193
2446	448	0.02004938
2446	232	0.018338304
2446	1343	0.01822444
2446	9	0.017888349
2446	379	0.017749691
2446	153	0.017559221
2446	119	0.017476028
2447	432	0.045958277
2447	385	0.039101027
2447	195	0.03554898
2447	1206	0.025162749
2447	4	0.023208035
2447	951	0.022420082
2447	949	0.02145225
2447	18	0.021031808
2447	388	0.020659046
2447	915	0.019896006
2448	783	0.044448838
2448	134	0.041932132
2448	769	0.034663778
2448	612	0.033334896
2448	398	0.031652004
2448	394	0.03025048
2448	104	0.028941635
2448	865	0.026165301
2448	98	0.025292568
2448	940	0.024988042
2449	612	0.05793647
2449	394	0.057518072
2449	398	0.051214684
2449	453	0.050938684
2449	98	0.049923662
2449	769	0.049482282
2449	865	0.049257945
2449	408	0.04460805
2449	940	0.040635098
2449	884	0.03861363
2450	1260	0.042560935
2450	482	0.042272516
2450	1468	0.035171773
2450	406	0.02987245
2450	317	0.02975088
2450	851	0.029556604
2450	1561	0.029494707
2450	400	0.029188663
2450	292	0.02883304
2450	181	0.028176492
2451	157	0.03280925
2451	151	0.03276707
2451	103	0.02556925
2451	68	0.02143899
2451	36	0.016071714
2451	71	0.01602167
2451	44	0.014887748
2451	273	0.013869401
2451	53	0.013737686
2451	261	0.013275929
2452	784	0.03362089
2452	144	0.033118684
2452	29	0.03267755
2452	383	0.032508392
2452	72	0.029657748
2452	680	0.029554624
2452	105	0.028892627
2452	221	0.028755793
2452	18	0.028539203
2452	25	0.028353926
2453	139	0.030174842
2453	68	0.02791505
2453	381	0.023987109
2453	66	0.023544759
2453	157	0.02297981
2453	25	0.022140663
2453	151	0.021788675
2453	148	0.021602038
2453	225	0.02084994
2453	487	0.020691995
2454	1281	0.055313695
2454	1137	0.047954153
2454	912	0.042385362
2454	764	0.0379246
2454	1381	0.03347117
2454	861	0.026795015
2454	1347	0.026349178
2454	1403	0.02521198
2454	1577	0.022802578
2454	1117	0.021616379
2455	74	0.027562702
2455	79	0.026689585
2455	1193	0.02621662
2455	121	0.025794674
2455	257	0.02440523
2455	15	0.024201123
2455	1204	0.02360753
2455	119	0.022982577
2455	1102	0.0225562
2455	125	0.022485862
2456	465	0.031916827
2456	1352	0.030355735
2456	1624	0.03022311
2456	204	0.029210351
2456	423	0.028948173
2456	1255	0.02845948
2456	873	0.02791607
2456	82	0.02673674
2456	1598	0.026175337
2456	414	0.026006179
2457	68	0.04121563
2457	72	0.03148778
2457	381	0.031115439
2457	157	0.030002156
2457	66	0.029251475
2457	148	0.029085683
2457	53	0.028888354
2457	139	0.028414954
2457	151	0.02702062
2457	25	0.027001234
2458	402	0.034779277
2458	1004	0.03039854
2458	127	0.030083962
2458	108	0.024913218
2458	973	0.02461939
2458	95	0.023751276
2458	802	0.021714898
2458	476	0.021199191
2458	972	0.020517109
2458	45	0.020277878
2459	147	0.039225347
2459	273	0.037614804
2459	72	0.026538426
2459	46	0.025043802
2459	948	0.02461882
2459	29	0.024104875
2459	144	0.023659933
2459	71	0.023286948
2459	59	0.022762654
2459	68	0.022231504
2460	45	0.029131306
2460	64	0.02908598
2460	247	0.02812173
2460	72	0.02712949
2460	0	0.026848312
2460	221	0.026280338
2460	29	0.026139861
2460	67	0.02601791
2460	46	0.025935404
2460	144	0.025333865
2461	72	0.032640167
2461	784	0.03135574
2461	18	0.028701412
2461	139	0.02824846
2461	68	0.026503036
2461	680	0.026418775
2461	47	0.0264028
2461	64	0.026309779
2461	66	0.026050257
2461	0	0.0257343
2462	68	0.034870375
2462	381	0.0345824
2462	71	0.033790085
2462	66	0.03199622
2462	25	0.030516611
2462	225	0.029786743
2462	72	0.029420348
2462	42	0.029324694
2462	44	0.029009074
2462	53	0.026282962
2463	453	0.03169959
2463	1135	0.030353978
2463	408	0.027764753
2463	209	0.026100693
2463	74	0.022092752
2463	129	0.021507008
2463	260	0.019498726
2463	885	0.019260319
2463	115	0.018727059
2463	625	0.018385746
2464	379	0.030425187
2464	123	0.027512185
2464	58	0.025653321
2464	181	0.025219467
2464	989	0.023147037
2464	693	0.021888549
2464	359	0.021849835
2464	317	0.021148324
2464	482	0.021088986
2464	367	0.020965703
2465	1286	0.034491114
2465	306	0.031931903
2465	1268	0.028472215
2465	986	0.028059304
2465	740	0.027274046
2465	1101	0.026744125
2465	82	0.02602198
2465	1096	0.025825353
2465	1271	0.025625443
2465	1494	0.025468549
2466	74	0.025281077
2466	784	0.024489515
2466	162	0.023620108
2466	67	0.022533547
2466	811	0.022317134
2466	47	0.021852035
2466	842	0.021716882
2466	36	0.021091186
2466	432	0.02107892
2466	483	0.021020861
2467	786	0.031605262
2467	789	0.030236704
2467	134	0.02723937
2467	775	0.02642595
2467	783	0.02331242
2467	422	0.022305379
2467	172	0.020160917
2467	398	0.020033643
2467	394	0.0197146
2467	118	0.01920666
2468	140	0.038606763
2468	481	0.035168037
2468	162	0.031122137
2468	107	0.029213354
2468	562	0.027423307
2468	451	0.024425812
2468	476	0.024144813
2468	800	0.021756615
2468	573	0.02110146
2468	252	0.021061527
2469	326	0.03330336
2469	226	0.027380114
2469	1002	0.026592249
2469	58	0.026139593
2469	142	0.024627147
2469	123	0.023492537
2469	334	0.023280833
2469	384	0.021135075
2469	249	0.020987399
2469	734	0.019808741
2470	151	0.032581285
2470	157	0.032565594
2470	48	0.030291423
2470	59	0.029852377
2470	47	0.028893113
2470	36	0.028618993
2470	71	0.02632946
2470	109	0.0249647
2470	25	0.024654668
2470	381	0.024206014
2471	148	0.035197612
2471	66	0.031919584
2471	157	0.03176661
2471	103	0.027545014
2471	68	0.02721927
2471	47	0.02650845
2471	225	0.025813973
2471	44	0.025155105
2471	175	0.02484778
2471	42	0.02476645
2472	216	0.03222103
2472	200	0.029791767
2472	221	0.026975745
2472	36	0.026275845
2472	256	0.026190782
2472	326	0.02590662
2472	67	0.024551755
2472	784	0.024516284
2472	811	0.023821827
2472	74	0.02340588
2473	66	0.025494123
2473	36	0.025475135
2473	163	0.022747431
2473	162	0.022081437
2473	334	0.021969736
2473	139	0.02177272
2473	33	0.021354139
2473	123	0.020582411
2473	10	0.01977116
2473	108	0.019445533
2474	632	0.029777471
2474	132	0.024105333
2474	1181	0.02342424
2474	231	0.022796195
2474	384	0.021735372
2474	118	0.021239106
2474	831	0.020945195
2474	1401	0.020541878
2474	123	0.020073298
2474	1002	0.019671999
2475	94	0.028913636
2475	373	0.027405065
2475	25	0.026771596
2475	326	0.025914645
2475	53	0.024255047
2475	148	0.021766135
2475	1265	0.020544728
2475	175	0.020498067
2475	334	0.020246835
2475	232	0.020087726
2476	379	0.023207506
2476	908	0.020444764
2476	432	0.020082664
2476	94	0.019151675
2476	298	0.018464955
2476	424	0.017843228
2476	196	0.017798934
2476	347	0.017231677
2476	888	0.016407162
2476	194	0.015424917
2477	256	0.03143748
2477	326	0.028494753
2477	774	0.026350973
2477	142	0.023085894
2477	53	0.022311268
2477	148	0.020799011
2477	94	0.02066222
2477	47	0.020626634
2477	1023	0.019470837
2477	36	0.019193824
2478	0	0.031224139
2478	127	0.030713607
2478	185	0.028663788
2478	842	0.022951657
2478	247	0.022285182
2478	45	0.02222606
2478	806	0.022144224
2478	784	0.022019757
2478	108	0.019885607
2478	95	0.018874388
2479	68	0.044323
2479	139	0.04198275
2479	48	0.03802684
2479	105	0.03695782
2479	72	0.036813788
2479	273	0.036202267
2479	225	0.03545888
2479	42	0.035402786
2479	148	0.034829956
2479	842	0.031655382
2480	114	0.025523124
2480	1063	0.024659757
2480	53	0.023681287
2480	178	0.021584503
2480	246	0.020852683
2480	600	0.020491753
2480	993	0.020202443
2480	432	0.019775294
2480	977	0.019487735
2480	429	0.01938952
2481	246	0.02473369
2481	294	0.023504142
2481	1158	0.0225939
2481	1265	0.022146795
2481	286	0.021253992
2481	146	0.02110853
2481	288	0.021075912
2481	1032	0.020815283
2481	1181	0.02071521
2481	954	0.020505587
2482	157	0.034651104
2482	148	0.03423324
2482	66	0.032641232
2482	103	0.03156176
2482	71	0.030939471
2482	68	0.030452073
2482	48	0.027185146
2482	25	0.023092601
2482	225	0.023006521
2482	0	0.02280218
2483	61	0.025387246
2483	47	0.023429548
2483	351	0.02328098
2483	175	0.022772381
2483	164	0.020953158
2483	56	0.020122072
2483	555	0.019725617
2483	216	0.019278297
2483	259	0.017660398
2483	94	0.01738318
2484	157	0.024804827
2484	151	0.024151642
2484	68	0.019420289
2484	103	0.019314658
2484	53	0.017314585
2484	15	0.014749489
2484	1132	0.014274736
2484	226	0.0139136445
2484	71	0.013313927
2484	1305	0.012763716
2485	25	0.030654486
2485	719	0.030315975
2485	144	0.03027048
2485	53	0.030148018
2485	680	0.029213915
2485	784	0.028614493
2485	247	0.028522924
2485	68	0.028052287
2485	48	0.027790865
2485	487	0.027176619
2486	326	0.021450492
2486	59	0.020502243
2486	286	0.019854816
2486	142	0.019058645
2486	321	0.018905098
2486	385	0.017704276
2486	774	0.01724317
2486	139	0.016827064
2486	32	0.016313365
2486	294	0.01609309
2487	432	0.03571166
2487	773	0.03483795
2487	571	0.028944837
2487	424	0.025937963
2487	22	0.025184046
2487	266	0.025133524
2487	1094	0.02364236
2487	1007	0.022657495
2487	911	0.021902602
2487	121	0.021848071
2488	1067	0.032054022
2488	253	0.028379975
2488	240	0.026022572
2488	770	0.025380956
2488	1547	0.023905927
2488	1339	0.023224857
2488	1508	0.023104249
2488	1048	0.023021039
2488	332	0.023003845
2488	429	0.022900656
2489	487	0.0316349
2489	1318	0.029423036
2489	1282	0.027162433
2489	1415	0.027021844
2489	1353	0.022338955
2489	923	0.021769624
2489	1132	0.02146216
2489	1379	0.020989023
2489	1360	0.020734992
2489	429	0.020383952
2490	216	0.023920396
2490	226	0.019849563
2490	36	0.019823631
2490	12	0.019269263
2490	67	0.018579748
2490	162	0.018461596
2490	130	0.017880367
2490	205	0.01744383
2490	22	0.017215515
2490	464	0.017042989
2491	373	0.024278313
2491	123	0.023460226
2491	94	0.021651741
2491	48	0.021614032
2491	142	0.021584734
2491	168	0.02146544
2491	334	0.021082914
2491	277	0.020645848
2491	148	0.019260343
2491	132	0.019156689
2492	433	0.032792438
2492	518	0.029379036
2492	194	0.028448556
2492	1561	0.028194139
2492	482	0.027943838
2492	123	0.027320707
2492	97	0.026241295
2492	1197	0.025657149
2492	171	0.024735592
2492	167	0.022884764
2493	1193	0.03964452
2493	612	0.03151845
2493	394	0.031226944
2493	775	0.028833374
2493	422	0.028358184
2493	1192	0.028251803
2493	134	0.02743183
2493	783	0.026741551
2493	652	0.026640158
2493	865	0.026344502
2494	23	0.030311316
2494	604	0.028347433
2494	269	0.027937945
2494	475	0.02775291
2494	385	0.026714507
2494	271	0.026144786
2494	814	0.025471758
2494	32	0.024934914
2494	249	0.024556385
2494	506	0.021162504
2495	657	0.026978796
2495	20	0.025758449
2495	113	0.025188554
2495	570	0.023514649
2495	1018	0.023438625
2495	205	0.022840494
2495	22	0.021746816
2495	975	0.021627445
2495	1512	0.021339793
2495	1607	0.021212643
2496	334	0.026825584
2496	379	0.026793707
2496	377	0.020699488
2496	345	0.020473266
2496	384	0.0197438
2496	168	0.019378938
2496	450	0.018074967
2496	1492	0.017683262
2496	166	0.017557807
2496	367	0.01734437
2497	66	0.050604638
2497	381	0.025160264
2497	71	0.023651473
2497	48	0.0226114
2497	225	0.0189607
2497	635	0.018604044
2497	643	0.018304609
2497	304	0.017156746
2497	628	0.016584795
2497	1061	0.014348652
2498	121	0.033837497
2498	773	0.032489527
2498	18	0.03153412
2498	257	0.031496286
2498	137	0.029460574
2498	17	0.02826525
2498	245	0.027913183
2498	778	0.027835328
2498	1205	0.02683939
2498	118	0.026760612
2499	72	0.040293965
2499	151	0.034369595
2499	70	0.034250963
2499	256	0.0337215
2499	383	0.033565138
2499	495	0.033426132
2499	139	0.03132902
2499	48	0.03116789
2499	680	0.030301837
2499	428	0.029861335
2500	286	0.033540033
2500	334	0.029011002
2500	59	0.028295955
2500	256	0.027816163
2500	287	0.025781155
2500	231	0.024456292
2500	94	0.023143487
2500	326	0.022385525
2500	153	0.022294056
2500	340	0.02211602
2501	1282	0.053527936
2501	1230	0.04884392
2501	1360	0.04448415
2501	1381	0.04354889
2501	1481	0.036010258
2501	835	0.03465904
2501	983	0.034034695
2501	561	0.033363134
2501	510	0.032445945
2501	1379	0.031454474
2502	257	0.022151913
2502	112	0.020008406
2502	196	0.01923073
2502	74	0.018746026
2502	51	0.0187124
2502	75	0.01843522
2502	271	0.017536076
2502	569	0.017460598
2502	811	0.016566817
2502	128	0.01628626
2503	326	0.025416005
2503	290	0.024100494
2503	142	0.022195153
2503	94	0.021175118
2503	273	0.020979896
2503	774	0.020365711
2503	247	0.019069282
2503	383	0.018311584
2503	85	0.01769731
2503	1530	0.017155372
2504	1193	0.03812478
2504	15	0.026882295
2504	118	0.024437372
2504	81	0.023959158
2504	1032	0.021792537
2504	410	0.021563021
2504	1044	0.021337308
2504	962	0.02100296
2504	11	0.020211216
2504	119	0.020159181
2505	934	0.03220697
2505	945	0.028058928
2505	1525	0.023041453
2505	981	0.022436187
2505	1404	0.02158518
2505	94	0.021525458
2505	377	0.020517748
2505	171	0.020341305
2505	1371	0.020208275
2505	468	0.020020556
2506	1275	0.027870208
2506	452	0.024066769
2506	288	0.023770936
2506	1213	0.023060318
2506	503	0.0228946
2506	1532	0.022865629
2506	688	0.022844704
2506	1392	0.02239212
2506	1483	0.022105278
2506	1188	0.022051895
2507	181	0.030443506
2507	359	0.026813034
2507	909	0.024232423
2507	12	0.023637753
2507	2	0.023058154
2507	400	0.022863498
2507	1193	0.022332901
2507	406	0.021605974
2507	482	0.021204129
2507	119	0.020724345
2508	769	0.022430858
2508	831	0.022163603
2508	33	0.021733962
2508	475	0.01924986
2508	390	0.018922199
2508	775	0.018559972
2508	191	0.017032854
2508	140	0.016723331
2508	51	0.015976053
2508	1426	0.01573202
2509	714	0.05795048
2509	1547	0.04760558
2509	302	0.042331204
2509	1392	0.041706793
2509	286	0.036879566
2509	1570	0.036015578
2509	1143	0.03248953
2509	1626	0.030617243
2509	231	0.02898073
2509	1291	0.0259604
2510	345	0.026278641
2510	88	0.025176022
2510	43	0.024144474
2510	792	0.022219103
2510	36	0.021768523
2510	252	0.02024714
2510	474	0.020155936
2510	877	0.019925842
2510	175	0.019048134
2510	247	0.018825237
2511	1135	0.038364407
2511	209	0.0375705
2511	398	0.028348224
2511	612	0.023985937
2511	885	0.023928285
2511	134	0.023841765
2511	1023	0.02350193
2511	394	0.023414448
2511	865	0.023183176
2511	1343	0.02278831
2512	1023	0.032650188
2512	569	0.02882371
2512	204	0.027771384
2512	414	0.027365694
2512	221	0.025635911
2512	168	0.02386439
2512	200	0.021822369
2512	811	0.020114496
2512	260	0.019049209
2512	64	0.018010778
2513	129	0.028002977
2513	204	0.023464635
2513	1343	0.02334986
2513	1189	0.021191167
2513	529	0.02115922
2513	119	0.020692308
2513	124	0.018338488
2513	74	0.018124763
2513	1517	0.018093891
2513	381	0.017794158
2514	33	0.03148216
2514	51	0.028269297
2514	195	0.025153825
2514	23	0.02481904
2514	59	0.023687985
2514	651	0.02317175
2514	271	0.022599988
2514	71	0.022257682
2514	148	0.020680131
2514	256	0.019991674
2515	129	0.03260886
2515	209	0.032013714
2515	314	0.02826653
2515	125	0.027211495
2515	359	0.026181903
2515	181	0.026065843
2515	118	0.026041841
2515	216	0.025032734
2515	769	0.02501122
2515	164	0.024707275
2516	477	0.042302825
2516	1343	0.037437662
2516	1615	0.03288624
2516	1491	0.031888954
2516	92	0.027900891
2516	640	0.026722573
2516	11	0.025691053
2516	19	0.025124874
2516	28	0.023634901
2516	983	0.023462266
2517	384	0.036542684
2517	58	0.035124354
2517	345	0.03428531
2517	318	0.026157228
2517	334	0.026107797
2517	379	0.025319058
2517	377	0.023208978
2517	450	0.022361027
2517	88	0.022218706
2517	279	0.021692583
2518	477	0.036047444
2518	1290	0.030886043
2518	92	0.030143829
2518	945	0.027568027
2518	1491	0.026078425
2518	57	0.025494622
2518	1615	0.025401581
2518	813	0.02474079
2518	841	0.023675557
2518	117	0.02349891
2519	397	0.03541082
2519	396	0.028973157
2519	304	0.02223061
2519	393	0.018498426
2519	384	0.018042482
2519	322	0.016806249
2519	640	0.015391457
2519	450	0.014471915
2519	236	0.013861323
2519	800	0.013858706
2520	334	0.032574452
2520	231	0.031488623
2520	318	0.029113721
2520	326	0.028511832
2520	143	0.02804091
2520	774	0.025186619
2520	94	0.025010278
2520	801	0.024835095
2520	437	0.02468478
2520	142	0.02355997
2521	109	0.030876435
2521	380	0.023354225
2521	793	0.022382913
2521	168	0.019261163
2521	327	0.017414343
2521	274	0.017108839
2521	185	0.01707589
2521	115	0.016899427
2521	163	0.016544538
2521	847	0.016528282
2522	130	0.02599031
2522	137	0.024143148
2522	410	0.023661075
2522	1343	0.02257384
2522	131	0.02251733
2522	738	0.021091392
2522	119	0.020708213
2522	1130	0.020410165
2522	839	0.019664945
2522	1271	0.019101389
2523	1064	0.036500067
2523	196	0.03261931
2523	118	0.02443745
2523	1193	0.023491241
2523	832	0.021400394
2523	1082	0.021393133
2523	189	0.021249522
2523	172	0.020910801
2523	1008	0.019936357
2523	656	0.01812126
2524	799	0.051361945
2524	447	0.04950393
2524	446	0.04834029
2524	440	0.045402844
2524	441	0.044821437
2524	445	0.044291668
2524	444	0.04426598
2524	767	0.04421404
2524	438	0.04175889
2524	443	0.035708025
2525	36	0.025828442
2525	269	0.021955824
2525	92	0.017920358
2525	164	0.017748043
2525	59	0.016595168
2525	604	0.016548716
2525	25	0.016455445
2525	808	0.016365621
2525	139	0.016045354
2525	289	0.016033104
2526	157	0.042183552
2526	103	0.02533283
2526	853	0.019519735
2526	628	0.018935034
2526	1403	0.018324912
2526	68	0.018294012
2526	1061	0.017014513
2526	1405	0.015689153
2526	48	0.015582746
2526	1325	0.015196233
2527	59	0.02557066
2527	148	0.023718506
2527	256	0.022761252
2527	151	0.019031348
2527	10	0.018970657
2527	157	0.018563794
2527	402	0.018540917
2527	67	0.017074015
2527	58	0.015873445
2527	201	0.0155919595
2528	147	0.023675554
2528	547	0.020957412
2528	66	0.020491116
2528	360	0.018935118
2528	53	0.017117472
2528	1003	0.01704448
2528	640	0.016574929
2528	331	0.01618797
2528	544	0.014867927
2528	151	0.014740355
2529	373	0.023393417
2529	1051	0.023371913
2529	1481	0.02067377
2529	1282	0.02066437
2529	1396	0.020639936
2529	1288	0.02051102
2529	587	0.020498838
2529	1045	0.020138312
2529	735	0.019672606
2529	376	0.019538142
2530	66	0.038723297
2530	394	0.030162107
2530	1188	0.029002773
2530	452	0.028613107
2530	859	0.02852501
2530	612	0.02603832
2530	803	0.025906932
2530	103	0.02556665
2530	104	0.025021415
2530	865	0.024958082
2531	1193	0.03737778
2531	257	0.030792654
2531	638	0.03048544
2531	769	0.030353624
2531	885	0.029522462
2531	1343	0.028710976
2531	453	0.02720439
2531	410	0.0268372
2531	738	0.026616072
2531	125	0.025806181
2532	226	0.03340262
2532	157	0.029759662
2532	66	0.028561998
2532	44	0.021674192
2532	42	0.02028173
2532	139	0.02004587
2532	68	0.01711805
2532	59	0.017099896
2532	256	0.016191753
2532	1145	0.016149446
2533	146	0.018783549
2533	1032	0.018392144
2533	246	0.017992845
2533	1113	0.0175392
2533	58	0.01748019
2533	374	0.017102584
2533	431	0.017068027
2533	400	0.016957166
2533	347	0.016928308
2533	46	0.016828014
2534	15	0.03753457
2534	775	0.035468686
2534	21	0.032391496
2534	962	0.03225891
2534	422	0.031606648
2534	134	0.03139814
2534	783	0.029005636
2534	1193	0.027078772
2534	612	0.025935961
2534	884	0.024530668
2535	323	0.021787623
2535	348	0.021023322
2535	91	0.02080825
2535	385	0.019080091
2535	294	0.017839294
2535	358	0.017756334
2535	463	0.017458178
2535	996	0.016585523
2535	32	0.016490368
2535	88	0.016085785
2536	452	0.021128265
2536	134	0.018527063
2536	783	0.018114554
2536	422	0.0168493
2536	865	0.0147923725
2536	410	0.014752664
2536	1054	0.014426701
2536	961	0.0144188795
2536	775	0.014107112
2536	209	0.013685255
2537	483	0.025739634
2537	361	0.020199766
2537	1098	0.01905263
2537	993	0.019016126
2537	756	0.018395869
2537	800	0.018393714
2537	162	0.01761189
2537	476	0.01758417
2537	651	0.017541407
2537	268	0.017528098
2538	333	0.05798833
2538	303	0.057368375
2538	62	0.050104324
2538	59	0.03655
2538	535	0.029501395
2538	1548	0.027921362
2538	1493	0.025402417
2538	1623	0.024271598
2538	1175	0.023541005
2538	1037	0.023228312
2539	47	0.028047591
2539	25	0.027622312
2539	71	0.02524467
2539	72	0.023363233
2539	53	0.022800254
2539	29	0.02074022
2539	108	0.020251056
2539	381	0.020231027
2539	225	0.020140218
2539	69	0.020083677
2540	778	0.024296468
2540	474	0.02263923
2540	1083	0.018632153
2540	1008	0.018625032
2540	1360	0.017337492
2540	105	0.017332155
2540	172	0.01599055
2540	2	0.015979275
2540	657	0.01591689
2540	840	0.015604352
2541	35	0.021336848
2541	40	0.020525217
2541	127	0.02033927
2541	194	0.019985873
2541	204	0.01877124
2541	385	0.018707538
2541	51	0.018612307
2541	43	0.018491974
2541	87	0.018435674
2541	269	0.017999703
2542	195	0.0325387
2542	59	0.029604373
2542	287	0.024945607
2542	333	0.024024818
2542	651	0.02333265
2542	822	0.021982448
2542	219	0.020557811
2542	192	0.02029536
2542	79	0.019686537
2542	493	0.019097846
2543	59	0.02537048
2543	1433	0.024437316
2543	115	0.023461899
2543	333	0.022169512
2543	1023	0.021396283
2543	26	0.02034672
2543	62	0.019724786
2543	1086	0.019610822
2543	36	0.0190896
2543	202	0.018694265
2544	383	0.045032524
2544	246	0.037444744
2544	347	0.03355081
2544	1329	0.030262187
2544	227	0.029148031
2544	18	0.024946446
2544	1119	0.02485731
2544	540	0.02479148
2544	877	0.02472058
2544	46	0.024570953
2545	470	0.020528972
2545	363	0.019612057
2545	227	0.018843185
2545	877	0.018267946
2545	480	0.018110925
2545	247	0.018015988
2545	557	0.017879786
2545	321	0.017462743
2545	1329	0.0173815
2545	788	0.017243627
2546	151	0.0347994
2546	103	0.024018312
2546	139	0.01860971
2546	68	0.0176837
2546	48	0.016304946
2546	1284	0.0152814025
2546	902	0.014696099
2546	628	0.014139353
2546	373	0.013726661
2546	635	0.013632549
2547	231	0.034420274
2547	801	0.03105281
2547	302	0.030609278
2547	326	0.030581146
2547	318	0.030412188
2547	1032	0.03022789
2547	373	0.03017114
2547	982	0.029995555
2547	1339	0.028853782
2547	714	0.028839715
2548	100	0.03207056
2548	140	0.030156478
2548	139	0.029672828
2548	226	0.026965993
2548	107	0.025899468
2548	483	0.025811307
2548	481	0.024643349
2548	69	0.023915626
2548	283	0.023120431
2548	175	0.02280527
2549	287	0.031123195
2549	36	0.026081404
2549	372	0.026044674
2549	303	0.025670731
2549	95	0.023256177
2549	340	0.023238176
2549	201	0.023195013
2549	806	0.022887273
2549	402	0.022744508
2549	163	0.021714855
2550	987	0.03304806
2550	314	0.026401054
2550	1203	0.02580914
2550	941	0.025401972
2550	1328	0.024892746
2550	73	0.024872215
2550	907	0.024736281
2550	562	0.02467448
2550	1450	0.024646554
2550	389	0.024645034
2551	157	0.026092168
2551	151	0.025817325
2551	334	0.021739153
2551	68	0.019158244
2551	94	0.018975453
2551	103	0.01885743
2551	36	0.018726908
2551	803	0.01726963
2551	378	0.017148891
2551	200	0.015550029
2552	33	0.032741304
2552	371	0.030169358
2552	43	0.030107055
2552	36	0.027397197
2552	385	0.023022678
2552	164	0.021604955
2552	46	0.02117345
2552	123	0.020832557
2552	66	0.020605495
2552	271	0.020483578
2553	139	0.025253944
2553	373	0.025028678
2553	151	0.024932804
2553	175	0.02138942
2553	466	0.01824334
2553	47	0.017681433
2553	1265	0.017661324
2553	68	0.01759709
2553	703	0.016255802
2553	163	0.01602515
2554	1397	0.034835164
2554	185	0.03316577
2554	1036	0.031831086
2554	632	0.031224525
2554	505	0.02864554
2554	396	0.028343674
2554	1080	0.027097901
2554	522	0.025913341
2554	0	0.0246396
2554	393	0.023768315
2555	216	0.037417587
2555	204	0.03248578
2555	811	0.026782462
2555	569	0.024572127
2555	1136	0.023591131
2555	164	0.019890677
2555	1386	0.01890262
2555	259	0.0188974
2555	218	0.017112156
2555	1444	0.014903674
2556	224	0.028245
2556	433	0.02730741
2556	1230	0.026218655
2556	1032	0.02513325
2556	389	0.02505219
2556	1343	0.023165997
2556	1360	0.022955285
2556	514	0.02241763
2556	8	0.022408592
2556	785	0.0215581
2557	286	0.052235555
2557	94	0.036254004
2557	143	0.03447226
2557	219	0.031603176
2557	1201	0.0314742
2557	298	0.030315695
2557	356	0.028780062
2557	667	0.02866582
2557	365	0.028555313
2557	32	0.0282359
2558	148	0.050432693
2558	103	0.030919833
2558	68	0.024256188
2558	48	0.02121745
2558	628	0.017813643
2558	44	0.017201927
2558	1403	0.0168381
2558	1061	0.015398235
2558	635	0.015325289
2558	853	0.015011181
2559	142	0.023498815
2559	333	0.02209715
2559	58	0.021174917
2559	343	0.02095981
2559	33	0.020737048
2559	43	0.020086654
2559	283	0.019882089
2559	326	0.019165616
2559	62	0.018817885
2559	290	0.0186332
2560	290	0.016333781
2560	54	0.015867962
2560	59	0.015567446
2560	226	0.015164938
2560	196	0.014865259
2560	366	0.01476471
2560	437	0.01457065
2560	256	0.014389112
2560	142	0.013689861
2560	822	0.012951484
2561	68	0.042416032
2561	151	0.039025612
2561	139	0.038386714
2561	71	0.037217755
2561	66	0.036837194
2561	225	0.034640614
2561	381	0.034400508
2561	0	0.030885313
2561	42	0.030416908
2561	44	0.029946266
2562	477	0.030926822
2562	92	0.029629877
2562	204	0.026035842
2562	74	0.02440858
2562	14	0.022260906
2562	752	0.02204505
2562	257	0.021569306
2562	5	0.020238401
2562	766	0.019287078
2562	1435	0.019060366
2563	463	0.048913088
2563	474	0.037538577
2563	340	0.02869214
2563	498	0.028281571
2563	62	0.02804236
2563	256	0.027529934
2563	277	0.024530845
2563	348	0.02235213
2563	333	0.02219738
2563	849	0.02211156
2564	482	0.056117795
2564	314	0.05055766
2564	1260	0.05013077
2564	400	0.04921615
2564	359	0.048857566
2564	317	0.04593328
2564	292	0.044794656
2564	194	0.044020597
2564	343	0.03891796
2564	209	0.031137807
2565	157	0.030956862
2565	151	0.030300029
2565	103	0.02669112
2565	68	0.019402888
2565	373	0.016851688
2565	1325	0.0147138685
2565	139	0.014000401
2565	834	0.012734148
2565	71	0.012239588
2565	628	0.011899185
2566	162	0.025389971
2566	106	0.023821289
2566	715	0.022780582
2566	140	0.022375822
2566	100	0.020743858
2566	481	0.020294562
2566	483	0.020293983
2566	1266	0.019912539
2566	562	0.01967475
2566	283	0.018728748
2567	113	0.022198668
2567	92	0.02092498
2567	61	0.019972168
2567	12	0.019838383
2567	121	0.018250333
2567	75	0.017885542
2567	854	0.017237343
2567	193	0.016108576
2567	67	0.014872675
2567	1486	0.014623545
2568	362	0.037855353
2568	8	0.0332698
2568	451	0.030084867
2568	177	0.029511655
2568	915	0.027896402
2568	1206	0.025211092
2568	785	0.02364634
2568	215	0.022883177
2568	224	0.022297088
2568	773	0.022117052
2569	216	0.023070177
2569	36	0.021016268
2569	784	0.019722551
2569	385	0.019011188
2569	267	0.018180609
2569	274	0.017029
2569	287	0.016572153
2569	50	0.016344536
2569	464	0.01594506
2569	37	0.015848674
2570	58	0.029113574
2570	286	0.02031082
2570	23	0.020133154
2570	33	0.019188076
2570	249	0.018291663
2570	166	0.01804513
2570	68	0.017684005
2570	175	0.017409893
2570	283	0.017031712
2570	123	0.016913272
2571	175	0.023008753
2571	59	0.022959674
2571	886	0.022382673
2571	937	0.02207235
2571	243	0.021839384
2571	58	0.020430643
2571	62	0.019815052
2571	46	0.019553807
2571	256	0.019493962
2571	43	0.019316034
2572	53	0.033396084
2572	103	0.030575028
2572	139	0.02882229
2572	0	0.028497955
2572	719	0.027747972
2572	151	0.02730587
2572	144	0.027086042
2572	48	0.027071929
2572	148	0.026909063
2572	29	0.026889443
2573	129	0.028494963
2573	59	0.02569104
2573	719	0.022306731
2573	68	0.02226871
2573	36	0.021619506
2573	118	0.020820094
2573	103	0.020560158
2573	1193	0.020433621
2573	61	0.020114897
2573	257	0.019852687
2574	68	0.03962065
2574	103	0.036527067
2574	151	0.03512709
2574	46	0.034996707
2574	53	0.034969695
2574	42	0.033903703
2574	222	0.03386871
2574	495	0.03322529
2574	221	0.033135507
2574	64	0.032707915
2575	66	0.038587682
2575	148	0.037290767
2575	48	0.037228283
2575	44	0.035379324
2575	68	0.032055784
2575	139	0.028154315
2575	71	0.028038746
2575	103	0.027797505
2575	70	0.026923127
2575	59	0.026910488
2576	91	0.04718938
2576	274	0.035748288
2576	672	0.02342256
2576	720	0.02334974
2576	564	0.021747887
2576	780	0.020760346
2576	1120	0.020009486
2576	23	0.019626489
2576	1615	0.01918351
2576	92	0.018098954
2577	437	0.027229724
2577	58	0.023494462
2577	693	0.023234045
2577	168	0.022852683
2577	345	0.02068639
2577	1002	0.020460963
2577	377	0.019513436
2577	141	0.019417929
2577	171	0.018903749
2577	470	0.018399116
2578	612	0.039096452
2578	398	0.039059274
2578	865	0.03793037
2578	1135	0.032778323
2578	799	0.031322923
2578	452	0.030462917
2578	940	0.030215207
2578	447	0.029534848
2578	438	0.026486862
2578	884	0.025903525
2579	1472	0.034127094
2579	715	0.03073592
2579	1633	0.02967377
2579	80	0.029122435
2579	781	0.028431509
2579	342	0.028068531
2579	770	0.027361382
2579	753	0.026683183
2579	835	0.026353877
2579	107	0.02612725
2580	432	0.033462465
2580	915	0.025101518
2580	364	0.025071412
2580	362	0.024787983
2580	2	0.023013826
2580	177	0.022683792
2580	451	0.020824863
2580	117	0.02019065
2580	314	0.019374892
2580	433	0.019196957
2581	803	0.036845177
2581	123	0.033244178
2581	377	0.02888256
2581	58	0.028857574
2581	384	0.028517773
2581	286	0.027768392
2581	290	0.027527358
2581	1276	0.026472017
2581	801	0.025749262
2581	278	0.024903769
2582	180	0.029674336
2582	1002	0.028202605
2582	257	0.026902393
2582	133	0.026050048
2582	944	0.025939291
2582	731	0.025492156
2582	2	0.024345659
2582	1340	0.022576043
2582	432	0.022446575
2582	121	0.022181606
2583	139	0.023934336
2583	226	0.02388575
2583	383	0.022612344
2583	842	0.022198252
2583	347	0.021109717
2583	784	0.020669268
2583	175	0.020558627
2583	67	0.020275496
2583	59	0.020232076
2583	216	0.019915778
2584	1002	0.032939073
2584	347	0.022743404
2584	10	0.022339443
2584	806	0.021529676
2584	163	0.021192402
2584	379	0.019794293
2584	450	0.019336998
2584	15	0.019253723
2584	377	0.019028902
2584	470	0.018714745
2585	360	0.025309373
2585	147	0.022850348
2585	547	0.022087438
2585	171	0.019741887
2585	162	0.018511612
2585	201	0.017839583
2585	345	0.017603714
2585	69	0.017257804
2585	187	0.017082948
2585	895	0.016954057
2586	1530	0.029023351
2586	783	0.02861341
2586	1420	0.026246842
2586	394	0.0255711
2586	1188	0.02493817
2586	325	0.024866715
2586	769	0.024697153
2586	463	0.024503227
2586	1564	0.023350883
2586	210	0.023342848
2587	103	0.035137907
2587	148	0.02971062
2587	151	0.029100416
2587	157	0.028739017
2587	381	0.026812857
2587	71	0.026210789
2587	70	0.025094932
2587	66	0.025066754
2587	48	0.023535227
2587	25	0.023425616
2588	651	0.053259023
2588	177	0.044100873
2588	451	0.03330786
2588	282	0.02469783
2588	176	0.023400439
2588	949	0.021858264
2588	388	0.021197472
2588	773	0.020616638
2588	915	0.020613452
2588	350	0.01884817
2589	314	0.040732272
2589	482	0.03618703
2589	298	0.03327565
2589	343	0.032727737
2589	909	0.032489344
2589	181	0.031852707
2589	292	0.030712955
2589	406	0.028549945
2589	400	0.024954407
2589	989	0.024256676
2590	555	0.02962166
2590	257	0.029060785
2590	74	0.023419183
2590	961	0.023297349
2590	915	0.023283837
2590	129	0.023139328
2590	61	0.022998983
2590	118	0.020854319
2590	21	0.020825207
2590	981	0.020118048
2591	129	0.023216084
2591	495	0.023212695
2591	784	0.022438614
2591	719	0.02212125
2591	741	0.021834096
2591	105	0.021720693
2591	45	0.021516941
2591	621	0.021411598
2591	547	0.02105806
2591	38	0.021013709
2592	92	0.027901212
2592	379	0.023742476
2592	351	0.023098735
2592	414	0.022922497
2592	221	0.022268908
2592	162	0.02210669
2592	164	0.021948155
2592	345	0.021532102
2592	784	0.021038195
2592	94	0.020831956
2593	286	0.029144336
2593	216	0.025863983
2593	414	0.025682412
2593	752	0.025526006
2593	252	0.020212814
2593	200	0.018610027
2593	47	0.017807942
2593	290	0.017661735
2593	741	0.017651351
2593	667	0.01757426
2594	414	0.03067859
2594	200	0.028763177
2594	66	0.023995629
2594	185	0.023134528
2594	129	0.022069464
2594	44	0.021672636
2594	811	0.021469433
2594	42	0.021358298
2594	103	0.020963844
2594	381	0.020939615
2595	773	0.04483902
2595	915	0.044078592
2595	908	0.04294719
2595	1205	0.033805493
2595	571	0.029519854
2595	785	0.028714353
2595	245	0.026786605
2595	350	0.025363853
2595	177	0.024433045
2595	1094	0.024069328
2596	202	0.03333416
2596	0	0.028981803
2596	59	0.027227696
2596	47	0.025854615
2596	225	0.02557931
2596	68	0.025055751
2596	186	0.024640327
2596	151	0.024343701
2596	185	0.02404989
2596	67	0.023992095
2597	948	0.033048265
2597	258	0.027529385
2597	273	0.023540564
2597	547	0.023251167
2597	564	0.020452354
2597	487	0.020135589
2597	1282	0.019877184
2597	1281	0.018680057
2597	139	0.018380588
2597	97	0.017888742
2598	803	0.03612963
2598	232	0.027428122
2598	373	0.02720277
2598	437	0.026144676
2598	1159	0.023162851
2598	132	0.02278531
2598	286	0.022624582
2598	243	0.022453638
2598	284	0.021000104
2598	1158	0.02030752
2599	286	0.029622437
2599	94	0.02842583
2599	318	0.02355279
2599	384	0.023549387
2599	379	0.022280889
2599	343	0.022113305
2599	142	0.021085538
2599	970	0.020805834
2599	376	0.020276297
2599	437	0.018635148
2600	269	0.031285916
2600	72	0.0278352
2600	981	0.020884708
2600	56	0.020668091
2600	385	0.020462334
2600	37	0.019885253
2600	164	0.019883765
2600	303	0.019133445
2600	1242	0.018952224
2600	651	0.018843943
2601	426	0.042577974
2601	1561	0.037982784
2601	9	0.033601284
2601	560	0.031189153
2601	1508	0.030190215
2601	1096	0.029809274
2601	1088	0.029511234
2601	167	0.029313967
2601	1197	0.02894098
2601	713	0.026437486
2602	1633	0.030355575
2602	1293	0.02840871
2602	374	0.02513285
2602	888	0.024155756
2602	959	0.022630416
2602	488	0.022536822
2602	770	0.022383193
2602	406	0.021879911
2602	851	0.021499654
2602	9	0.021474201
2603	306	0.031706035
2603	256	0.029506221
2603	970	0.02793852
2603	378	0.027866358
2603	67	0.026458502
2603	15	0.025344111
2603	164	0.02350361
2603	36	0.023280052
2603	149	0.023155764
2603	2	0.020803599
2604	359	0.060355764
2604	194	0.055549446
2604	292	0.053598225
2604	317	0.048615105
2604	1260	0.046968862
2604	343	0.04681261
2604	408	0.03751067
2604	1281	0.022973148
2604	910	0.020995054
2604	180	0.019944815
2605	453	0.026508419
2605	134	0.022324037
2605	209	0.021732904
2605	783	0.020720504
2605	1520	0.019564852
2605	452	0.019528642
2605	54	0.019048134
2605	129	0.018889317
2605	1193	0.018516146
2605	21	0.018315982
2606	148	0.029170793
2606	151	0.026571706
2606	97	0.025854293
2606	157	0.022216883
2606	853	0.020364372
2606	991	0.020228432
2606	1450	0.019257996
2606	78	0.018713504
2606	567	0.017971978
2606	244	0.017869784
2607	187	0.022059286
2607	303	0.020911695
2607	287	0.020877125
2607	163	0.020556571
2607	477	0.018917745
2607	194	0.01710889
2607	333	0.01682672
2607	62	0.016717903
2607	23	0.01666407
2607	385	0.016589504
2608	1064	0.031277258
2608	1082	0.023695216
2608	581	0.023547532
2608	1587	0.023025716
2608	748	0.02247813
2608	973	0.021481937
2608	912	0.021330955
2608	552	0.021269985
2608	1177	0.018701566
2608	106	0.018491786
2609	105	0.033136453
2609	144	0.03185922
2609	680	0.031768877
2609	784	0.03132333
2609	383	0.03131855
2609	72	0.030966548
2609	0	0.030136123
2609	164	0.030121045
2609	46	0.029984793
2609	487	0.029504512
2610	177	0.03608469
2610	257	0.032825254
2610	406	0.032597452
2610	908	0.031068914
2610	909	0.030496564
2610	773	0.029957274
2610	738	0.029436715
2610	706	0.024415918
2610	1517	0.023858562
2610	314	0.023765491
2611	62	0.026820842
2611	333	0.025625864
2611	334	0.025572313
2611	895	0.022343168
2611	340	0.022301275
2611	226	0.020880064
2611	287	0.02032084
2611	58	0.020125484
2611	372	0.020031853
2611	303	0.019788362
2612	286	0.021198522
2612	142	0.01955288
2612	166	0.018028766
2612	157	0.016971916
2612	36	0.016058074
2612	141	0.015539412
2612	151	0.015099449
2612	306	0.014975924
2612	356	0.014723055
2612	379	0.013886476
2613	387	0.034262214
2613	364	0.03078458
2613	915	0.029157273
2613	87	0.027959788
2613	451	0.026320128
2613	362	0.02583888
2613	785	0.025596172
2613	706	0.025527084
2613	8	0.02225096
2613	951	0.021752844
2614	306	0.037892595
2614	379	0.02849557
2614	424	0.027110867
2614	118	0.026834885
2614	886	0.022571856
2614	895	0.021420412
2614	841	0.019902723
2614	13	0.01977212
2614	58	0.019282823
2614	477	0.01896295
2615	62	0.023954514
2615	345	0.022767361
2615	314	0.021965524
2615	58	0.020775313
2615	340	0.019958034
2615	88	0.01943912
2615	372	0.019381557
2615	895	0.018847289
2615	256	0.018526915
2615	368	0.017788606
2616	463	0.0449273
2616	151	0.033557396
2616	157	0.029353501
2616	148	0.029247306
2616	433	0.025682583
2616	311	0.024798706
2616	277	0.02437037
2616	66	0.024012264
2616	458	0.023677653
2616	225	0.019679585
2617	385	0.027915042
2617	59	0.026241492
2617	651	0.023511333
2617	362	0.021815613
2617	364	0.021109913
2617	18	0.01888207
2617	547	0.018412143
2617	162	0.018279415
2617	87	0.018080842
2617	173	0.017880047
2618	453	0.040435657
2618	408	0.036631204
2618	1135	0.034656007
2618	209	0.030196045
2618	103	0.029478775
2618	394	0.027039718
2618	104	0.02643636
2618	612	0.026196877
2618	865	0.026124895
2618	398	0.024844246
2619	104	0.030906059
2619	394	0.024248661
2619	895	0.021724751
2619	1483	0.02119037
2619	1024	0.021158211
2619	1531	0.020916346
2619	769	0.02074044
2619	865	0.020526255
2619	612	0.019039935
2619	453	0.019015303
2620	198	0.034322757
2620	81	0.03358956
2620	18	0.028784454
2620	1354	0.025327647
2620	1124	0.024474947
2620	254	0.02412703
2620	487	0.022522384
2620	1203	0.022242261
2620	432	0.021786567
2620	910	0.021563517
2621	662	0.050252948
2621	460	0.04042498
2621	157	0.023870617
2621	44	0.023765849
2621	148	0.022669982
2621	151	0.0221661
2621	273	0.021716798
2621	48	0.021157643
2621	71	0.020648118
2621	256	0.02036878
2622	157	0.0378101
2622	381	0.032455012
2622	139	0.0311698
2622	72	0.029962463
2622	273	0.02856611
2622	48	0.026174944
2622	547	0.025926838
2622	70	0.02476355
2622	42	0.024502061
2622	222	0.024172585
2623	786	0.037712917
2623	326	0.033924308
2623	789	0.03198039
2623	142	0.03162877
2623	1023	0.025821155
2623	153	0.024240492
2623	895	0.02297561
2623	803	0.022716912
2623	377	0.022369048
2623	801	0.022070456
2624	615	0.024787834
2624	242	0.024415234
2624	792	0.023659434
2624	89	0.022051852
2624	227	0.022012724
2624	748	0.021849202
2624	241	0.02138249
2624	1288	0.020328553
2624	886	0.020175885
2624	1380	0.019938013
2625	323	0.034327526
2625	365	0.029362328
2625	368	0.028947368
2625	346	0.026855124
2625	1348	0.02230476
2625	185	0.022190914
2625	258	0.0218391
2625	202	0.020848218
2625	615	0.017895725
2625	199	0.017318884
2626	477	0.08312707
2626	1491	0.05528152
2626	1435	0.043728624
2626	117	0.041918978
2626	28	0.03354868
2626	1371	0.030138755
2626	815	0.024767807
2626	616	0.023459721
2626	124	0.022372229
2626	931	0.02203334
2627	258	0.028989857
2627	67	0.026334833
2627	1348	0.024834985
2627	564	0.022973683
2627	405	0.021109886
2627	37	0.021094099
2627	75	0.020498922
2627	46	0.018671319
2627	854	0.017502446
2627	36	0.017471919
2628	1580	0.029244693
2628	1347	0.02620447
2628	1533	0.02403212
2628	1532	0.023267398
2628	527	0.02305792
2628	781	0.02207493
2628	983	0.021744782
2628	1260	0.02113959
2628	136	0.021108374
2628	179	0.02097812
2629	68	0.03611968
2629	381	0.03542983
2629	71	0.034868393
2629	719	0.032542836
2629	70	0.03216541
2629	103	0.031580236
2629	44	0.03137363
2629	53	0.031125076
2629	225	0.03111475
2629	157	0.030719435
2630	1064	0.054530896
2630	1082	0.052110277
2630	555	0.04104724
2630	125	0.03244166
2630	189	0.03175449
2630	11	0.03009445
2630	257	0.029741924
2630	419	0.027534623
2630	962	0.02421315
2630	21	0.023711594
2631	148	0.030020501
2631	157	0.028853381
2631	139	0.028391952
2631	151	0.02827012
2631	103	0.026398094
2631	71	0.025642024
2631	53	0.024846373
2631	48	0.021211553
2631	25	0.020733215
2631	36	0.02069738
2632	637	0.024850683
2632	951	0.01937915
2632	177	0.018257303
2632	1113	0.018159615
2632	605	0.018139036
2632	149	0.017182069
2632	559	0.01701922
2632	794	0.017005293
2632	952	0.016901102
2632	666	0.016542835
2633	889	0.04292091
2633	934	0.025500743
2633	752	0.02294527
2633	981	0.022324191
2633	43	0.020731699
2633	267	0.020555718
2633	826	0.020196406
2633	130	0.019248748
2633	171	0.01849188
2633	1357	0.017392293
2634	75	0.023852559
2634	204	0.022541093
2634	344	0.02207763
2634	306	0.020922769
2634	121	0.018340146
2634	115	0.018128492
2634	61	0.018015394
2634	414	0.01798822
2634	141	0.017959177
2634	35	0.017263863
2635	452	0.06450272
2635	453	0.055174403
2635	398	0.03967784
2635	865	0.03579148
2635	612	0.033440996
2635	394	0.031916395
2635	104	0.030698985
2635	1526	0.030275969
2635	885	0.030200223
2635	1533	0.029533988
2636	74	0.024328126
2636	221	0.022829102
2636	22	0.0224455
2636	121	0.02227205
2636	257	0.020471882
2636	119	0.019372432
2636	652	0.019165102
2636	181	0.018938316
2636	260	0.018916354
2636	961	0.018285803
2637	104	0.04267371
2637	209	0.04071094
2637	453	0.037790157
2637	398	0.03636484
2637	783	0.028477084
2637	422	0.028304705
2637	134	0.02772018
2637	769	0.027047796
2637	1533	0.024710365
2637	118	0.024436364
2638	139	0.026903221
2638	175	0.024081504
2638	64	0.023497522
2638	36	0.02327017
2638	25	0.022743938
2638	163	0.02267685
2638	383	0.021976294
2638	144	0.021528235
2638	149	0.021129696
2638	18	0.020951172
2639	414	0.046967074
2639	811	0.03217792
2639	569	0.027554732
2639	74	0.02492245
2639	164	0.021047901
2639	260	0.020651428
2639	64	0.020035958
2639	397	0.019091524
2639	79	0.018749714
2639	1241	0.018633775
2640	59	0.025494987
2640	15	0.02466719
2640	784	0.023859778
2640	67	0.023713468
2640	36	0.023532169
2640	269	0.02337053
2640	129	0.02278458
2640	64	0.022598488
2640	23	0.022572808
2640	47	0.022398464
2641	18	0.026691655
2641	8	0.024585659
2641	15	0.023319775
2641	773	0.023284394
2641	362	0.022665493
2641	915	0.020364704
2641	364	0.02029531
2641	648	0.019958584
2641	118	0.018448735
2641	177	0.0181253
2642	662	0.037387714
2642	456	0.03219509
2642	460	0.028955782
2642	459	0.026678402
2642	455	0.025267221
2642	461	0.023933813
2642	457	0.023543907
2642	163	0.022786675
2642	35	0.015962435
2642	331	0.015518692
2643	2	0.032473087
2643	785	0.029355459
2643	1511	0.02813847
2643	1360	0.025889305
2643	641	0.025313476
2643	433	0.02371024
2643	1286	0.022357935
2643	1269	0.021426179
2643	1311	0.021250157
2643	1340	0.021145444
2644	103	0.043575443
2644	428	0.038454395
2644	784	0.03800346
2644	29	0.037244324
2644	151	0.03540949
2644	223	0.03515097
2644	157	0.03412895
2644	64	0.034037482
2644	46	0.03357519
2644	729	0.0327283
2645	377	0.02273317
2645	344	0.022656674
2645	94	0.022317866
2645	334	0.022017905
2645	123	0.021510994
2645	23	0.021276608
2645	314	0.020743951
2645	384	0.020331275
2645	54	0.0202453
2645	47	0.02018209
2646	22	0.028463947
2646	110	0.027650895
2646	555	0.02508146
2646	640	0.02331115
2646	81	0.022225244
2646	1331	0.021823412
2646	17	0.021100728
2646	1082	0.020775875
2646	915	0.020451352
2646	419	0.020297762
2647	1158	0.028148605
2647	286	0.024229197
2647	231	0.023104666
2647	1140	0.022581348
2647	373	0.022304935
2647	1032	0.022262432
2647	774	0.022203902
2647	437	0.021766819
2647	801	0.020251662
2647	326	0.020010395
2648	802	0.026465924
2648	1004	0.024383299
2648	518	0.023375604
2648	201	0.021721685
2648	144	0.021059085
2648	216	0.018842867
2648	405	0.01868092
2648	109	0.018555934
2648	811	0.018417282
2648	110	0.018361248
2649	58	0.029778002
2649	259	0.028819546
2649	164	0.028595049
2649	123	0.02448643
2649	23	0.024378864
2649	331	0.024114577
2649	162	0.023593834
2649	378	0.02342823
2649	345	0.023232248
2649	149	0.022528458
2650	1135	0.056522846
2650	209	0.04706891
2650	408	0.043881513
2650	398	0.03532985
2650	407	0.032988086
2650	1526	0.032693364
2650	946	0.032289613
2650	1532	0.031917553
2650	1533	0.03156081
2650	1520	0.03096293
2651	468	0.018812548
2651	130	0.017047841
2651	58	0.017015032
2651	168	0.016636401
2651	94	0.016444717
2651	377	0.016141133
2651	1241	0.015825313
2651	423	0.0155752115
2651	345	0.014560509
2651	249	0.014537526
2652	1481	0.057770908
2652	1292	0.050746504
2652	1330	0.047517937
2652	1589	0.047430262
2652	1303	0.04076568
2652	1184	0.040430844
2652	1323	0.03889472
2652	236	0.038807735
2652	1474	0.03809301
2652	237	0.0374938
2653	785	0.030354537
2653	257	0.026599064
2653	409	0.025817487
2653	15	0.023528475
2653	181	0.023294782
2653	75	0.020324482
2653	681	0.019172765
2653	911	0.018856777
2653	924	0.018445387
2653	652	0.017977327
2654	908	0.02778568
2654	424	0.026411898
2654	194	0.025203941
2654	181	0.0249669
2654	909	0.023725722
2654	915	0.02350297
2654	146	0.022308014
2654	314	0.022184173
2654	2	0.021878265
2654	257	0.021435501
2655	68	0.038917754
2655	151	0.038455516
2655	139	0.035167824
2655	72	0.03236804
2655	25	0.02869439
2655	719	0.02806157
2655	224	0.026683215
2655	0	0.026460594
2655	680	0.02630428
2655	221	0.025809783
2656	175	0.023614513
2656	314	0.023042962
2656	298	0.021612775
2656	103	0.021360587
2656	47	0.019739887
2656	151	0.019069048
2656	48	0.018792517
2656	64	0.017592333
2656	273	0.01759051
2656	72	0.017388435
2657	148	0.030636953
2657	433	0.027472934
2657	157	0.02479916
2657	151	0.02441328
2657	146	0.01756647
2657	2	0.017409544
2657	498	0.016475266
2657	344	0.015511928
2657	341	0.015377642
2657	1343	0.015145177
2658	125	0.026998756
2658	15	0.024607364
2658	10	0.020776896
2658	1032	0.019273339
2658	53	0.019140046
2658	119	0.01853245
2658	430	0.018304242
2658	257	0.017426645
2658	230	0.017130695
2658	735	0.016980331
2659	384	0.04021762
2659	123	0.035220675
2659	334	0.031519186
2659	344	0.030966394
2659	318	0.028881937
2659	970	0.026877768
2659	94	0.02664718
2659	378	0.026321894
2659	58	0.025365764
2659	166	0.024786446
2660	119	0.025059842
2660	12	0.024739362
2660	61	0.02448078
2660	410	0.02351497
2660	1193	0.023073701
2660	5	0.021857932
2660	257	0.0218216
2660	129	0.021667205
2660	785	0.021646857
2660	1343	0.020329988
2661	91	0.028415782
2661	163	0.023996046
2661	157	0.020904869
2661	151	0.02089002
2661	202	0.020373546
2661	273	0.020182379
2661	87	0.019429982
2661	269	0.018897213
2661	62	0.018736266
2661	67	0.018677045
2662	56	0.03352129
2662	1525	0.029588038
2662	269	0.028444493
2662	981	0.02603696
2662	1370	0.02090784
2662	889	0.02088244
2662	467	0.02084851
2662	1357	0.02067712
2662	94	0.019752523
2662	164	0.0186759
2663	35	0.02632738
2663	47	0.02385787
2663	72	0.023207473
2663	71	0.022727206
2663	70	0.022375224
2663	44	0.02212576
2663	67	0.021748457
2663	222	0.0213521
2663	50	0.02133642
2663	144	0.021252498
2664	48	0.04447926
2664	151	0.031000834
2664	157	0.029489545
2664	148	0.028863177
2664	69	0.027231932
2664	59	0.027049363
2664	273	0.025993198
2664	164	0.02587319
2664	0	0.025244154
2664	139	0.025150308
2665	23	0.027609346
2665	934	0.026521262
2665	706	0.02613509
2665	58	0.02451008
2665	259	0.024402123
2665	616	0.024201408
2665	345	0.02254935
2665	235	0.022529421
2665	1055	0.022065964
2665	477	0.021833807
2666	43	0.013291991
2666	445	0.011910299
2666	812	0.0118963765
2666	62	0.010906329
2666	725	0.010807401
2666	604	0.010201352
2666	822	0.0100746965
2666	596	0.009692765
2666	267	0.009621824
2666	214	0.009515901
2667	1193	0.030887054
2667	784	0.02800401
2667	118	0.026074925
2667	164	0.023319133
2667	119	0.021561785
2667	125	0.021367414
2667	15	0.021145929
2667	72	0.020950748
2667	40	0.02063829
2667	172	0.020124916
2668	422	0.061161917
2668	104	0.05883319
2668	134	0.05869253
2668	940	0.04704775
2668	1188	0.045040224
2668	452	0.042013407
2668	884	0.04169906
2668	98	0.04100001
2668	1135	0.039351873
2668	769	0.038796157
2669	67	0.028945522
2669	68	0.026851682
2669	648	0.02583882
2669	71	0.025634812
2669	139	0.025159812
2669	25	0.023371896
2669	59	0.023011144
2669	53	0.021559268
2669	784	0.021345599
2669	69	0.02100148
2670	483	0.032844853
2670	162	0.030483812
2670	107	0.02545812
2670	562	0.025227103
2670	175	0.025046945
2670	18	0.023613134
2670	1102	0.022377947
2670	915	0.021804547
2670	246	0.021211162
2670	773	0.020946516
2671	432	0.04401206
2671	773	0.039108798
2671	908	0.036980107
2671	8	0.03156411
2671	1205	0.028912054
2671	785	0.028298436
2671	483	0.028011872
2671	105	0.02709095
2671	230	0.026118975
2671	350	0.025771314
2672	182	0.016710091
2672	1237	0.016546715
2672	106	0.016040228
2672	1398	0.015359299
2672	849	0.015258526
2672	575	0.014851915
2672	1609	0.01477433
2672	1129	0.01469991
2672	787	0.014603703
2672	1126	0.014309887
2673	71	0.024087334
2673	157	0.023031311
2673	66	0.019762281
2673	148	0.019757034
2673	25	0.019164884
2673	379	0.018423533
2673	123	0.017322442
2673	381	0.016952224
2673	103	0.016472554
2673	163	0.016056227
2674	17	0.02062291
2674	684	0.020391576
2674	1363	0.018052185
2674	1482	0.01749263
2674	169	0.01736715
2674	1245	0.017030418
2674	355	0.016973613
2674	372	0.016750455
2674	462	0.01664734
2674	41	0.01601092
2675	44	0.021643745
2675	147	0.021085175
2675	110	0.02039139
2675	199	0.020370608
2675	186	0.020065129
2675	769	0.019309111
2675	108	0.018125309
2675	403	0.017986527
2675	70	0.017848928
2675	421	0.017697556
2676	28	0.04436015
2676	913	0.04353901
2676	1580	0.041908544
2676	1536	0.039152667
2676	19	0.038905226
2676	835	0.03840263
2676	30	0.03752968
2676	1293	0.03743448
2676	1260	0.03661409
2676	426	0.03608267
2677	872	0.031772025
2677	1566	0.031571403
2677	1201	0.031091247
2677	368	0.031021817
2677	1175	0.03011538
2677	219	0.0301082
2677	822	0.028181724
2677	365	0.027925791
2677	722	0.02656339
2677	995	0.025528608
2678	113	0.038962677
2678	5	0.02674432
2678	14	0.02604537
2678	257	0.025398534
2678	1575	0.022467965
2678	119	0.022376021
2678	137	0.022370435
2678	22	0.02226909
2678	1193	0.02221427
2678	2	0.021585478
2679	185	0.027181495
2679	579	0.025593821
2679	127	0.023614153
2679	43	0.022967363
2679	287	0.020929605
2679	46	0.019995773
2679	29	0.01962108
2679	36	0.019185005
2679	31	0.01885486
2679	67	0.017524632
2680	983	0.03992441
2680	1343	0.02694229
2680	1043	0.023009578
2680	1342	0.02252404
2680	1018	0.021802071
2680	1347	0.021343647
2680	124	0.020999167
2680	1337	0.020973144
2680	823	0.020575903
2680	1015	0.019253133
2681	127	0.03253075
2681	256	0.031392895
2681	58	0.02970927
2681	45	0.026308343
2681	108	0.025586398
2681	202	0.023562174
2681	95	0.02332103
2681	806	0.023180092
2681	185	0.022333989
2681	123	0.021531895
2682	746	0.044031862
2682	834	0.041936338
2682	581	0.03688308
2682	114	0.036575213
2682	1392	0.0347269
2682	1343	0.03469981
2682	983	0.033563573
2682	425	0.032069545
2682	261	0.031982474
2682	1303	0.031892627
2683	306	0.040252663
2683	344	0.037926663
2683	970	0.028298471
2683	993	0.026052268
2683	384	0.022679346
2683	13	0.022494622
2683	314	0.021966336
2683	120	0.021657176
2683	194	0.020466631
2683	370	0.019293498
2684	8	0.028555745
2684	915	0.026645979
2684	432	0.025030272
2684	773	0.02269812
2684	1079	0.021611664
2684	1070	0.02136742
2684	113	0.021022359
2684	116	0.020612378
2684	616	0.020490611
2684	230	0.020473639
2685	385	0.023501128
2685	162	0.02153548
2685	62	0.021065716
2685	51	0.020869786
2685	175	0.020011008
2685	333	0.019594138
2685	95	0.019321032
2685	32	0.01929946
2685	269	0.019251952
2685	372	0.019145118
2686	547	0.032302454
2686	144	0.031533003
2686	29	0.030951697
2686	72	0.030198403
2686	273	0.030111982
2686	0	0.029971913
2686	67	0.02917388
2686	784	0.028942399
2686	68	0.028548406
2686	381	0.02816158
2687	287	0.035175383
2687	256	0.03201735
2687	372	0.030508464
2687	291	0.029227369
2687	267	0.0283891
2687	62	0.027218724
2687	333	0.02598816
2687	385	0.025278598
2687	348	0.023281612
2687	72	0.022753667
2688	482	0.04156452
2688	910	0.041124437
2688	81	0.040363327
2688	1260	0.035838693
2688	238	0.033653554
2688	317	0.033433326
2688	359	0.03264363
2688	1124	0.032188397
2688	406	0.027729155
2688	79	0.027718812
2689	463	0.048392873
2689	676	0.031573515
2689	466	0.030093234
2689	456	0.029271193
2689	460	0.028099567
2689	459	0.027047887
2689	461	0.024196858
2689	457	0.022284202
2689	261	0.021763636
2689	455	0.021717405
2690	148	0.027729949
2690	463	0.023340726
2690	68	0.021296037
2690	175	0.020144807
2690	306	0.018810155
2690	326	0.018526966
2690	58	0.018270064
2690	66	0.018072084
2690	157	0.018052943
2690	151	0.018043905
2691	53	0.038369976
2691	364	0.03125282
2691	432	0.024281532
2691	177	0.023497703
2691	47	0.021406917
2691	381	0.01958885
2691	175	0.018559331
2691	451	0.018519461
2691	48	0.018459994
2691	429	0.018350055
2692	200	0.025619162
2692	221	0.024250302
2692	164	0.023581969
2692	199	0.021631965
2692	269	0.020821998
2692	421	0.020802332
2692	67	0.020280655
2692	144	0.019881312
2692	403	0.019543372
2692	216	0.019311154
2693	12	0.028802328
2693	75	0.023428006
2693	198	0.022983521
2693	257	0.022623898
2693	121	0.021804567
2693	905	0.021628456
2693	216	0.021327926
2693	961	0.020320447
2693	119	0.019857254
2693	118	0.01946377
2694	463	0.02743493
2694	286	0.026666176
2694	474	0.025777325
2694	58	0.020758906
2694	326	0.02020847
2694	333	0.020163335
2694	587	0.019291626
2694	294	0.018918995
2694	59	0.018427942
2694	1141	0.018426493
2695	66	0.030036703
2695	157	0.028781164
2695	200	0.024957733
2695	68	0.0234895
2695	108	0.022919368
2695	465	0.022859437
2695	378	0.022253318
2695	71	0.022115007
2695	273	0.02194691
2695	36	0.021371908
2696	822	0.030556634
2696	1201	0.020380754
2696	368	0.019389277
2696	256	0.017865347
2696	323	0.01786101
2696	59	0.017693534
2696	333	0.017693404
2696	757	0.017649064
2696	219	0.017563947
2696	700	0.01746814
2697	909	0.029239584
2697	181	0.028877819
2697	292	0.027220437
2697	406	0.027126174
2697	482	0.025022596
2697	400	0.023719417
2697	959	0.023276756
2697	1580	0.023262115
2697	1496	0.022176778
2697	781	0.021713266
2698	286	0.04032851
2698	318	0.028191611
2698	429	0.025303084
2698	142	0.024657669
2698	625	0.024392793
2698	1415	0.023583187
2698	232	0.023580793
2698	1418	0.023369009
2698	1282	0.023194995
2698	703	0.02249464
2699	148	0.034024324
2699	151	0.0305999
2699	68	0.02874162
2699	139	0.026730116
2699	48	0.02611885
2699	71	0.026092043
2699	103	0.026071308
2699	256	0.02510287
2699	381	0.02226369
2699	42	0.022170879
2700	148	0.041110728
2700	103	0.04032447
2700	68	0.03298512
2700	48	0.023598926
2700	72	0.021007497
2700	225	0.018664686
2700	495	0.018643972
2700	719	0.017656779
2700	44	0.016683565
2700	224	0.016674269
2701	806	0.052599993
2701	784	0.036980893
2701	810	0.033494156
2701	750	0.030989436
2701	202	0.026894674
2701	185	0.02245426
2701	768	0.021730045
2701	899	0.019889664
2701	483	0.019230543
2701	421	0.018852843
2702	482	0.028905196
2702	326	0.025726557
2702	406	0.025429362
2702	317	0.025091225
2702	292	0.023746489
2702	909	0.023224138
2702	400	0.023124205
2702	194	0.020869909
2702	625	0.020290725
2702	352	0.020241937
2703	68	0.034467965
2703	381	0.03397922
2703	66	0.03322658
2703	719	0.03243139
2703	139	0.032237012
2703	151	0.03182337
2703	71	0.031509
2703	157	0.031248588
2703	0	0.03008736
2703	680	0.029297752
2704	474	0.023739778
2704	88	0.021828063
2704	337	0.021278411
2704	91	0.02037725
2704	274	0.018269297
2704	795	0.018127464
2704	466	0.01726793
2704	319	0.016938807
2704	373	0.016481211
2704	243	0.0163264
2705	225	0.025879867
2705	88	0.023338612
2705	474	0.021156419
2705	148	0.020851333
2705	223	0.020152142
2705	849	0.019527197
2705	68	0.019188505
2705	172	0.019145977
2705	151	0.01884906
2705	858	0.018454723
2706	181	0.039104883
2706	314	0.031132068
2706	359	0.028238066
2706	347	0.026311478
2706	406	0.025399726
2706	400	0.025248902
2706	482	0.024950566
2706	292	0.023986595
2706	343	0.022745572
2706	362	0.021757118
2707	281	0.04339434
2707	356	0.04288545
2707	142	0.04181091
2707	1376	0.039214905
2707	667	0.035806265
2707	286	0.03435269
2707	326	0.031835627
2707	1049	0.031829976
2707	85	0.031399246
2707	400	0.031156523
2708	71	0.03315814
2708	53	0.028818911
2708	36	0.028498419
2708	157	0.025664998
2708	25	0.024526156
2708	44	0.023852933
2708	221	0.023439765
2708	151	0.02335566
2708	67	0.023280734
2708	164	0.023073014
2709	784	0.021606969
2709	72	0.020172786
2709	194	0.020067353
2709	164	0.019226879
2709	54	0.019209985
2709	53	0.018788492
2709	67	0.018388698
2709	842	0.017680015
2709	251	0.017550576
2709	221	0.017297074
2710	25	0.028754307
2710	47	0.027121995
2710	164	0.027057635
2710	175	0.02534897
2710	64	0.024941891
2710	67	0.022887345
2710	650	0.021910679
2710	10	0.021825176
2710	59	0.020477884
2710	1137	0.020389294
2711	256	0.020809697
2711	651	0.01870361
2711	118	0.017715277
2711	477	0.017595977
2711	68	0.017401634
2711	15	0.016867684
2711	62	0.016533747
2711	596	0.01621183
2711	219	0.016095027
2711	51	0.015735852
2712	740	0.02217817
2712	821	0.020180028
2712	121	0.018204717
2712	264	0.017390916
2712	654	0.017161088
2712	820	0.016918244
2712	84	0.016415998
2712	178	0.016053652
2712	778	0.015837392
2712	177	0.01572707
2713	204	0.027171798
2713	981	0.021791657
2713	1023	0.021552697
2713	168	0.021492394
2713	847	0.021428673
2713	378	0.020914895
2713	184	0.02049799
2713	826	0.018564282
2713	185	0.018390035
2713	1191	0.018252026
2714	292	0.024337437
2714	314	0.023938905
2714	359	0.020646486
2714	306	0.020388937
2714	676	0.019665048
2714	181	0.018890167
2714	482	0.018289635
2714	377	0.018224893
2714	290	0.018013008
2714	334	0.017904233
2715	298	0.02560437
2715	1451	0.020570043
2715	314	0.02048792
2715	463	0.019206215
2715	292	0.01844652
2715	88	0.016852597
2715	1158	0.016495423
2715	518	0.016426357
2715	194	0.016108474
2715	482	0.016059719
2716	750	0.025674837
2716	98	0.024718966
2716	110	0.021838589
2716	378	0.019749405
2716	151	0.01974746
2716	273	0.019580701
2716	157	0.017409524
2716	68	0.017321896
2716	1405	0.017147744
2716	1241	0.0165705
2717	274	0.039474446
2717	331	0.029598499
2717	336	0.025769206
2717	175	0.023936063
2717	157	0.022518078
2717	148	0.021728916
2717	327	0.020951174
2717	47	0.020523487
2717	151	0.018946229
2717	214	0.018649982
2718	219	0.035821646
2718	323	0.03500808
2718	368	0.03414132
2718	346	0.03273327
2718	994	0.032118
2718	452	0.031745363
2718	365	0.029194912
2718	596	0.028888663
2718	924	0.028682595
2718	700	0.028222464
2719	474	0.043760102
2719	641	0.029253962
2719	786	0.025982834
2719	789	0.022711044
2719	498	0.022544319
2719	62	0.021305177
2719	270	0.020840429
2719	876	0.020787258
2719	210	0.019818503
2719	311	0.019692997
2720	346	0.035464406
2720	822	0.0276642
2720	62	0.02671321
2720	201	0.023529591
2720	157	0.023503287
2720	474	0.023137614
2720	256	0.02280654
2720	200	0.02264851
2720	994	0.022583468
2720	108	0.022077389
2721	71	0.038142186
2721	151	0.0378617
2721	157	0.037558638
2721	66	0.03606944
2721	53	0.032193426
2721	72	0.028665036
2721	225	0.026850533
2721	48	0.024184272
2721	144	0.023688829
2721	70	0.02276284
2722	66	0.040390465
2722	151	0.035460945
2722	103	0.028361125
2722	68	0.023821577
2722	139	0.023069762
2722	71	0.018582955
2722	48	0.018504377
2722	381	0.017466938
2722	44	0.01357401
2722	373	0.013339755
2723	612	0.048622213
2723	398	0.04367713
2723	783	0.03927791
2723	422	0.038521897
2723	134	0.038392052
2723	940	0.03738952
2723	1188	0.037030395
2723	775	0.036580935
2723	209	0.03373086
2723	452	0.03349398
2724	68	0.029015547
2724	48	0.026105419
2724	70	0.02583446
2724	71	0.025774237
2724	0	0.024212573
2724	67	0.023686985
2724	42	0.02348548
2724	88	0.023376137
2724	225	0.023330977
2724	25	0.023219543
2725	326	0.030193763
2725	47	0.02981166
2725	36	0.025084235
2725	283	0.023196477
2725	25	0.022103634
2725	142	0.021380937
2725	59	0.0212646
2725	48	0.021103706
2725	42	0.020974956
2725	162	0.020671315
2726	290	0.026938232
2726	143	0.023207027
2726	246	0.02240275
2726	318	0.020832287
2726	774	0.019999383
2726	58	0.019499404
2726	123	0.018707303
2726	166	0.018022213
2726	363	0.01790856
2726	247	0.017904885
2727	15	0.047219355
2727	1188	0.047218986
2727	452	0.046330687
2727	1533	0.04337316
2727	1135	0.04271449
2727	453	0.042444147
2727	209	0.039367113
2727	769	0.037805613
2727	398	0.037023656
2727	1193	0.03678628
2728	201	0.037523646
2728	821	0.033029452
2728	1175	0.030754546
2728	62	0.02940892
2728	535	0.028691983
2728	1443	0.025118588
2728	823	0.024616089
2728	676	0.024158552
2728	1006	0.023071459
2728	1437	0.022978256
2729	1468	0.03383697
2729	1096	0.031535063
2729	1133	0.031372007
2729	81	0.028982524
2729	666	0.028453626
2729	910	0.027939396
2729	743	0.027752789
2729	426	0.026647266
2729	462	0.02599485
2729	1416	0.025567323
2730	440	0.0944658
2730	442	0.094272286
2730	444	0.09147666
2730	438	0.078663826
2730	443	0.076323345
2730	1618	0.05186003
2730	1569	0.038522243
2730	792	0.038430605
2730	297	0.035305362
2730	539	0.034248553
2731	123	0.027788542
2731	54	0.023884125
2731	132	0.023801409
2731	345	0.02225797
2731	53	0.02126158
2731	226	0.020377686
2731	163	0.020188611
2731	166	0.020158079
2731	371	0.018735543
2731	47	0.018635124
2732	47	0.022625826
2732	59	0.020913733
2732	74	0.020127691
2732	58	0.018347409
2732	769	0.018092616
2732	256	0.017062267
2732	298	0.01662402
2732	1516	0.01621944
2732	67	0.016142916
2732	66	0.015598898
2733	67	0.026456714
2733	47	0.025135858
2733	139	0.024946693
2733	71	0.024727378
2733	719	0.02406469
2733	387	0.022914648
2733	109	0.021926774
2733	72	0.021255942
2733	68	0.020804364
2733	259	0.02047411
2734	360	0.047772463
2734	147	0.044413373
2734	273	0.0378559
2734	909	0.024068361
2734	314	0.023840938
2734	518	0.023262847
2734	317	0.022007722
2734	359	0.020258183
2734	408	0.020127786
2734	209	0.020044256
2735	25	0.029496538
2735	381	0.028311653
2735	68	0.026170338
2735	103	0.023538956
2735	163	0.022801755
2735	164	0.022274619
2735	48	0.021985242
2735	157	0.02120299
2735	72	0.020766655
2735	69	0.02029539
2736	970	0.028010976
2736	378	0.023322938
2736	1624	0.022130115
2736	379	0.02151107
2736	306	0.020949915
2736	1356	0.020331776
2736	58	0.020237202
2736	1563	0.019958636
2736	889	0.019260954
2736	56	0.01867444
2737	378	0.03088413
2737	257	0.030518739
2737	74	0.02956237
2737	2	0.024280654
2737	970	0.024275031
2737	164	0.024039058
2737	1193	0.023512611
2737	123	0.021720663
2737	130	0.021449763
2737	15	0.020742971
2738	466	0.043649327
2738	461	0.030265678
2738	36	0.027713953
2738	463	0.02680386
2738	66	0.026320873
2738	348	0.02554982
2738	256	0.02451833
2738	62	0.02383599
2738	474	0.022677287
2738	44	0.020793583
2739	18	0.02626258
2739	144	0.023979615
2739	826	0.02394175
2739	745	0.023406178
2739	185	0.02261142
2739	224	0.02187417
2739	1510	0.020251917
2739	202	0.020134041
2739	3	0.019550607
2739	426	0.019385552
2740	1338	0.019896438
2740	418	0.019664705
2740	419	0.019421598
2740	1514	0.018674072
2740	717	0.018569788
2740	423	0.018399313
2740	1175	0.018317964
2740	204	0.018284773
2740	127	0.01797669
2740	45	0.017765233
2741	384	0.02835236
2741	58	0.027274767
2741	377	0.023390453
2741	123	0.023215367
2741	339	0.021914275
2741	334	0.021163864
2741	166	0.019602418
2741	325	0.018550603
2741	369	0.017978424
2741	335	0.017962683
2742	471	0.028102145
2742	483	0.026536554
2742	409	0.022520328
2742	451	0.020959983
2742	43	0.020650212
2742	432	0.020400386
2742	149	0.020347597
2742	17	0.020133615
2742	370	0.019113185
2742	993	0.016807705
2743	432	0.026487218
2743	177	0.023016565
2743	53	0.022404157
2743	18	0.020912778
2743	252	0.020038359
2743	8	0.019581124
2743	144	0.018964728
2743	475	0.018823398
2743	139	0.017277265
2743	915	0.017040657
2744	402	0.029571487
2744	95	0.023655817
2744	806	0.021440122
2744	108	0.021126203
2744	45	0.020313755
2744	379	0.019738581
2744	802	0.019675136
2744	810	0.019339085
2744	201	0.019108614
2744	387	0.018768126
2745	21	0.018525062
2745	34	0.014925672
2745	32	0.014273887
2745	681	0.014049404
2745	937	0.013795537
2745	31	0.013786851
2745	51	0.0135152275
2745	650	0.013286304
2745	953	0.012910171
2745	648	0.012874869
2746	287	0.03057668
2746	36	0.029835166
2746	29	0.026746366
2746	62	0.026488945
2746	303	0.025363827
2746	372	0.024142008
2746	0	0.023857364
2746	46	0.023355955
2746	719	0.023346767
2746	53	0.02304955
2747	129	0.030764401
2747	21	0.02982642
2747	15	0.029600527
2747	74	0.02605272
2747	1193	0.025198506
2747	67	0.023380792
2747	53	0.022688733
2747	119	0.022306511
2747	1137	0.021723827
2747	257	0.021534113
2748	344	0.020373765
2748	166	0.01973682
2748	13	0.018509887
2748	993	0.01844837
2748	163	0.018273957
2748	1002	0.017905513
2748	345	0.016717466
2748	306	0.016282542
2748	434	0.015445233
2748	384	0.015355947
2749	56	0.046732098
2749	889	0.03386381
2749	1575	0.031204287
2749	1563	0.031004159
2749	826	0.030555725
2749	981	0.029477872
2749	1357	0.029327234
2749	1638	0.029326122
2749	796	0.027849948
2749	65	0.026111739
2750	783	0.05941223
2750	612	0.04679265
2750	394	0.045188665
2750	398	0.04489303
2750	940	0.040986132
2750	104	0.040828552
2750	769	0.04045256
2750	682	0.039460305
2750	865	0.03917526
2750	1529	0.037606318
2751	47	0.031913154
2751	221	0.031857964
2751	381	0.031193104
2751	25	0.03022769
2751	68	0.029645665
2751	72	0.027907502
2751	164	0.027015204
2751	67	0.02682507
2751	157	0.02680804
2751	719	0.026785225
2752	1474	0.050588127
2752	972	0.04691557
2752	835	0.045333784
2752	1360	0.042234514
2752	1090	0.041877937
2752	1513	0.041794956
2752	1608	0.04133406
2752	913	0.041153923
2752	833	0.04099312
2752	851	0.040932234
2753	381	0.032936543
2753	68	0.032063346
2753	25	0.031871617
2753	48	0.03175179
2753	53	0.029797366
2753	151	0.029325817
2753	719	0.028762555
2753	72	0.02868411
2753	157	0.02842851
2753	148	0.028142557
2754	66	0.042806476
2754	273	0.037286893
2754	68	0.033997215
2754	139	0.03267601
2754	147	0.03238821
2754	103	0.031774845
2754	71	0.0296875
2754	59	0.028378313
2754	381	0.02575673
2754	48	0.025193332
2755	92	0.07405527
2755	117	0.05124232
2755	28	0.046129595
2755	1371	0.03543185
2755	124	0.028524613
2755	1557	0.02711422
2755	1350	0.025322609
2755	1636	0.025292382
2755	19	0.023921158
2755	1000	0.02390101
2756	31	0.025663268
2756	271	0.019565983
2756	67	0.018257096
2756	125	0.016421152
2756	46	0.016255757
2756	15	0.016104199
2756	441	0.01607248
2756	59	0.016063904
2756	445	0.015717296
2756	35	0.015101298
2757	725	0.027417017
2757	1437	0.024643421
2757	79	0.02320859
2757	1129	0.021281304
2757	1128	0.020912733
2757	63	0.020793945
2757	609	0.020370264
2757	547	0.020142294
2757	360	0.019373303
2757	987	0.019106507
2758	1230	0.031232147
2758	1282	0.02976316
2758	1145	0.029048918
2758	261	0.027044022
2758	154	0.025161533
2758	384	0.022730373
2758	991	0.022500152
2758	1360	0.022192225
2758	690	0.021726942
2758	123	0.021040821
2759	1292	0.033059865
2759	1177	0.030919358
2759	1303	0.028696889
2759	1481	0.027758623
2759	1392	0.026790796
2759	1323	0.025621518
2759	1474	0.023958568
2759	1181	0.023506138
2759	487	0.023225851
2759	833	0.022449797
2760	181	0.06771363
2760	400	0.061879184
2760	292	0.059218027
2760	194	0.05794422
2760	317	0.055376332
2760	1260	0.048464425
2760	209	0.048154697
2760	298	0.04272048
2760	910	0.027152056
2760	1281	0.02389642
2761	53	0.034162268
2761	139	0.03307607
2761	225	0.032909557
2761	144	0.032626722
2761	29	0.032599002
2761	48	0.032522
2761	103	0.032320485
2761	381	0.032011315
2761	151	0.031333037
2761	157	0.030559175
2762	323	0.04346595
2762	42	0.029159158
2762	44	0.028207028
2762	822	0.027705027
2762	103	0.027560681
2762	68	0.026348302
2762	381	0.025874596
2762	225	0.023911998
2762	0	0.023058744
2762	596	0.022409502
2763	196	0.024649952
2763	53	0.022582335
2763	81	0.02255258
2763	97	0.021046361
2763	987	0.02091489
2763	1064	0.019271675
2763	47	0.01898943
2763	163	0.018172197
2763	149	0.018116355
2763	111	0.017876623
2764	148	0.029900575
2764	51	0.027441036
2764	43	0.026267668
2764	157	0.025058491
2764	151	0.024766356
2764	68	0.021624247
2764	331	0.021236077
2764	36	0.020955347
2764	175	0.02063081
2764	139	0.017185424
2765	384	0.03249973
2765	334	0.02792764
2765	1492	0.022293245
2765	1404	0.02214983
2765	377	0.021291541
2765	734	0.020745914
2765	803	0.020050764
2765	171	0.018827762
2765	1086	0.018715996
2765	379	0.018047577
2766	343	0.044558495
2766	145	0.03676144
2766	281	0.03296523
2766	326	0.0328656
2766	286	0.030419337
2766	916	0.027920274
2766	243	0.027732633
2766	1376	0.025447892
2766	15	0.024742572
2766	363	0.024075247
2767	66	0.034571137
2767	157	0.034294397
2767	151	0.03416018
2767	25	0.027029756
2767	225	0.024310237
2767	72	0.022322848
2767	70	0.02041064
2767	48	0.018159008
2767	719	0.016264966
2767	487	0.01541259
2768	533	0.047074188
2768	817	0.045881614
2768	1144	0.042970598
2768	1417	0.04285902
2768	80	0.039453454
2768	765	0.03676929
2768	253	0.036388382
2768	1158	0.0342243
2768	239	0.033475917
2768	852	0.033030774
2769	981	0.025999695
2769	331	0.023470374
2769	934	0.019769002
2769	826	0.019467276
2769	569	0.018895121
2769	1612	0.018196553
2769	1486	0.017579526
2769	262	0.017452002
2769	717	0.017044753
2769	184	0.016844735
2770	115	0.034715056
2770	414	0.031265322
2770	221	0.028451422
2770	948	0.026450094
2770	204	0.026345998
2770	216	0.024503995
2770	360	0.022484703
2770	1136	0.022057416
2770	200	0.021822434
2770	1019	0.021053871
2771	1633	0.023300895
2771	154	0.022603894
2771	955	0.020951372
2771	238	0.02081319
2771	1145	0.020799624
2771	470	0.020307655
2771	426	0.020089978
2771	482	0.01955259
2771	102	0.019389292
2771	1002	0.019176878
2772	71	0.029122371
2772	68	0.026548933
2772	225	0.025983077
2772	381	0.0249591
2772	148	0.024645085
2772	719	0.024423301
2772	25	0.023895815
2772	66	0.023534926
2772	487	0.022877285
2772	224	0.022160795
2773	216	0.030840756
2773	200	0.030727519
2773	811	0.027018161
2773	784	0.024879385
2773	569	0.02443897
2773	64	0.02296996
2773	802	0.022149647
2773	168	0.020618616
2773	119	0.02040312
2773	45	0.020012606
2774	53	0.028798867
2774	163	0.028413981
2774	148	0.026373016
2774	47	0.02464938
2774	286	0.022365613
2774	48	0.021494724
2774	58	0.020805273
2774	68	0.020520525
2774	157	0.020248469
2774	232	0.02009585
2775	387	0.024924789
2775	306	0.023723006
2775	378	0.021313557
2775	379	0.020365134
2775	970	0.019172905
2775	283	0.018892508
2775	1598	0.017264403
2775	1219	0.016924456
2775	10	0.016250292
2775	1624	0.015897853
2776	216	0.019779624
2776	417	0.017604172
2776	148	0.017193668
2776	175	0.016623128
2776	157	0.015990237
2776	362	0.015624338
2776	221	0.015413526
2776	68	0.014523662
2776	105	0.014431764
2776	464	0.014388662
2777	677	0.026437612
2777	148	0.02402511
2777	36	0.02351742
2777	151	0.021370715
2777	44	0.020885002
2777	463	0.020038532
2777	0	0.01983405
2777	66	0.019780448
2777	68	0.018880205
2777	474	0.017774047
2778	424	0.024108332
2778	379	0.021556122
2778	252	0.02027554
2778	111	0.019984102
2778	132	0.019719074
2778	741	0.01939656
2778	773	0.019104261
2778	243	0.018725011
2778	1113	0.017988278
2778	915	0.017903931
2779	286	0.020780446
2779	463	0.01827766
2779	474	0.017589672
2779	677	0.016319469
2779	306	0.015730642
2779	48	0.015504132
2779	335	0.015407342
2779	290	0.014427744
2779	32	0.013881725
2779	464	0.0137176765
2780	88	0.028763184
2780	463	0.02469872
2780	498	0.021087812
2780	261	0.01791404
2780	1188	0.017768625
2780	641	0.017763792
2780	867	0.01731139
2780	876	0.016851224
2780	1344	0.01617261
2780	311	0.016023409
2781	66	0.04767356
2781	42	0.03853317
2781	68	0.027653437
2781	103	0.027547697
2781	139	0.02484345
2781	225	0.022009226
2781	71	0.020941928
2781	273	0.019201318
2781	381	0.019034848
2781	458	0.018966798
2782	151	0.038633164
2782	44	0.035777763
2782	148	0.03560073
2782	157	0.03506563
2782	68	0.03398749
2782	53	0.03247093
2782	66	0.031519264
2782	381	0.030689176
2782	71	0.029098311
2782	47	0.027222235
2783	139	0.028581107
2783	44	0.024452413
2783	69	0.023589129
2783	175	0.0232408
2783	428	0.0216688
2783	148	0.020148259
2783	226	0.020087948
2783	151	0.01957249
2783	222	0.018822717
2783	157	0.018822175
2784	151	0.04248734
2784	139	0.03618913
2784	103	0.03510828
2784	381	0.033520225
2784	44	0.033435002
2784	225	0.03214789
2784	53	0.03209996
2784	0	0.03134217
2784	72	0.029473806
2784	70	0.029347202
2785	303	0.021861317
2785	331	0.021526514
2785	87	0.021470523
2785	596	0.020847544
2785	874	0.020777723
2785	271	0.020432109
2785	323	0.019894471
2785	56	0.019718317
2785	361	0.01934469
2785	91	0.019120658
2786	1	0.025533076
2786	1556	0.024883425
2786	476	0.024397647
2786	386	0.022872463
2786	629	0.022199256
2786	155	0.022087185
2786	84	0.021006841
2786	341	0.020716535
2786	736	0.02067025
2786	146	0.020443775
2787	200	0.024650356
2787	640	0.021616826
2787	221	0.021416064
2787	47	0.021339692
2787	331	0.021106679
2787	414	0.020720402
2787	1241	0.0201576
2787	616	0.019952385
2787	216	0.019122366
2787	92	0.01871795
2788	157	0.04117955
2788	456	0.03849362
2788	460	0.038370397
2788	459	0.036809966
2788	457	0.033003572
2788	44	0.029406745
2788	42	0.028279971
2788	70	0.028097592
2788	495	0.026422888
2788	53	0.026304666
2789	403	0.030905837
2789	325	0.025489885
2789	847	0.023648398
2789	108	0.021924008
2789	339	0.021241134
2789	148	0.020607835
2789	26	0.019005535
2789	889	0.018462062
2789	1624	0.018269928
2789	110	0.01792524
2790	784	0.032688305
2790	802	0.024056893
2790	216	0.021676838
2790	2	0.020344982
2790	414	0.020324416
2790	144	0.020302715
2790	908	0.019873364
2790	40	0.019352468
2790	129	0.019079594
2790	255	0.018801393
2791	59	0.028838964
2791	139	0.026433485
2791	36	0.025682746
2791	68	0.023980597
2791	175	0.023316694
2791	48	0.022375895
2791	71	0.02126702
2791	44	0.020785572
2791	67	0.020635797
2791	33	0.019533597
2792	94	0.026496012
2792	465	0.025817096
2792	33	0.025427155
2792	123	0.023030818
2792	468	0.020868978
2792	475	0.02079445
2792	326	0.02028517
2792	334	0.019214924
2792	262	0.019101163
2792	47	0.019024283
2793	163	0.028629715
2793	166	0.020698315
2793	59	0.018760756
2793	437	0.016920384
2793	345	0.016749214
2793	470	0.015924202
2793	803	0.015750157
2793	48	0.015355721
2793	47	0.015070359
2793	465	0.01501442
2794	86	0.024975909
2794	889	0.024827225
2794	207	0.024420863
2794	199	0.023033908
2794	186	0.022989742
2794	110	0.022928858
2794	802	0.0228206
2794	0	0.021879274
2794	641	0.020439563
2794	421	0.020186964
2795	1397	0.067939855
2795	1381	0.05791197
2795	1570	0.052746672
2795	510	0.05238478
2795	1291	0.051900767
2795	1036	0.05157643
2795	1282	0.04726692
2795	514	0.046563618
2795	1358	0.04605402
2795	633	0.04555495
2796	625	0.040036216
2796	1265	0.037553314
2796	1572	0.032165438
2796	779	0.028935792
2796	1548	0.028856607
2796	1418	0.028764626
2796	281	0.02784597
2796	1036	0.02708864
2796	302	0.026950736
2796	1180	0.02685018
2797	1188	0.053512868
2797	1135	0.04544124
2797	453	0.0406497
2797	398	0.037234325
2797	209	0.035111394
2797	940	0.03286516
2797	394	0.032265235
2797	1526	0.03128386
2797	1533	0.030428292
2797	865	0.02992594
2798	140	0.02635646
2798	1080	0.023986556
2798	107	0.023621837
2798	97	0.021360273
2798	336	0.020807564
2798	573	0.019982794
2798	265	0.019838616
2798	562	0.019562764
2798	556	0.01851651
2798	483	0.018108344
2799	256	0.035813212
2799	372	0.034451038
2799	333	0.03380659
2799	343	0.029423727
2799	352	0.02903934
2799	32	0.028278673
2799	286	0.026680076
2799	356	0.026174985
2799	142	0.026127977
2799	291	0.025383787
2800	345	0.020478588
2800	10	0.019745886
2800	110	0.019234193
2800	23	0.01850959
2800	290	0.017931
2800	36	0.01700952
2800	166	0.01689996
2800	366	0.016747382
2800	162	0.016502963
2800	774	0.016391212
2801	374	0.025170065
2801	632	0.02410614
2801	373	0.024008555
2801	364	0.023367435
2801	432	0.021866027
2801	362	0.021710133
2801	385	0.021620417
2801	902	0.02029499
2801	177	0.019815426
2801	433	0.019180022
2802	148	0.027892515
2802	175	0.027344773
2802	74	0.02592899
2802	66	0.025078092
2802	25	0.024585668
2802	194	0.0230573
2802	64	0.022099113
2802	181	0.021888832
2802	72	0.021183677
2802	103	0.020851852
2803	378	0.024425454
2803	379	0.021512901
2803	74	0.020140953
2803	306	0.020040752
2803	108	0.019933196
2803	130	0.01878075
2803	344	0.01838703
2803	200	0.017175788
2803	750	0.016896043
2803	260	0.016314428
2804	216	0.03274767
2804	811	0.020895708
2804	72	0.019353447
2804	569	0.018748019
2804	1136	0.018737776
2804	784	0.01781567
2804	144	0.016849041
2804	418	0.016786134
2804	129	0.016669443
2804	75	0.015827017
2805	36	0.02516177
2805	463	0.02503149
2805	72	0.02436336
2805	47	0.023962544
2805	44	0.02382938
2805	48	0.023095993
2805	0	0.022730289
2805	59	0.022133175
2805	88	0.021172378
2805	175	0.021150712
2806	11	0.025390677
2806	1533	0.025306545
2806	763	0.023656433
2806	825	0.020691711
2806	1390	0.02000639
2806	257	0.019994522
2806	1404	0.01997175
2806	1492	0.01962887
2806	1	0.019540763
2806	1130	0.018750897
2807	345	0.025902556
2807	763	0.02289914
2807	22	0.022253094
2807	168	0.017159091
2807	993	0.015233358
2807	693	0.015155147
2807	344	0.015104302
2807	79	0.014568905
2807	673	0.014334451
2807	740	0.01405814
2808	1386	0.02779936
2808	213	0.023899551
2808	1042	0.0224057
2808	535	0.02213031
2808	62	0.021781739
2808	108	0.021754406
2808	210	0.021392439
2808	465	0.020834714
2808	1168	0.020739365
2808	391	0.020535279
2809	61	0.020053964
2809	883	0.019616203
2809	334	0.01893677
2809	58	0.018450899
2809	84	0.018204404
2809	81	0.017595008
2809	345	0.016476955
2809	854	0.014802565
2809	567	0.014775405
2809	814	0.014667302
2810	915	0.037918724
2810	432	0.036308054
2810	908	0.03612494
2810	8	0.032801706
2810	909	0.024408568
2810	181	0.02380367
2810	1205	0.02235069
2810	487	0.022014953
2810	53	0.020857789
2810	785	0.019947782
2811	414	0.025176128
2811	200	0.023599967
2811	221	0.021632385
2811	778	0.020955648
2811	74	0.02017723
2811	119	0.019867156
2811	72	0.019423706
2811	129	0.019288708
2811	204	0.01860465
2811	811	0.017747555
2812	414	0.03481157
2812	397	0.03467982
2812	204	0.024352679
2812	74	0.023738148
2812	331	0.02200347
2812	493	0.02103285
2812	811	0.021022152
2812	569	0.020748133
2812	86	0.018648127
2812	594	0.01753684
2813	81	0.029462753
2813	1450	0.026535766
2813	322	0.023331814
2813	80	0.021923652
2813	1192	0.02175039
2813	264	0.020944363
2813	453	0.020891575
2813	1404	0.019337561
2813	1221	0.019059816
2813	713	0.017987724
2814	693	0.024887221
2814	958	0.02428726
2814	426	0.022432717
2814	237	0.022216506
2814	73	0.021800324
2814	1472	0.021451257
2814	1580	0.02069708
2814	374	0.019631695
2814	168	0.01887113
2814	1056	0.01875132
2815	1023	0.03624754
2815	58	0.034824844
2815	1495	0.027649244
2815	377	0.02734933
2815	426	0.025842426
2815	1197	0.022204101
2815	1447	0.02128706
2815	868	0.020124007
2815	325	0.020051114
2815	123	0.01930214
2816	579	0.03352334
2816	31	0.03204995
2816	414	0.026114425
2816	216	0.025788477
2816	331	0.02057093
2816	72	0.020384185
2816	67	0.019798122
2816	53	0.019523665
2816	441	0.01942056
2816	642	0.018072795
2817	296	0.023317128
2817	334	0.017147047
2817	285	0.016742185
2817	123	0.0165697
2817	854	0.016146263
2817	286	0.015936246
2817	60	0.015688997
2817	276	0.015330652
2817	74	0.015299108
2817	56	0.014906694
2818	1399	0.035155606
2818	739	0.03258554
2818	401	0.03192566
2818	40	0.031697825
2818	1425	0.031322353
2818	1060	0.028656632
2818	418	0.027723476
2818	759	0.027418956
2818	1294	0.026394736
2818	1147	0.026332265
2819	433	0.032344546
2819	835	0.023411885
2819	107	0.022603653
2819	562	0.022026688
2819	26	0.02109074
2819	795	0.020777341
2819	1032	0.02072702
2819	753	0.020478362
2819	481	0.020463638
2819	2	0.019239318
2820	752	0.023277119
2820	529	0.017502751
2820	1204	0.017347783
2820	56	0.016441906
2820	230	0.016405327
2820	432	0.015976833
2820	216	0.015558211
2820	945	0.015450572
2820	22	0.015242125
2820	271	0.014966685
2821	44	0.041279417
2821	151	0.030089626
2821	256	0.029694095
2821	157	0.026356626
2821	0	0.025901498
2821	47	0.024662115
2821	148	0.023662636
2821	139	0.023367882
2821	222	0.022259552
2821	225	0.021536788
2822	783	0.050335325
2822	408	0.048039563
2822	398	0.047753237
2822	453	0.045675036
2822	134	0.0450315
2822	884	0.034687694
2822	98	0.03415085
2822	940	0.034088787
2822	1533	0.0316121
2822	118	0.030760704
2823	1188	0.048339717
2823	452	0.046891388
2823	1135	0.04495359
2823	453	0.043166414
2823	865	0.03844715
2823	394	0.0378581
2823	612	0.0361658
2823	104	0.034781188
2823	134	0.03253772
2823	940	0.030847391
2824	477	0.023192655
2824	256	0.022389537
2824	36	0.021849824
2824	23	0.02169744
2824	412	0.0216518
2824	58	0.020800255
2824	269	0.019999396
2824	24	0.01970952
2824	119	0.019255372
2824	970	0.01878283
2825	662	0.041222747
2825	461	0.029609032
2825	0	0.019864576
2825	1282	0.019773722
2825	1358	0.017254561
2825	669	0.017109627
2825	1032	0.01702643
2825	224	0.016826713
2825	625	0.016666433
2825	42	0.01645035
2826	71	0.02653162
2826	144	0.025432734
2826	109	0.025359526
2826	36	0.025204506
2826	67	0.024779735
2826	0	0.024269728
2826	221	0.024094677
2826	402	0.023854114
2826	129	0.023705862
2826	59	0.023540663
2827	326	0.021619694
2827	33	0.015863238
2827	915	0.015339858
2827	247	0.015276474
2827	205	0.01501297
2827	432	0.014992452
2827	300	0.014767128
2827	64	0.014711942
2827	773	0.014334151
2827	908	0.01426209
2828	346	0.05348007
2828	219	0.049352705
2828	822	0.046331316
2828	323	0.045145415
2828	596	0.044142142
2828	368	0.0427271
2828	365	0.03973015
2828	1201	0.037581164
2828	994	0.03682979
2828	700	0.035993855
2829	123	0.036796004
2829	345	0.03158078
2829	10	0.028948504
2829	384	0.02727371
2829	141	0.024928749
2829	547	0.024376178
2829	249	0.023382636
2829	36	0.022787318
2829	58	0.021890625
2829	149	0.021830974
2830	148	0.024150454
2830	1083	0.023378419
2830	773	0.019771386
2830	18	0.019293213
2830	74	0.019213608
2830	571	0.018897703
2830	257	0.018637242
2830	146	0.018406563
2830	915	0.017893706
2830	1209	0.017618883
2831	103	0.02401728
2831	66	0.023218157
2831	151	0.021688832
2831	139	0.021558981
2831	148	0.021052135
2831	68	0.02049738
2831	97	0.020261493
2831	71	0.018599054
2831	381	0.01837096
2831	173	0.017235946
2832	463	0.02121062
2832	802	0.01870489
2832	768	0.018285468
2832	503	0.016559593
2832	1004	0.016212432
2832	402	0.016206715
2832	1213	0.016046438
2832	1119	0.015561182
2832	751	0.015442825
2832	359	0.015274273
2833	56	0.042692594
2833	889	0.037638724
2833	1370	0.035876665
2833	1575	0.032289848
2833	981	0.032280996
2833	1588	0.03172202
2833	1638	0.031540245
2833	1338	0.029827675
2833	1627	0.02805938
2833	1010	0.027709035
2834	477	0.02823866
2834	171	0.027720667
2834	895	0.024837727
2834	62	0.022448312
2834	269	0.02211435
2834	414	0.021776026
2834	108	0.021273484
2834	348	0.019596584
2834	26	0.019251676
2834	392	0.01903322
2835	476	0.022075638
2835	123	0.021271495
2835	139	0.01822679
2835	48	0.01786042
2835	168	0.017255513
2835	323	0.01644301
2835	334	0.015931228
2835	187	0.015354787
2835	321	0.01531893
2835	318	0.015212973
2836	148	0.039967082
2836	66	0.039308116
2836	71	0.036578164
2836	53	0.031939276
2836	48	0.031235179
2836	72	0.0306719
2836	0	0.02595913
2836	44	0.023886377
2836	144	0.023673344
2836	487	0.023567367
2837	175	0.024831887
2837	331	0.021629194
2837	118	0.018144624
2837	769	0.016618699
2837	555	0.016057692
2837	463	0.015341997
2837	350	0.014713794
2837	225	0.014646861
2837	47	0.014583349
2837	40	0.014442675
2838	58	0.020791117
2838	379	0.020531707
2838	123	0.019447034
2838	334	0.018527612
2838	175	0.016547093
2838	59	0.016372915
2838	923	0.016011054
2838	71	0.015691614
2838	895	0.015506798
2838	1002	0.015284025
2839	256	0.0303844
2839	970	0.030221505
2839	79	0.029772684
2839	306	0.02920608
2839	378	0.027736874
2839	895	0.025528397
2839	333	0.022426862
2839	62	0.018605193
2839	287	0.017513799
2839	1023	0.017326178
2840	11	0.031970162
2840	904	0.029437467
2840	2	0.02813817
2840	652	0.027105972
2840	79	0.026745591
2840	993	0.025791993
2840	843	0.02530767
2840	1193	0.024953945
2840	813	0.024704698
2840	1089	0.024635823
2841	483	0.021953976
2841	414	0.020678818
2841	200	0.020017425
2841	397	0.019787755
2841	216	0.018230084
2841	126	0.016545862
2841	271	0.01631444
2841	61	0.016233237
2841	378	0.015864728
2841	267	0.015678864
2842	35	0.02011409
2842	171	0.018151093
2842	108	0.017310908
2842	109	0.015862122
2842	402	0.014911264
2842	854	0.014857174
2842	216	0.0140720485
2842	115	0.014064598
2842	784	0.013699787
2842	123	0.013446891
2843	579	0.022488821
2843	31	0.02169598
2843	148	0.01831865
2843	103	0.01747971
2843	66	0.017275494
2843	226	0.017070837
2843	381	0.016932836
2843	389	0.01667716
2843	773	0.016480984
2843	71	0.016366025
2844	306	0.030136677
2844	13	0.028304115
2844	344	0.028271629
2844	120	0.026754389
2844	257	0.025512418
2844	409	0.022360059
2844	854	0.022288399
2844	47	0.021838298
2844	738	0.021085864
2844	638	0.020336203
2845	915	0.034982648
2845	773	0.031920344
2845	8	0.028908143
2845	137	0.028516045
2845	785	0.023965964
2845	245	0.02354101
2845	811	0.022966297
2845	911	0.022231538
2845	409	0.021538472
2845	638	0.021523386
2846	1080	0.03346686
2846	97	0.031299762
2846	425	0.028324835
2846	433	0.027391084
2846	1145	0.027233733
2846	1320	0.026120393
2846	1102	0.026020048
2846	389	0.024096297
2846	435	0.023468373
2846	1358	0.023148851
2847	148	0.024687314
2847	1060	0.019376226
2847	157	0.017344771
2847	373	0.016903063
2847	139	0.01635843
2847	151	0.016222069
2847	831	0.016033288
2847	43	0.015739968
2847	226	0.014902093
2847	152	0.014166893
2848	970	0.033511862
2848	292	0.023736011
2848	58	0.022510404
2848	1023	0.021661004
2848	123	0.02153314
2848	318	0.019718604
2848	149	0.01887521
2848	384	0.018629486
2848	339	0.018618984
2848	181	0.018600373
2849	283	0.025025982
2849	286	0.023810858
2849	326	0.019959232
2849	200	0.019086001
2849	95	0.018925475
2849	100	0.01890823
2849	483	0.01854151
2849	414	0.01826182
2849	383	0.017859338
2849	162	0.017615112
2850	1036	0.04286436
2850	1548	0.04172744
2850	1397	0.03817108
2850	1401	0.038021524
2850	1406	0.03687971
2850	302	0.03613235
2850	690	0.03483185
2850	1359	0.034256298
2850	795	0.033381503
2850	1389	0.033263776
2851	1193	0.03616834
2851	257	0.023560863
2851	20	0.022560744
2851	410	0.022311961
2851	908	0.02201613
2851	241	0.021138938
2851	10	0.020052979
2851	15	0.019896684
2851	246	0.019371998
2851	118	0.018989626
2852	323	0.039788168
2852	368	0.032345217
2852	287	0.028363865
2852	346	0.026180152
2852	385	0.025377706
2852	996	0.025350396
2852	700	0.02506827
2852	681	0.024572846
2852	872	0.02421547
2852	201	0.021888562
2853	256	0.03686819
2853	385	0.03460907
2853	62	0.029971175
2853	651	0.025356071
2853	171	0.02484433
2853	58	0.023666643
2853	303	0.02359206
2853	333	0.02326558
2853	87	0.02276742
2853	43	0.02206106
2854	216	0.023658987
2854	714	0.02272207
2854	909	0.02268571
2854	811	0.020079909
2854	314	0.019891536
2854	18	0.019569417
2854	22	0.019352805
2854	42	0.019092273
2854	362	0.018327579
2854	1570	0.018148046
2855	286	0.03575697
2855	94	0.035133194
2855	256	0.031143924
2855	326	0.029488456
2855	142	0.02439115
2855	58	0.024321092
2855	318	0.023314614
2855	175	0.022941107
2855	363	0.022883166
2855	321	0.022607805
2856	775	0.031140791
2856	1193	0.030413242
2856	125	0.03012714
2856	172	0.030042237
2856	783	0.028160535
2856	303	0.027767064
2856	118	0.026159363
2856	372	0.025614507
2856	422	0.022933934
2856	21	0.022848016
2857	112	0.030342741
2857	149	0.024588777
2857	467	0.024039472
2857	385	0.02345175
2857	651	0.02335032
2857	268	0.023252005
2857	1150	0.023064718
2857	386	0.021969406
2857	329	0.021745844
2857	993	0.021739218
2858	408	0.037962686
2858	1135	0.031928286
2858	453	0.03128741
2858	74	0.030345846
2858	209	0.027220523
2858	398	0.026867595
2858	865	0.026349578
2858	404	0.024953568
2858	134	0.024092514
2858	394	0.024066035
2859	1526	0.03483427
2859	1522	0.03125312
2859	325	0.029931698
2859	1236	0.027422141
2859	1188	0.026761081
2859	1135	0.026256103
2859	1006	0.026084615
2859	1536	0.024713539
2859	848	0.024091752
2859	1437	0.024083674
2860	151	0.032393888
2860	66	0.030480267
2860	157	0.030362995
2860	719	0.029955426
2860	273	0.027996486
2860	72	0.027726352
2860	53	0.027630731
2860	70	0.027486283
2860	225	0.026917715
2860	148	0.025625393
2861	402	0.040069867
2861	108	0.030498367
2861	752	0.028648885
2861	256	0.028277649
2861	45	0.024497272
2861	15	0.024373895
2861	806	0.024260683
2861	56	0.022837574
2861	271	0.021979962
2861	185	0.0217757
2862	333	0.032377023
2862	62	0.02791766
2862	201	0.027283873
2862	348	0.02532654
2862	291	0.024934907
2862	303	0.024677001
2862	360	0.024247091
2862	287	0.024223492
2862	372	0.023672007
2862	256	0.023653397
2863	325	0.03641145
2863	1569	0.028784337
2863	1449	0.026744619
2863	416	0.026045773
2863	1612	0.024808321
2863	1447	0.023780024
2863	348	0.022890186
2863	1519	0.02263729
2863	1405	0.022372993
2863	695	0.022037288
2864	151	0.036644265
2864	157	0.033139795
2864	48	0.025339145
2864	68	0.021372534
2864	44	0.020161081
2864	88	0.020041177
2864	103	0.01960137
2864	463	0.019441148
2864	42	0.01808209
2864	97	0.017696401
2865	59	0.02755082
2865	1188	0.026703011
2865	256	0.02594466
2865	25	0.024720954
2865	452	0.024583487
2865	769	0.022273138
2865	225	0.021273829
2865	385	0.021242412
2865	71	0.021199532
2865	67	0.020917846
2866	414	0.026532754
2866	36	0.024208123
2866	74	0.02417719
2866	72	0.023850571
2866	842	0.023245685
2866	164	0.022759587
2866	67	0.022489816
2866	59	0.022122309
2866	719	0.021857988
2866	45	0.021772914
2867	460	0.030593377
2867	662	0.028643824
2867	455	0.027816324
2867	459	0.027242033
2867	461	0.024014007
2867	457	0.022054026
2867	1158	0.021651132
2867	1051	0.020788126
2867	795	0.020593643
2867	788	0.019985702
2868	151	0.030326473
2868	157	0.029098937
2868	1060	0.021980999
2868	103	0.017682344
2868	36	0.016758777
2868	68	0.016224856
2868	831	0.01612887
2868	390	0.015436543
2868	322	0.015353923
2868	200	0.015199383
2869	345	0.024438212
2869	1194	0.023927089
2869	200	0.02160098
2869	123	0.021344122
2869	141	0.021258686
2869	108	0.020901185
2869	94	0.018081313
2869	290	0.017520068
2869	33	0.01726276
2869	379	0.017211672
2870	1348	0.029623134
2870	48	0.028207723
2870	289	0.024013922
2870	564	0.022577755
2870	66	0.022330338
2870	362	0.020158434
2870	103	0.019797929
2870	52	0.019301094
2870	792	0.018675
2870	874	0.017676363
2871	119	0.03196577
2871	121	0.02933569
2871	113	0.027622163
2871	778	0.024636261
2871	713	0.022383362
2871	216	0.021621896
2871	1444	0.021541612
2871	460	0.021086914
2871	205	0.020871216
2871	135	0.020551624
2872	47	0.02310451
2872	1137	0.022229226
2872	854	0.021145886
2872	378	0.019099457
2872	970	0.018679425
2872	1163	0.018422045
2872	344	0.017982962
2872	817	0.01753908
2872	120	0.015897607
2872	88	0.01573012
2873	23	0.059119523
2873	92	0.05908103
2873	1615	0.056428745
2873	1491	0.047676444
2873	28	0.04048
2873	1557	0.027025905
2873	19	0.025933102
2873	124	0.022526527
2873	1296	0.021469923
2873	1371	0.020877503
2874	344	0.039649412
2874	58	0.031756382
2874	130	0.025533805
2874	379	0.02411335
2874	14	0.02319328
2874	325	0.021708542
2874	895	0.02148531
2874	10	0.020929178
2874	149	0.020898366
2874	889	0.020166537
2875	579	0.032226402
2875	31	0.031102369
2875	441	0.020370442
2875	445	0.020273345
2875	2	0.019241555
2875	362	0.017677737
2875	331	0.017573629
2875	446	0.017480316
2875	1137	0.017006481
2875	440	0.016024968
2876	1175	0.030162483
2876	397	0.029474022
2876	1086	0.025941493
2876	822	0.025646137
2876	949	0.024992933
2876	752	0.024174012
2876	412	0.0231907
2876	821	0.023053985
2876	91	0.022989862
2876	303	0.022497602
2877	1587	0.02559572
2877	827	0.024783773
2877	983	0.022865243
2877	975	0.022848357
2877	1018	0.022604318
2877	785	0.02230319
2877	18	0.021444708
2877	432	0.021267977
2877	1234	0.021183977
2877	928	0.021133421
2878	1023	0.033314727
2878	115	0.022825385
2878	344	0.022598881
2878	130	0.0190644
2878	676	0.017797884
2878	256	0.017471494
2878	839	0.015546186
2878	62	0.015351887
2878	1403	0.0150297135
2878	378	0.0146149285
2879	245	0.026823048
2879	1205	0.025983416
2879	432	0.025361486
2879	638	0.024243547
2879	908	0.02335485
2879	915	0.022825673
2879	487	0.02270022
2879	1360	0.022205697
2879	414	0.022151155
2879	481	0.020893408
2880	290	0.028826432
2880	826	0.02501441
2880	56	0.02452468
2880	1575	0.024030847
2880	969	0.023947878
2880	130	0.022031192
2880	1276	0.022016324
2880	1562	0.021844279
2880	1072	0.020879924
2880	1585	0.02032734
2881	66	0.048106305
2881	151	0.038486745
2881	139	0.023128984
2881	381	0.02144649
2881	71	0.021259837
2881	70	0.01762
2881	225	0.0173622
2881	48	0.016526805
2881	643	0.014151767
2881	72	0.013418111
2882	47	0.027742667
2882	23	0.026647301
2882	36	0.026221361
2882	48	0.023264535
2882	269	0.022889417
2882	164	0.022387415
2882	68	0.0216529
2882	0	0.021592742
2882	67	0.021526277
2882	379	0.021473616
2883	175	0.026931025
2883	1282	0.021519894
2883	1265	0.021458965
2883	1622	0.02071319
2883	1356	0.020148972
2883	151	0.019886285
2883	157	0.018839011
2883	304	0.018661061
2883	53	0.01849563
2883	703	0.017652635
2884	1135	0.037945762
2884	1188	0.037237268
2884	452	0.034257572
2884	408	0.032526903
2884	1405	0.030469995
2884	847	0.02742182
2884	1365	0.027315367
2884	1612	0.027042674
2884	1366	0.026606107
2884	1624	0.025810152
2885	193	0.025147391
2885	2	0.02490431
2885	811	0.024163201
2885	414	0.023309994
2885	221	0.022425342
2885	204	0.022377752
2885	22	0.022120034
2885	74	0.022068696
2885	72	0.02182206
2885	254	0.021322168
2886	465	0.025153644
2886	26	0.01841157
2886	712	0.018352892
2886	86	0.018167611
2886	768	0.018148586
2886	108	0.017946653
2886	537	0.017850004
2886	199	0.017154912
2886	337	0.016968569
2886	1426	0.015673803
2887	314	0.03356376
2887	1193	0.031821337
2887	118	0.031206762
2887	408	0.02865561
2887	21	0.026680283
2887	359	0.025859555
2887	73	0.023874555
2887	909	0.023592498
2887	482	0.02338792
2887	317	0.022821823
2888	783	0.020199992
2888	775	0.018206935
2888	422	0.017912377
2888	612	0.01753752
2888	408	0.017408935
2888	398	0.01739578
2888	104	0.017385276
2888	802	0.015900852
2888	134	0.015193836
2888	842	0.015019247
2889	1508	0.0618453
2889	1096	0.057954554
2889	1447	0.042321537
2889	1577	0.034114517
2889	1000	0.033640996
2889	1479	0.032101415
2889	1441	0.02532058
2889	77	0.023954017
2889	718	0.023241261
2889	1399	0.023165107
2890	748	0.028269308
2890	83	0.021484738
2890	1158	0.021177758
2890	73	0.019709727
2890	231	0.018969266
2890	1609	0.018494457
2890	625	0.01844356
2890	166	0.018413084
2890	727	0.018176464
2890	276	0.0181443
2891	75	0.031777937
2891	258	0.027630862
2891	97	0.022413887
2891	564	0.021141343
2891	406	0.021024365
2891	292	0.019889385
2891	1281	0.019809803
2891	909	0.019786932
2891	484	0.019497512
2891	314	0.018930452
2892	157	0.04460817
2892	68	0.035720285
2892	381	0.02947979
2892	139	0.028969564
2892	48	0.022508299
2892	72	0.018225236
2892	643	0.01679934
2892	25	0.0151598565
2892	182	0.014913446
2892	1325	0.0147066675
2893	74	0.032761317
2893	216	0.026728408
2893	200	0.025429964
2893	414	0.023182712
2893	59	0.023081752
2893	148	0.022754146
2893	25	0.022392223
2893	123	0.02027223
2893	71	0.020254849
2893	40	0.020109473
2894	376	0.03198995
2894	1506	0.030238586
2894	1356	0.029006401
2894	229	0.028135153
2894	1579	0.027220428
2894	389	0.026172053
2894	1379	0.025797732
2894	94	0.02527293
2894	1463	0.025075207
2894	795	0.024809483
2895	148	0.045719832
2895	103	0.02635058
2895	68	0.0199375
2895	48	0.019655073
2895	139	0.018467601
2895	44	0.01571568
2895	944	0.015680728
2895	42	0.013967214
2895	540	0.012173353
2895	225	0.012100724
2896	194	0.035139445
2896	125	0.03050875
2896	400	0.030027663
2896	314	0.029794792
2896	406	0.029586708
2896	181	0.027657341
2896	317	0.027569963
2896	482	0.024939433
2896	1050	0.024159875
2896	292	0.023780255
2897	98	0.031336274
2897	104	0.03035434
2897	452	0.03028973
2897	783	0.028643597
2897	453	0.026284494
2897	1135	0.025577264
2897	398	0.024063673
2897	134	0.022725137
2897	334	0.022131475
2897	884	0.021529997
2898	555	0.026083073
2898	981	0.024913196
2898	40	0.024510637
2898	216	0.023243383
2898	75	0.02317188
2898	67	0.023029804
2898	110	0.022247048
2898	269	0.02193248
2898	61	0.02183993
2898	806	0.021613147
2899	132	0.031675573
2899	345	0.025514169
2899	54	0.025062714
2899	379	0.024841268
2899	424	0.024474444
2899	1002	0.024045857
2899	989	0.02402362
2899	377	0.023935152
2899	58	0.023884328
2899	888	0.023065718
2900	1023	0.038979955
2900	194	0.027225783
2900	168	0.022910647
2900	408	0.022382824
2900	181	0.022159155
2900	74	0.021410424
2900	209	0.019899476
2900	359	0.019898782
2900	378	0.019868469
2900	292	0.019760966
2901	75	0.024832467
2901	899	0.024404017
2901	119	0.022327716
2901	74	0.021284338
2901	676	0.021053117
2901	964	0.020358374
2901	1193	0.018693315
2901	118	0.018684655
2901	124	0.0184993
2901	40	0.018247366
2902	306	0.030608686
2902	331	0.02222028
2902	648	0.018830845
2902	74	0.018810684
2902	14	0.018576842
2902	149	0.017430622
2902	13	0.017209386
2902	1450	0.016558485
2902	15	0.016194142
2902	467	0.015677614
2903	1260	0.02929343
2903	482	0.02740738
2903	400	0.027005443
2903	406	0.024765508
2903	292	0.023561584
2903	1184	0.023458684
2903	1442	0.02284024
2903	359	0.022771088
2903	314	0.022739016
2903	1158	0.021403523
2904	391	0.027355297
2904	468	0.025521934
2904	164	0.022563716
2904	43	0.021008877
2904	56	0.020526163
2904	387	0.020461982
2904	379	0.019813934
2904	130	0.019530058
2904	752	0.01950313
2904	171	0.019115368
2905	1556	0.031468455
2905	1608	0.031388056
2905	1304	0.0284427
2905	1033	0.026405698
2905	1373	0.025539562
2905	1557	0.02540064
2905	1245	0.023423504
2905	1345	0.022620723
2905	1516	0.022325385
2905	834	0.021823315
2906	71	0.022310782
2906	103	0.022242492
2906	47	0.021655858
2906	72	0.02082497
2906	164	0.020747976
2906	216	0.019766342
2906	25	0.01930668
2906	144	0.018865757
2906	129	0.018540762
2906	719	0.018493533
2907	216	0.026462888
2907	129	0.023010315
2907	64	0.022648117
2907	18	0.020914054
2907	414	0.020605035
2907	842	0.020557951
2907	144	0.01962711
2907	67	0.019251674
2907	784	0.018714543
2907	94	0.01761397
2908	74	0.029482715
2908	378	0.02739147
2908	410	0.023761196
2908	306	0.021812223
2908	408	0.02118337
2908	10	0.021156581
2908	769	0.021134673
2908	123	0.020526992
2908	257	0.02037839
2908	61	0.019439342
2909	139	0.02795064
2909	175	0.023914002
2909	487	0.021934379
2909	25	0.02042943
2909	72	0.020427788
2909	70	0.02027653
2909	42	0.020253751
2909	223	0.019496704
2909	225	0.01940313
2909	29	0.018700879
2910	1057	0.03575349
2910	281	0.029000247
2910	931	0.027921306
2910	1170	0.027583059
2910	539	0.02676595
2910	145	0.023500536
2910	77	0.023346769
2910	191	0.023234213
2910	667	0.021839121
2910	988	0.021617897
2911	908	0.047331635
2911	8	0.03835157
2911	432	0.038082834
2911	18	0.0327799
2911	1205	0.0308812
2911	350	0.030236922
2911	962	0.0288962
2911	172	0.027760016
2911	571	0.026449995
2911	19	0.024199732
2912	378	0.041839167
2912	344	0.032175004
2912	151	0.018829253
2912	66	0.018823197
2912	157	0.017811269
2912	108	0.017799284
2912	82	0.017361412
2912	768	0.01707441
2912	750	0.01646171
2912	59	0.016105184
2913	117	0.029016737
2913	226	0.027794983
2913	908	0.025465863
2913	152	0.02372563
2913	137	0.02338851
2913	246	0.022175463
2913	424	0.021635236
2913	1210	0.021579884
2913	8	0.019993303
2913	131	0.019894507
2914	276	0.027891034
2914	756	0.025740009
2914	132	0.021370785
2914	250	0.019741872
2914	793	0.019250823
2914	549	0.018152611
2914	81	0.017375465
2914	561	0.017161505
2914	115	0.016617069
2914	541	0.01660795
2915	129	0.025286792
2915	151	0.024245473
2915	66	0.023196602
2915	109	0.022780467
2915	200	0.0226634
2915	36	0.022349022
2915	71	0.021725722
2915	68	0.02116276
2915	110	0.021056077
2915	0	0.020890694
2916	144	0.025759874
2916	383	0.024074879
2916	621	0.023458017
2916	985	0.023084825
2916	224	0.021128545
2916	719	0.020554211
2916	680	0.020057693
2916	381	0.019823542
2916	50	0.019730315
2916	68	0.019366061
2917	33	0.040787704
2917	658	0.038208492
2917	274	0.038200483
2917	43	0.038011096
2917	436	0.032048363
2917	336	0.031104632
2917	477	0.029973827
2917	475	0.029018285
2917	385	0.027499108
2917	1119	0.026538648
2918	48	0.024640316
2918	139	0.023856321
2918	381	0.02133808
2918	42	0.021121016
2918	71	0.020239118
2918	44	0.018161502
2918	225	0.01682515
2918	273	0.016698232
2918	948	0.016173525
2918	690	0.016169805
2919	157	0.0411798
2919	103	0.02501312
2919	68	0.018832961
2919	628	0.017256306
2919	853	0.015757373
2919	1403	0.0154359685
2919	48	0.015395179
2919	1061	0.01463777
2919	261	0.014239307
2919	662	0.01399997
2920	8	0.04806398
2920	915	0.046090152
2920	432	0.042962227
2920	773	0.040968716
2920	1205	0.039166182
2920	571	0.029638318
2920	1340	0.029335495
2920	785	0.028374089
2920	22	0.028021403
2920	350	0.025919039
2921	151	0.025059314
2921	157	0.023945931
2921	66	0.023132129
2921	784	0.022388354
2921	802	0.021892253
2921	45	0.021547927
2921	141	0.021203412
2921	95	0.02072206
2921	842	0.020517867
2921	42	0.019610856
2922	92	0.039173782
2922	23	0.036409955
2922	1615	0.033358477
2922	1435	0.029031632
2922	1491	0.02602882
2922	1556	0.025413187
2922	117	0.025104053
2922	1245	0.021788152
2922	1577	0.019981144
2922	28	0.019952746
2923	139	0.03469349
2923	71	0.031767122
2923	72	0.031509276
2923	68	0.031291194
2923	157	0.03126683
2923	46	0.027807336
2923	719	0.027523803
2923	144	0.027387397
2923	222	0.027213795
2923	784	0.026992211
2924	396	0.032444984
2924	1198	0.023186706
2924	756	0.021366406
2924	987	0.021258
2924	393	0.021099236
2924	1175	0.020694839
2924	831	0.019903675
2924	768	0.019784454
2924	100	0.019448696
2924	399	0.018839223
2925	181	0.030100996
2925	889	0.02733054
2925	359	0.025632096
2925	209	0.025374673
2925	662	0.023911804
2925	456	0.02340301
2925	408	0.021342201
2925	460	0.020751838
2925	459	0.020721352
2925	406	0.019363865
2926	98	0.028534533
2926	325	0.0267199
2926	408	0.026663674
2926	437	0.026489982
2926	774	0.02623504
2926	153	0.023944201
2926	317	0.022691332
2926	310	0.022453567
2926	94	0.022325266
2926	334	0.02214143
2927	58	0.02483322
2927	470	0.023130333
2927	123	0.022802858
2927	163	0.020915017
2927	296	0.020365665
2927	334	0.020234391
2927	437	0.020017592
2927	47	0.019667896
2927	10	0.01905346
2927	370	0.018493325
2928	68	0.04198018
2928	148	0.04109314
2928	139	0.032858383
2928	273	0.03160329
2928	719	0.029842673
2928	25	0.02927771
2928	144	0.028488228
2928	495	0.028453795
2928	70	0.028122373
2928	221	0.028085334
2929	1557	0.0324769
2929	835	0.026115948
2929	746	0.023886228
2929	833	0.023432191
2929	1303	0.023250557
2929	1352	0.022201069
2929	1404	0.022161935
2929	1624	0.021401789
2929	1245	0.020763367
2929	1503	0.020605272
2930	1392	0.061473887
2930	1547	0.05434096
2930	1570	0.047025345
2930	1143	0.04636128
2930	429	0.04471959
2930	1626	0.042983364
2930	1291	0.036732703
2930	836	0.03559806
2930	229	0.033982195
2930	1623	0.031457625
2931	379	0.031711005
2931	19	0.022594044
2931	124	0.022074832
2931	116	0.02172447
2931	923	0.021250393
2931	1003	0.020816041
2931	114	0.01660157
2931	117	0.016565995
2931	640	0.01653032
2931	652	0.01644169
2932	874	0.025392856
2932	335	0.023444556
2932	1225	0.022545855
2932	1	0.021788614
2932	339	0.020500062
2932	14	0.019810265
2932	480	0.018612003
2932	99	0.018573062
2932	853	0.018271318
2932	714	0.017920543
2933	58	0.03591637
2933	286	0.028901784
2933	368	0.028244102
2933	326	0.027083274
2933	290	0.026467796
2933	365	0.026461916
2933	219	0.026289959
2933	377	0.024310976
2933	376	0.023568388
2933	226	0.02318209
2934	43	0.023761299
2934	58	0.023725577
2934	287	0.022558317
2934	385	0.022533363
2934	269	0.022391824
2934	33	0.02169896
2934	256	0.020673452
2934	195	0.020413425
2934	53	0.019239904
2934	23	0.019095903
2935	763	0.023624184
2935	734	0.02228513
2935	367	0.021309655
2935	384	0.01961855
2935	1492	0.01858766
2935	371	0.018500691
2935	379	0.018276539
2935	153	0.018167263
2935	58	0.017433794
2935	196	0.017344175
2936	1023	0.020986535
2936	47	0.020703504
2936	202	0.019573744
2936	756	0.019169165
2936	48	0.018649712
2936	579	0.018322332
2936	109	0.018007724
2936	1191	0.017637216
2936	123	0.017496679
2936	44	0.017490845
2937	168	0.024549387
2937	139	0.024352016
2937	286	0.023586256
2937	175	0.023459865
2937	331	0.021205962
2937	373	0.020219943
2937	162	0.019893376
2937	10	0.018822314
2937	265	0.018224835
2937	326	0.01786502
2938	47	0.026447468
2938	806	0.025367513
2938	25	0.025017492
2938	95	0.024977947
2938	331	0.023793096
2938	402	0.023494925
2938	40	0.023448467
2938	67	0.023223585
2938	802	0.022663124
2938	127	0.022660393
2939	163	0.01879252
2939	148	0.01772863
2939	966	0.016780408
2939	70	0.016766146
2939	847	0.016717613
2939	103	0.016633589
2939	110	0.016219726
2939	104	0.015851714
2939	202	0.01567641
2939	463	0.015481467
2940	118	0.03931241
2940	783	0.027589714
2940	1189	0.026606824
2940	86	0.02514078
2940	775	0.024843452
2940	129	0.023763865
2940	612	0.023249837
2940	422	0.023150463
2940	421	0.020842178
2940	1193	0.02081946
2941	437	0.028080633
2941	468	0.024687786
2941	886	0.022631716
2941	306	0.02241796
2941	693	0.022402287
2941	123	0.022117011
2941	734	0.021540398
2941	141	0.019954724
2941	166	0.019103913
2941	149	0.018886764
2942	422	0.040733464
2942	134	0.040503077
2942	769	0.033670045
2942	398	0.03273857
2942	612	0.032226358
2942	394	0.031145072
2942	104	0.030657122
2942	209	0.028951038
2942	408	0.028601687
2942	865	0.027602859
2943	103	0.04539952
2943	157	0.04475861
2943	68	0.044427395
2943	139	0.03929977
2943	44	0.035334397
2943	53	0.034482528
2943	72	0.03315678
2943	719	0.032045357
2943	428	0.030992774
2943	491	0.03089165
2944	142	0.028565446
2944	290	0.024921386
2944	232	0.02157646
2944	402	0.021260861
2944	127	0.02036915
2944	318	0.019925307
2944	802	0.019297514
2944	143	0.018982636
2944	632	0.018369488
2944	810	0.018218478
2945	414	0.025809012
2945	216	0.023075355
2945	842	0.020451711
2945	221	0.020090848
2945	72	0.019119099
2945	46	0.018674804
2945	331	0.018620702
2945	784	0.01759725
2945	181	0.017377058
2945	287	0.016961219
2946	414	0.029253686
2946	42	0.02708743
2946	68	0.026072673
2946	216	0.026042856
2946	221	0.023559926
2946	139	0.02348767
2946	36	0.023477623
2946	71	0.023077102
2946	103	0.021823227
2946	33	0.020840354
2947	783	0.024136372
2947	775	0.023144826
2947	394	0.021206336
2947	1188	0.021054387
2947	769	0.020923158
2947	104	0.02021559
2947	612	0.020170778
2947	398	0.019883871
2947	865	0.019202517
2947	452	0.018918455
2948	47	0.025254156
2948	123	0.023966378
2948	247	0.023435274
2948	269	0.023183344
2948	241	0.021299904
2948	69	0.019697672
2948	67	0.018592823
2948	29	0.017823802
2948	286	0.017798528
2948	58	0.017795002
2949	477	0.041231725
2949	23	0.035891306
2949	235	0.0328855
2949	55	0.028474266
2949	1581	0.026463225
2949	1615	0.02567134
2949	117	0.024468727
2949	931	0.02422843
2949	379	0.024000756
2949	960	0.021296615
2950	778	0.02804149
2950	555	0.021599153
2950	103	0.020902354
2950	1018	0.02011114
2950	331	0.018701402
2950	1486	0.018551122
2950	832	0.017971724
2950	381	0.017879505
2950	66	0.017436324
2950	224	0.017135847
2951	713	0.018198146
2951	78	0.017735554
2951	191	0.0176541
2951	132	0.017455745
2951	886	0.017112838
2951	168	0.017093163
2951	322	0.016978713
2951	353	0.016873058
2951	133	0.016869605
2951	673	0.016809803
2952	1030	0.014857888
2952	290	0.0142875975
2952	373	0.014001856
2952	312	0.013930461
2952	727	0.013667742
2952	470	0.013394927
2952	321	0.012963238
2952	822	0.012840697
2952	629	0.012608866
2952	111	0.012454294
2953	256	0.03981024
2953	88	0.034919117
2953	474	0.030016575
2953	62	0.027505223
2953	36	0.022894496
2953	201	0.021248313
2953	29	0.020136481
2953	676	0.019326663
2953	225	0.019273868
2953	311	0.018626416
2954	209	0.05794089
2954	453	0.05755024
2954	398	0.046324424
2954	394	0.04247393
2954	1564	0.04241869
2954	865	0.041998893
2954	612	0.040305965
2954	858	0.0389744
2954	940	0.03833323
2954	1533	0.03602143
2955	15	0.049209896
2955	1193	0.04259057
2955	125	0.032520678
2955	408	0.030306367
2955	612	0.02866171
2955	134	0.026378162
2955	422	0.026234332
2955	885	0.025242059
2955	775	0.02475119
2955	783	0.024668042
2956	221	0.023217363
2956	148	0.023207895
2956	72	0.02295316
2956	48	0.022140903
2956	157	0.021994848
2956	31	0.021603584
2956	414	0.021496464
2956	71	0.020168252
2956	216	0.019753952
2956	34	0.019698834
2957	970	0.029361349
2957	306	0.025994426
2957	344	0.025259009
2957	802	0.0230445
2957	123	0.019042213
2957	171	0.018906333
2957	1130	0.018770793
2957	806	0.018305875
2957	1328	0.018224822
2957	831	0.018208966
2958	326	0.033573978
2958	368	0.03343737
2958	365	0.03193499
2958	142	0.031553976
2958	219	0.031386815
2958	318	0.027579367
2958	1201	0.02515449
2958	346	0.02480133
2958	822	0.022856979
2958	58	0.021437246
2959	18	0.028426629
2959	915	0.024780773
2959	53	0.021908436
2959	12	0.021327939
2959	54	0.020909263
2959	908	0.020475097
2959	773	0.020372905
2959	408	0.01961728
2959	22	0.019533249
2959	137	0.01948637
2960	79	0.024439318
2960	108	0.022788022
2960	806	0.022205777
2960	784	0.02181345
2960	774	0.020332064
2960	404	0.019879824
2960	547	0.01977034
2960	147	0.01857287
2960	1004	0.017901426
2960	1193	0.016625319
2961	514	0.038668685
2961	1348	0.02766972
2961	912	0.025122166
2961	258	0.022360872
2961	795	0.020986406
2961	1051	0.019766144
2961	837	0.019683098
2961	466	0.018639129
2961	441	0.01814979
2961	1517	0.018009597
2962	125	0.037921194
2962	1192	0.03068237
2962	1089	0.03051485
2962	652	0.029744199
2962	860	0.029371407
2962	962	0.02909418
2962	118	0.029047491
2962	21	0.02884998
2962	961	0.028477762
2962	329	0.028320897
2963	778	0.020404678
2963	53	0.018873457
2963	74	0.018431084
2963	125	0.018412871
2963	2	0.0180495
2963	413	0.016524818
2963	962	0.015935533
2963	40	0.015872981
2963	1018	0.015767552
2963	419	0.01575628
2964	148	0.036493454
2964	139	0.025291344
2964	68	0.024873594
2964	273	0.023073822
2964	59	0.022742301
2964	71	0.02139889
2964	175	0.02041416
2964	0	0.0202511
2964	47	0.019708522
2964	277	0.018920831
2965	123	0.022039494
2965	345	0.021560093
2965	437	0.020170556
2965	10	0.018657042
2965	335	0.017845366
2965	47	0.017204242
2965	249	0.016897665
2965	989	0.016874097
2965	166	0.016602155
2965	318	0.015733434
2966	802	0.024703069
2966	750	0.022913152
2966	831	0.022633303
2966	1060	0.02224083
2966	806	0.020651191
2966	402	0.019756647
2966	465	0.01842768
2966	810	0.018344719
2966	127	0.01795726
2966	811	0.017501364
2967	1508	0.037700344
2967	1069	0.03556221
2967	56	0.02983909
2967	1372	0.026891956
2967	236	0.026249025
2967	1253	0.02580279
2967	1518	0.024842279
2967	1408	0.024634393
2967	233	0.0240579
2967	1563	0.023018628
2968	989	0.03061286
2968	417	0.025987493
2968	638	0.023203237
2968	23	0.022741605
2968	424	0.021624455
2968	477	0.020578576
2968	379	0.019638192
2968	409	0.019360738
2968	1429	0.0193468
2968	715	0.019244514
2969	1360	0.052637126
2969	1343	0.043112293
2969	514	0.042504545
2969	1379	0.042152643
2969	510	0.04071261
2969	703	0.03614613
2969	1229	0.034127593
2969	549	0.03299153
2969	1318	0.032984566
2969	1384	0.031648003
2970	66	0.03480606
2970	148	0.028107883
2970	88	0.027043361
2970	474	0.025814084
2970	48	0.022498766
2970	498	0.020531453
2970	460	0.019360017
2970	619	0.019018807
2970	433	0.018751113
2970	1516	0.017838186
2971	58	0.025975352
2971	59	0.024465006
2971	412	0.023926768
2971	123	0.021729702
2971	361	0.020818146
2971	385	0.020735245
2971	339	0.020554215
2971	256	0.020142725
2971	149	0.02009297
2971	35	0.020000206
2972	385	0.024508117
2972	651	0.022749916
2972	226	0.020223783
2972	331	0.020143965
2972	387	0.018599365
2972	87	0.01757055
2972	75	0.017507182
2972	43	0.017318415
2972	50	0.017098397
2972	67	0.017064745
2973	1481	0.07572362
2973	1178	0.06639071
2973	1177	0.06617759
2973	1589	0.06524905
2973	1323	0.060685445
2973	1361	0.059914187
2973	1303	0.05958659
2973	1330	0.058889292
2973	740	0.058004707
2973	236	0.05555231
2974	148	0.0407168
2974	157	0.036432445
2974	256	0.03634921
2974	59	0.034623224
2974	408	0.030969612
2974	62	0.02943786
2974	68	0.02779718
2974	1188	0.026965568
2974	452	0.024425654
2974	103	0.024030948
2975	1615	0.058673583
2975	1491	0.04867698
2975	117	0.048434146
2975	1435	0.043943815
2975	28	0.029956361
2975	616	0.02511948
2975	1371	0.023982214
2975	379	0.023689866
2975	124	0.021192644
2975	815	0.020345943
2976	474	0.05087265
2976	463	0.047458313
2976	62	0.02528332
2976	98	0.02368588
2976	339	0.022812968
2976	261	0.01969695
2976	1420	0.01900413
2976	907	0.018627618
2976	311	0.017754437
2976	818	0.017473778
2977	148	0.045338567
2977	66	0.042923786
2977	103	0.0348371
2977	48	0.032716613
2977	68	0.032367084
2977	44	0.027300261
2977	139	0.027255118
2977	381	0.024017202
2977	71	0.023708515
2977	42	0.023706947
2978	402	0.036067408
2978	1429	0.034721784
2978	417	0.02843128
2978	648	0.028051483
2978	45	0.024374211
2978	1460	0.023999983
2978	108	0.023236591
2978	802	0.019611072
2978	989	0.019165237
2978	23	0.018267745
2979	123	0.021831725
2979	61	0.020831075
2979	36	0.01972371
2979	333	0.019122355
2979	269	0.01858742
2979	410	0.018140243
2979	110	0.017716154
2979	270	0.017525924
2979	437	0.01721208
2979	290	0.017032878
2980	36	0.022969287
2980	59	0.02261299
2980	466	0.021682799
2980	202	0.021611242
2980	168	0.020232826
2980	115	0.01780547
2980	339	0.0175643
2980	108	0.017556068
2980	256	0.017019665
2980	455	0.016583635
2981	463	0.035672862
2981	62	0.021318667
2981	123	0.01962883
2981	619	0.019451708
2981	163	0.018888112
2981	1102	0.018353939
2981	298	0.01786029
2981	378	0.017425995
2981	778	0.01643741
2981	970	0.016344467
2982	507	0.029619852
2982	1072	0.028687853
2982	1562	0.028134117
2982	323	0.028068636
2982	1201	0.026926376
2982	856	0.026874918
2982	700	0.026364407
2982	596	0.026032962
2982	346	0.024942355
2982	822	0.024444105
2983	110	0.02025982
2983	1023	0.018351065
2983	200	0.017440213
2983	74	0.016889803
2983	226	0.01651746
2983	318	0.015903223
2983	414	0.015855562
2983	168	0.015477251
2983	142	0.014758928
2983	64	0.014690364
2984	625	0.041646916
2984	1032	0.034987297
2984	373	0.033020586
2984	690	0.031971794
2984	727	0.031005163
2984	1036	0.02991829
2984	632	0.028357135
2984	1359	0.028258806
2984	1572	0.027515465
2984	1579	0.027154079
2985	793	0.020631151
2985	1324	0.019458259
2985	1362	0.019400181
2985	78	0.018702433
2985	306	0.017199166
2985	163	0.016791914
2985	81	0.016766833
2985	194	0.016173493
2985	756	0.016089007
2985	226	0.016010236
